&charge
 q_mul(1,1,0) = 0.69014910296871723
 q_mul(1,1,1) = 1.4591550573617036E-002
 q_mul(1,1,2) = -1.4591550891245498E-002
 q_mul(1,1,3) = 2.2493763012639698E-002
 q_mul(1,2,0) = 4.5059863549096815E-002
 q_mul(1,2,1) = -9.9273615208378251E-003
 q_mul(1,2,2) = 9.9273612680456889E-003
 q_mul(1,2,3) = -1.5303630518532771E-002
 q_mul(1,3,0) = 5.2559647787894201
 q_mul(1,3,1) = 0.95011653594141943
 q_mul(1,3,2) = -0.95011656125393196
 q_mul(1,3,3) = 1.4646622666442015
 q_mul(2,1,0) = 0.65841728498262697
 q_mul(2,1,1) = 7.7089398944730908E-003
 q_mul(2,1,2) = 2.6714304155673083E-002
 q_mul(2,1,3) = -1.4648960245250349E-002
 q_mul(2,2,0) = 5.2535436882344501E-002
 q_mul(2,2,1) = -8.2304358007432507E-003
 q_mul(2,2,2) = -1.0117390818593072E-002
 q_mul(2,2,3) = 1.4544249634698527E-003
 q_mul(2,3,0) = 5.2934604052763525
 q_mul(2,3,1) = 0.44179251025334654
 q_mul(2,3,2) = 1.9232281183012379
 q_mul(2,3,3) = -1.1418616248983342
 q_mul(3,1,0) = 0.65841728412239120
 q_mul(3,1,1) = -2.6714303907585259E-002
 q_mul(3,1,2) = -7.7089403174248365E-003
 q_mul(3,1,3) = -1.4648960330730737E-002
 q_mul(3,2,0) = 5.2535436628714703E-002
 q_mul(3,2,1) = 1.0117390581617453E-002
 q_mul(3,2,2) = 8.2304358084280826E-003
 q_mul(3,2,3) = 1.4544250969477591E-003
 q_mul(3,3,0) = 5.2934604068956768
 q_mul(3,3,1) = -1.9232281082248464
 q_mul(3,3,2) = -0.44179254569836696
 q_mul(3,3,3) = -1.1418616309149450
 rho_net(1,1,1,1) = (0.22487827592893625, 0.0000000000000000)
 rho_net(1,1,1,2) = (0.20761421925004539, 0.0000000000000000)
 rho_net(1,1,1,3) = (5.5995375869795552E-003, 5.5995377079016261E-003)
 rho_net(1,1,1,4) = (5.5995375869795552E-003, -5.5995377079016261E-003)
 rho_net(1,1,2,1) = (0.0000000000000000, 0.0000000000000000)
 rho_net(1,1,2,2) = (0.0000000000000000, 0.0000000000000000)
 rho_net(1,1,2,3) = (0.0000000000000000, 0.0000000000000000)
 rho_net(1,1,2,4) = (0.0000000000000000, 0.0000000000000000)
 rho_net(1,1,3,1) = (0.0000000000000000, 0.0000000000000000)
 rho_net(1,1,3,2) = (0.0000000000000000, 0.0000000000000000)
 rho_net(1,1,3,3) = (0.0000000000000000, 0.0000000000000000)
 rho_net(1,1,3,4) = (0.0000000000000000, 0.0000000000000000)
 rho_net(1,1,4,1) = (0.0000000000000000, 0.0000000000000000)
 rho_net(1,1,4,2) = (0.0000000000000000, 0.0000000000000000)
 rho_net(1,1,4,3) = (0.0000000000000000, 0.0000000000000000)
 rho_net(1,1,4,4) = (0.0000000000000000, 0.0000000000000000)
 rho_net(1,1,5,1) = (0.0000000000000000, 0.0000000000000000)
 rho_net(1,1,5,2) = (0.0000000000000000, 0.0000000000000000)
 rho_net(1,1,5,3) = (0.0000000000000000, 0.0000000000000000)
 rho_net(1,1,5,4) = (0.0000000000000000, 0.0000000000000000)
 rho_net(1,1,6,1) = (0.0000000000000000, 0.0000000000000000)
 rho_net(1,1,6,2) = (0.0000000000000000, 0.0000000000000000)
 rho_net(1,1,6,3) = (0.0000000000000000, 0.0000000000000000)
 rho_net(1,1,6,4) = (0.0000000000000000, 0.0000000000000000)
 rho_net(1,1,7,1) = (0.0000000000000000, 0.0000000000000000)
 rho_net(1,1,7,2) = (0.0000000000000000, 0.0000000000000000)
 rho_net(1,1,7,3) = (0.0000000000000000, 0.0000000000000000)
 rho_net(1,1,7,4) = (0.0000000000000000, 0.0000000000000000)
 rho_net(1,1,8,1) = (0.0000000000000000, 0.0000000000000000)
 rho_net(1,1,8,2) = (0.0000000000000000, 0.0000000000000000)
 rho_net(1,1,8,3) = (0.0000000000000000, 0.0000000000000000)
 rho_net(1,1,8,4) = (0.0000000000000000, 0.0000000000000000)
 rho_net(1,1,9,1) = (0.0000000000000000, 0.0000000000000000)
 rho_net(1,1,9,2) = (0.0000000000000000, 0.0000000000000000)
 rho_net(1,1,9,3) = (0.0000000000000000, 0.0000000000000000)
 rho_net(1,1,9,4) = (0.0000000000000000, 0.0000000000000000)
 rho_net(1,2,1,1) = (0.0000000000000000, 0.0000000000000000)
 rho_net(1,2,1,2) = (0.0000000000000000, 0.0000000000000000)
 rho_net(1,2,1,3) = (0.0000000000000000, 0.0000000000000000)
 rho_net(1,2,1,4) = (0.0000000000000000, 0.0000000000000000)
 rho_net(1,2,2,1) = (1.8884361753401615E-003, 0.0000000000000000)
 rho_net(1,2,2,2) = (1.6013189779951901E-003, 0.0000000000000000)
 rho_net(1,2,2,3) = (9.3125186922056067E-005, 9.3125187318218093E-005)
 rho_net(1,2,2,4) = (9.3125186922056067E-005, -9.3125187318218093E-005)
 rho_net(1,2,3,1) = (0.0000000000000000, 0.0000000000000000)
 rho_net(1,2,3,2) = (0.0000000000000000, 0.0000000000000000)
 rho_net(1,2,3,3) = (0.0000000000000000, 0.0000000000000000)
 rho_net(1,2,3,4) = (0.0000000000000000, 0.0000000000000000)
 rho_net(1,2,4,1) = (0.0000000000000000, 0.0000000000000000)
 rho_net(1,2,4,2) = (0.0000000000000000, 0.0000000000000000)
 rho_net(1,2,4,3) = (0.0000000000000000, 0.0000000000000000)
 rho_net(1,2,4,4) = (0.0000000000000000, 0.0000000000000000)
 rho_net(1,2,5,1) = (0.0000000000000000, 0.0000000000000000)
 rho_net(1,2,5,2) = (0.0000000000000000, 0.0000000000000000)
 rho_net(1,2,5,3) = (0.0000000000000000, 0.0000000000000000)
 rho_net(1,2,5,4) = (0.0000000000000000, 0.0000000000000000)
 rho_net(1,2,6,1) = (0.0000000000000000, 0.0000000000000000)
 rho_net(1,2,6,2) = (0.0000000000000000, 0.0000000000000000)
 rho_net(1,2,6,3) = (0.0000000000000000, 0.0000000000000000)
 rho_net(1,2,6,4) = (0.0000000000000000, 0.0000000000000000)
 rho_net(1,2,7,1) = (0.0000000000000000, 0.0000000000000000)
 rho_net(1,2,7,2) = (0.0000000000000000, 0.0000000000000000)
 rho_net(1,2,7,3) = (0.0000000000000000, 0.0000000000000000)
 rho_net(1,2,7,4) = (0.0000000000000000, 0.0000000000000000)
 rho_net(1,2,8,1) = (0.0000000000000000, 0.0000000000000000)
 rho_net(1,2,8,2) = (0.0000000000000000, 0.0000000000000000)
 rho_net(1,2,8,3) = (0.0000000000000000, 0.0000000000000000)
 rho_net(1,2,8,4) = (0.0000000000000000, 0.0000000000000000)
 rho_net(1,2,9,1) = (0.0000000000000000, 0.0000000000000000)
 rho_net(1,2,9,2) = (0.0000000000000000, 0.0000000000000000)
 rho_net(1,2,9,3) = (0.0000000000000000, 0.0000000000000000)
 rho_net(1,2,9,4) = (0.0000000000000000, 0.0000000000000000)
 rho_net(1,3,1,1) = (0.0000000000000000, 0.0000000000000000)
 rho_net(1,3,1,2) = (0.0000000000000000, 0.0000000000000000)
 rho_net(1,3,1,3) = (0.0000000000000000, 0.0000000000000000)
 rho_net(1,3,1,4) = (0.0000000000000000, 0.0000000000000000)
 rho_net(1,3,2,1) = (0.0000000000000000, 0.0000000000000000)
 rho_net(1,3,2,2) = (0.0000000000000000, 0.0000000000000000)
 rho_net(1,3,2,3) = (0.0000000000000000, 0.0000000000000000)
 rho_net(1,3,2,4) = (0.0000000000000000, 0.0000000000000000)
 rho_net(1,3,3,1) = (1.0600823276146281E-003, 0.0000000000000000)
 rho_net(1,3,3,2) = (6.6152159601479254E-003, 0.0000000000000000)
 rho_net(1,3,3,3) = (-1.8017887282003207E-003, -1.8017886660725384E-003)
 rho_net(1,3,3,4) = (-1.8017887282003207E-003, 1.8017886660725384E-003)
 rho_net(1,3,4,1) = (0.0000000000000000, 0.0000000000000000)
 rho_net(1,3,4,2) = (0.0000000000000000, 0.0000000000000000)
 rho_net(1,3,4,3) = (0.0000000000000000, 0.0000000000000000)
 rho_net(1,3,4,4) = (0.0000000000000000, 0.0000000000000000)
 rho_net(1,3,5,1) = (0.0000000000000000, 0.0000000000000000)
 rho_net(1,3,5,2) = (0.0000000000000000, 0.0000000000000000)
 rho_net(1,3,5,3) = (0.0000000000000000, 0.0000000000000000)
 rho_net(1,3,5,4) = (0.0000000000000000, 0.0000000000000000)
 rho_net(1,3,6,1) = (0.0000000000000000, 0.0000000000000000)
 rho_net(1,3,6,2) = (0.0000000000000000, 0.0000000000000000)
 rho_net(1,3,6,3) = (0.0000000000000000, 0.0000000000000000)
 rho_net(1,3,6,4) = (0.0000000000000000, 0.0000000000000000)
 rho_net(1,3,7,1) = (0.0000000000000000, 0.0000000000000000)
 rho_net(1,3,7,2) = (0.0000000000000000, 0.0000000000000000)
 rho_net(1,3,7,3) = (0.0000000000000000, 0.0000000000000000)
 rho_net(1,3,7,4) = (0.0000000000000000, 0.0000000000000000)
 rho_net(1,3,8,1) = (0.0000000000000000, 0.0000000000000000)
 rho_net(1,3,8,2) = (0.0000000000000000, 0.0000000000000000)
 rho_net(1,3,8,3) = (0.0000000000000000, 0.0000000000000000)
 rho_net(1,3,8,4) = (0.0000000000000000, 0.0000000000000000)
 rho_net(1,3,9,1) = (0.0000000000000000, 0.0000000000000000)
 rho_net(1,3,9,2) = (0.0000000000000000, 0.0000000000000000)
 rho_net(1,3,9,3) = (0.0000000000000000, 0.0000000000000000)
 rho_net(1,3,9,4) = (0.0000000000000000, 0.0000000000000000)
 rho_net(1,4,1,1) = (0.0000000000000000, 0.0000000000000000)
 rho_net(1,4,1,2) = (0.0000000000000000, 0.0000000000000000)
 rho_net(1,4,1,3) = (0.0000000000000000, 0.0000000000000000)
 rho_net(1,4,1,4) = (0.0000000000000000, 0.0000000000000000)
 rho_net(1,4,2,1) = (0.0000000000000000, 0.0000000000000000)
 rho_net(1,4,2,2) = (0.0000000000000000, 0.0000000000000000)
 rho_net(1,4,2,3) = (0.0000000000000000, 0.0000000000000000)
 rho_net(1,4,2,4) = (0.0000000000000000, 0.0000000000000000)
 rho_net(1,4,3,1) = (0.0000000000000000, 0.0000000000000000)
 rho_net(1,4,3,2) = (0.0000000000000000, 0.0000000000000000)
 rho_net(1,4,3,3) = (0.0000000000000000, 0.0000000000000000)
 rho_net(1,4,3,4) = (0.0000000000000000, 0.0000000000000000)
 rho_net(1,4,4,1) = (8.3235554044313139E-005, 0.0000000000000000)
 rho_net(1,4,4,2) = (2.3414599755119028E-004, 0.0000000000000000)
 rho_net(1,4,4,3) = (-4.8947610699989701E-005, -4.8947613125279982E-005)
 rho_net(1,4,4,4) = (-4.8947610699989701E-005, 4.8947613125279982E-005)
 rho_net(1,4,5,1) = (0.0000000000000000, 0.0000000000000000)
 rho_net(1,4,5,2) = (0.0000000000000000, 0.0000000000000000)
 rho_net(1,4,5,3) = (0.0000000000000000, 0.0000000000000000)
 rho_net(1,4,5,4) = (0.0000000000000000, 0.0000000000000000)
 rho_net(1,4,6,1) = (0.0000000000000000, 0.0000000000000000)
 rho_net(1,4,6,2) = (0.0000000000000000, 0.0000000000000000)
 rho_net(1,4,6,3) = (0.0000000000000000, 0.0000000000000000)
 rho_net(1,4,6,4) = (0.0000000000000000, 0.0000000000000000)
 rho_net(1,4,7,1) = (0.0000000000000000, 0.0000000000000000)
 rho_net(1,4,7,2) = (0.0000000000000000, 0.0000000000000000)
 rho_net(1,4,7,3) = (0.0000000000000000, 0.0000000000000000)
 rho_net(1,4,7,4) = (0.0000000000000000, 0.0000000000000000)
 rho_net(1,4,8,1) = (0.0000000000000000, 0.0000000000000000)
 rho_net(1,4,8,2) = (0.0000000000000000, 0.0000000000000000)
 rho_net(1,4,8,3) = (0.0000000000000000, 0.0000000000000000)
 rho_net(1,4,8,4) = (0.0000000000000000, 0.0000000000000000)
 rho_net(1,4,9,1) = (0.0000000000000000, 0.0000000000000000)
 rho_net(1,4,9,2) = (0.0000000000000000, 0.0000000000000000)
 rho_net(1,4,9,3) = (0.0000000000000000, 0.0000000000000000)
 rho_net(1,4,9,4) = (0.0000000000000000, 0.0000000000000000)
 rho_net(1,5,1,1) = (0.0000000000000000, 0.0000000000000000)
 rho_net(1,5,1,2) = (0.0000000000000000, 0.0000000000000000)
 rho_net(1,5,1,3) = (0.0000000000000000, 0.0000000000000000)
 rho_net(1,5,1,4) = (0.0000000000000000, 0.0000000000000000)
 rho_net(1,5,2,1) = (0.0000000000000000, 0.0000000000000000)
 rho_net(1,5,2,2) = (0.0000000000000000, 0.0000000000000000)
 rho_net(1,5,2,3) = (0.0000000000000000, 0.0000000000000000)
 rho_net(1,5,2,4) = (0.0000000000000000, 0.0000000000000000)
 rho_net(1,5,3,1) = (0.0000000000000000, 0.0000000000000000)
 rho_net(1,5,3,2) = (0.0000000000000000, 0.0000000000000000)
 rho_net(1,5,3,3) = (0.0000000000000000, 0.0000000000000000)
 rho_net(1,5,3,4) = (0.0000000000000000, 0.0000000000000000)
 rho_net(1,5,4,1) = (0.0000000000000000, 0.0000000000000000)
 rho_net(1,5,4,2) = (0.0000000000000000, 0.0000000000000000)
 rho_net(1,5,4,3) = (0.0000000000000000, 0.0000000000000000)
 rho_net(1,5,4,4) = (0.0000000000000000, 0.0000000000000000)
 rho_net(1,5,5,1) = (0.66089826208347990, 0.0000000000000000)
 rho_net(1,5,5,2) = (0.50408906467291648, 0.0000000000000000)
 rho_net(1,5,5,3) = (5.0860528381392607E-002, 5.0860529973291109E-002)
 rho_net(1,5,5,4) = (5.0860528381392607E-002, -5.0860529973291109E-002)
 rho_net(1,5,6,1) = (0.0000000000000000, 0.0000000000000000)
 rho_net(1,5,6,2) = (0.0000000000000000, 0.0000000000000000)
 rho_net(1,5,6,3) = (0.0000000000000000, 0.0000000000000000)
 rho_net(1,5,6,4) = (0.0000000000000000, 0.0000000000000000)
 rho_net(1,5,7,1) = (0.0000000000000000, 0.0000000000000000)
 rho_net(1,5,7,2) = (0.0000000000000000, 0.0000000000000000)
 rho_net(1,5,7,3) = (0.0000000000000000, 0.0000000000000000)
 rho_net(1,5,7,4) = (0.0000000000000000, 0.0000000000000000)
 rho_net(1,5,8,1) = (0.0000000000000000, 0.0000000000000000)
 rho_net(1,5,8,2) = (0.0000000000000000, 0.0000000000000000)
 rho_net(1,5,8,3) = (0.0000000000000000, 0.0000000000000000)
 rho_net(1,5,8,4) = (0.0000000000000000, 0.0000000000000000)
 rho_net(1,5,9,1) = (0.0000000000000000, 0.0000000000000000)
 rho_net(1,5,9,2) = (0.0000000000000000, 0.0000000000000000)
 rho_net(1,5,9,3) = (0.0000000000000000, 0.0000000000000000)
 rho_net(1,5,9,4) = (0.0000000000000000, 0.0000000000000000)
 rho_net(1,6,1,1) = (0.0000000000000000, 0.0000000000000000)
 rho_net(1,6,1,2) = (0.0000000000000000, 0.0000000000000000)
 rho_net(1,6,1,3) = (0.0000000000000000, 0.0000000000000000)
 rho_net(1,6,1,4) = (0.0000000000000000, 0.0000000000000000)
 rho_net(1,6,2,1) = (0.0000000000000000, 0.0000000000000000)
 rho_net(1,6,2,2) = (0.0000000000000000, 0.0000000000000000)
 rho_net(1,6,2,3) = (0.0000000000000000, 0.0000000000000000)
 rho_net(1,6,2,4) = (0.0000000000000000, 0.0000000000000000)
 rho_net(1,6,3,1) = (0.0000000000000000, 0.0000000000000000)
 rho_net(1,6,3,2) = (0.0000000000000000, 0.0000000000000000)
 rho_net(1,6,3,3) = (0.0000000000000000, 0.0000000000000000)
 rho_net(1,6,3,4) = (0.0000000000000000, 0.0000000000000000)
 rho_net(1,6,4,1) = (0.0000000000000000, 0.0000000000000000)
 rho_net(1,6,4,2) = (0.0000000000000000, 0.0000000000000000)
 rho_net(1,6,4,3) = (0.0000000000000000, 0.0000000000000000)
 rho_net(1,6,4,4) = (0.0000000000000000, 0.0000000000000000)
 rho_net(1,6,5,1) = (0.0000000000000000, 0.0000000000000000)
 rho_net(1,6,5,2) = (0.0000000000000000, 0.0000000000000000)
 rho_net(1,6,5,3) = (0.0000000000000000, 0.0000000000000000)
 rho_net(1,6,5,4) = (0.0000000000000000, 0.0000000000000000)
 rho_net(1,6,6,1) = (0.71099806418406331, 0.0000000000000000)
 rho_net(1,6,6,2) = (0.39266522909840484, 0.0000000000000000)
 rho_net(1,6,6,3) = (0.10325017031764386, 0.10325017233767673)
 rho_net(1,6,6,4) = (0.10325017031764386, -0.10325017233767673)
 rho_net(1,6,7,1) = (0.0000000000000000, 0.0000000000000000)
 rho_net(1,6,7,2) = (0.0000000000000000, 0.0000000000000000)
 rho_net(1,6,7,3) = (0.0000000000000000, 0.0000000000000000)
 rho_net(1,6,7,4) = (0.0000000000000000, 0.0000000000000000)
 rho_net(1,6,8,1) = (0.0000000000000000, 0.0000000000000000)
 rho_net(1,6,8,2) = (0.0000000000000000, 0.0000000000000000)
 rho_net(1,6,8,3) = (0.0000000000000000, 0.0000000000000000)
 rho_net(1,6,8,4) = (0.0000000000000000, 0.0000000000000000)
 rho_net(1,6,9,1) = (0.0000000000000000, 0.0000000000000000)
 rho_net(1,6,9,2) = (0.0000000000000000, 0.0000000000000000)
 rho_net(1,6,9,3) = (0.0000000000000000, 0.0000000000000000)
 rho_net(1,6,9,4) = (0.0000000000000000, 0.0000000000000000)
 rho_net(1,7,1,1) = (0.0000000000000000, 0.0000000000000000)
 rho_net(1,7,1,2) = (0.0000000000000000, 0.0000000000000000)
 rho_net(1,7,1,3) = (0.0000000000000000, 0.0000000000000000)
 rho_net(1,7,1,4) = (0.0000000000000000, 0.0000000000000000)
 rho_net(1,7,2,1) = (0.0000000000000000, 0.0000000000000000)
 rho_net(1,7,2,2) = (0.0000000000000000, 0.0000000000000000)
 rho_net(1,7,2,3) = (0.0000000000000000, 0.0000000000000000)
 rho_net(1,7,2,4) = (0.0000000000000000, 0.0000000000000000)
 rho_net(1,7,3,1) = (0.0000000000000000, 0.0000000000000000)
 rho_net(1,7,3,2) = (0.0000000000000000, 0.0000000000000000)
 rho_net(1,7,3,3) = (0.0000000000000000, 0.0000000000000000)
 rho_net(1,7,3,4) = (0.0000000000000000, 0.0000000000000000)
 rho_net(1,7,4,1) = (0.0000000000000000, 0.0000000000000000)
 rho_net(1,7,4,2) = (0.0000000000000000, 0.0000000000000000)
 rho_net(1,7,4,3) = (0.0000000000000000, 0.0000000000000000)
 rho_net(1,7,4,4) = (0.0000000000000000, 0.0000000000000000)
 rho_net(1,7,5,1) = (0.0000000000000000, 0.0000000000000000)
 rho_net(1,7,5,2) = (0.0000000000000000, 0.0000000000000000)
 rho_net(1,7,5,3) = (0.0000000000000000, 0.0000000000000000)
 rho_net(1,7,5,4) = (0.0000000000000000, 0.0000000000000000)
 rho_net(1,7,6,1) = (0.0000000000000000, 0.0000000000000000)
 rho_net(1,7,6,2) = (0.0000000000000000, 0.0000000000000000)
 rho_net(1,7,6,3) = (0.0000000000000000, 0.0000000000000000)
 rho_net(1,7,6,4) = (0.0000000000000000, 0.0000000000000000)
 rho_net(1,7,7,1) = (0.54041591414475576, 0.0000000000000000)
 rho_net(1,7,7,2) = (0.29451783826332573, 0.0000000000000000)
 rho_net(1,7,7,3) = (7.9756202312667113E-002, 7.9756203653898378E-002)
 rho_net(1,7,7,4) = (7.9756202312667113E-002, -7.9756203653898378E-002)
 rho_net(1,7,8,1) = (0.0000000000000000, 0.0000000000000000)
 rho_net(1,7,8,2) = (0.0000000000000000, 0.0000000000000000)
 rho_net(1,7,8,3) = (0.0000000000000000, 0.0000000000000000)
 rho_net(1,7,8,4) = (0.0000000000000000, 0.0000000000000000)
 rho_net(1,7,9,1) = (0.0000000000000000, 0.0000000000000000)
 rho_net(1,7,9,2) = (0.0000000000000000, 0.0000000000000000)
 rho_net(1,7,9,3) = (0.0000000000000000, 0.0000000000000000)
 rho_net(1,7,9,4) = (0.0000000000000000, 0.0000000000000000)
 rho_net(1,8,1,1) = (0.0000000000000000, 0.0000000000000000)
 rho_net(1,8,1,2) = (0.0000000000000000, 0.0000000000000000)
 rho_net(1,8,1,3) = (0.0000000000000000, 0.0000000000000000)
 rho_net(1,8,1,4) = (0.0000000000000000, 0.0000000000000000)
 rho_net(1,8,2,1) = (0.0000000000000000, 0.0000000000000000)
 rho_net(1,8,2,2) = (0.0000000000000000, 0.0000000000000000)
 rho_net(1,8,2,3) = (0.0000000000000000, 0.0000000000000000)
 rho_net(1,8,2,4) = (0.0000000000000000, 0.0000000000000000)
 rho_net(1,8,3,1) = (0.0000000000000000, 0.0000000000000000)
 rho_net(1,8,3,2) = (0.0000000000000000, 0.0000000000000000)
 rho_net(1,8,3,3) = (0.0000000000000000, 0.0000000000000000)
 rho_net(1,8,3,4) = (0.0000000000000000, 0.0000000000000000)
 rho_net(1,8,4,1) = (0.0000000000000000, 0.0000000000000000)
 rho_net(1,8,4,2) = (0.0000000000000000, 0.0000000000000000)
 rho_net(1,8,4,3) = (0.0000000000000000, 0.0000000000000000)
 rho_net(1,8,4,4) = (0.0000000000000000, 0.0000000000000000)
 rho_net(1,8,5,1) = (0.0000000000000000, 0.0000000000000000)
 rho_net(1,8,5,2) = (0.0000000000000000, 0.0000000000000000)
 rho_net(1,8,5,3) = (0.0000000000000000, 0.0000000000000000)
 rho_net(1,8,5,4) = (0.0000000000000000, 0.0000000000000000)
 rho_net(1,8,6,1) = (0.0000000000000000, 0.0000000000000000)
 rho_net(1,8,6,2) = (0.0000000000000000, 0.0000000000000000)
 rho_net(1,8,6,3) = (0.0000000000000000, 0.0000000000000000)
 rho_net(1,8,6,4) = (0.0000000000000000, 0.0000000000000000)
 rho_net(1,8,7,1) = (0.0000000000000000, 0.0000000000000000)
 rho_net(1,8,7,2) = (0.0000000000000000, 0.0000000000000000)
 rho_net(1,8,7,3) = (0.0000000000000000, 0.0000000000000000)
 rho_net(1,8,7,4) = (0.0000000000000000, 0.0000000000000000)
 rho_net(1,8,8,1) = (0.55851138349732254, 0.0000000000000000)
 rho_net(1,8,8,2) = (0.26409344387274614, 0.0000000000000000)
 rho_net(1,8,8,3) = (9.5493487493934423E-002, 9.5493489670091844E-002)
 rho_net(1,8,8,4) = (9.5493487493934423E-002, -9.5493489670091844E-002)
 rho_net(1,8,9,1) = (0.0000000000000000, 0.0000000000000000)
 rho_net(1,8,9,2) = (0.0000000000000000, 0.0000000000000000)
 rho_net(1,8,9,3) = (0.0000000000000000, 0.0000000000000000)
 rho_net(1,8,9,4) = (0.0000000000000000, 0.0000000000000000)
 rho_net(1,9,1,1) = (0.0000000000000000, 0.0000000000000000)
 rho_net(1,9,1,2) = (0.0000000000000000, 0.0000000000000000)
 rho_net(1,9,1,3) = (0.0000000000000000, 0.0000000000000000)
 rho_net(1,9,1,4) = (0.0000000000000000, 0.0000000000000000)
 rho_net(1,9,2,1) = (0.0000000000000000, 0.0000000000000000)
 rho_net(1,9,2,2) = (0.0000000000000000, 0.0000000000000000)
 rho_net(1,9,2,3) = (0.0000000000000000, 0.0000000000000000)
 rho_net(1,9,2,4) = (0.0000000000000000, 0.0000000000000000)
 rho_net(1,9,3,1) = (0.0000000000000000, 0.0000000000000000)
 rho_net(1,9,3,2) = (0.0000000000000000, 0.0000000000000000)
 rho_net(1,9,3,3) = (0.0000000000000000, 0.0000000000000000)
 rho_net(1,9,3,4) = (0.0000000000000000, 0.0000000000000000)
 rho_net(1,9,4,1) = (0.0000000000000000, 0.0000000000000000)
 rho_net(1,9,4,2) = (0.0000000000000000, 0.0000000000000000)
 rho_net(1,9,4,3) = (0.0000000000000000, 0.0000000000000000)
 rho_net(1,9,4,4) = (0.0000000000000000, 0.0000000000000000)
 rho_net(1,9,5,1) = (0.0000000000000000, 0.0000000000000000)
 rho_net(1,9,5,2) = (0.0000000000000000, 0.0000000000000000)
 rho_net(1,9,5,3) = (0.0000000000000000, 0.0000000000000000)
 rho_net(1,9,5,4) = (0.0000000000000000, 0.0000000000000000)
 rho_net(1,9,6,1) = (0.0000000000000000, 0.0000000000000000)
 rho_net(1,9,6,2) = (0.0000000000000000, 0.0000000000000000)
 rho_net(1,9,6,3) = (0.0000000000000000, 0.0000000000000000)
 rho_net(1,9,6,4) = (0.0000000000000000, 0.0000000000000000)
 rho_net(1,9,7,1) = (0.0000000000000000, 0.0000000000000000)
 rho_net(1,9,7,2) = (0.0000000000000000, 0.0000000000000000)
 rho_net(1,9,7,3) = (0.0000000000000000, 0.0000000000000000)
 rho_net(1,9,7,4) = (0.0000000000000000, 0.0000000000000000)
 rho_net(1,9,8,1) = (0.0000000000000000, 0.0000000000000000)
 rho_net(1,9,8,2) = (0.0000000000000000, 0.0000000000000000)
 rho_net(1,9,8,3) = (0.0000000000000000, 0.0000000000000000)
 rho_net(1,9,8,4) = (0.0000000000000000, 0.0000000000000000)
 rho_net(1,9,9,1) = (0.72826687389983036, 0.0000000000000000)
 rho_net(1,9,9,2) = (0.26766588680334524, 0.0000000000000000)
 rho_net(1,9,9,3) = (0.14939438498868318, 0.14939439074184638)
 rho_net(1,9,9,4) = (0.14939438498868318, -0.14939439074184638)
 rho_net(2,1,1,1) = (0.20036713991239852, 0.0000000000000000)
 rho_net(2,1,1,2) = (0.21184905915451036, 0.0000000000000000)
 rho_net(2,1,1,3) = (2.9655787092149706E-003, -1.0413822911251126E-002)
 rho_net(2,1,1,4) = (2.9655787092149706E-003, 1.0413822911251126E-002)
 rho_net(2,1,2,1) = (0.0000000000000000, 0.0000000000000000)
 rho_net(2,1,2,2) = (0.0000000000000000, 0.0000000000000000)
 rho_net(2,1,2,3) = (0.0000000000000000, 0.0000000000000000)
 rho_net(2,1,2,4) = (0.0000000000000000, 0.0000000000000000)
 rho_net(2,1,3,1) = (0.0000000000000000, 0.0000000000000000)
 rho_net(2,1,3,2) = (0.0000000000000000, 0.0000000000000000)
 rho_net(2,1,3,3) = (0.0000000000000000, 0.0000000000000000)
 rho_net(2,1,3,4) = (0.0000000000000000, 0.0000000000000000)
 rho_net(2,1,4,1) = (0.0000000000000000, 0.0000000000000000)
 rho_net(2,1,4,2) = (0.0000000000000000, 0.0000000000000000)
 rho_net(2,1,4,3) = (0.0000000000000000, 0.0000000000000000)
 rho_net(2,1,4,4) = (0.0000000000000000, 0.0000000000000000)
 rho_net(2,1,5,1) = (0.0000000000000000, 0.0000000000000000)
 rho_net(2,1,5,2) = (0.0000000000000000, 0.0000000000000000)
 rho_net(2,1,5,3) = (0.0000000000000000, 0.0000000000000000)
 rho_net(2,1,5,4) = (0.0000000000000000, 0.0000000000000000)
 rho_net(2,1,6,1) = (0.0000000000000000, 0.0000000000000000)
 rho_net(2,1,6,2) = (0.0000000000000000, 0.0000000000000000)
 rho_net(2,1,6,3) = (0.0000000000000000, 0.0000000000000000)
 rho_net(2,1,6,4) = (0.0000000000000000, 0.0000000000000000)
 rho_net(2,1,7,1) = (0.0000000000000000, 0.0000000000000000)
 rho_net(2,1,7,2) = (0.0000000000000000, 0.0000000000000000)
 rho_net(2,1,7,3) = (0.0000000000000000, 0.0000000000000000)
 rho_net(2,1,7,4) = (0.0000000000000000, 0.0000000000000000)
 rho_net(2,1,8,1) = (0.0000000000000000, 0.0000000000000000)
 rho_net(2,1,8,2) = (0.0000000000000000, 0.0000000000000000)
 rho_net(2,1,8,3) = (0.0000000000000000, 0.0000000000000000)
 rho_net(2,1,8,4) = (0.0000000000000000, 0.0000000000000000)
 rho_net(2,1,9,1) = (0.0000000000000000, 0.0000000000000000)
 rho_net(2,1,9,2) = (0.0000000000000000, 0.0000000000000000)
 rho_net(2,1,9,3) = (0.0000000000000000, 0.0000000000000000)
 rho_net(2,1,9,4) = (0.0000000000000000, 0.0000000000000000)
 rho_net(2,2,1,1) = (0.0000000000000000, 0.0000000000000000)
 rho_net(2,2,1,2) = (0.0000000000000000, 0.0000000000000000)
 rho_net(2,2,1,3) = (0.0000000000000000, 0.0000000000000000)
 rho_net(2,2,1,4) = (0.0000000000000000, 0.0000000000000000)
 rho_net(2,2,2,1) = (3.1963611117096216E-003, 0.0000000000000000)
 rho_net(2,2,2,2) = (3.3015300877440997E-003, 0.0000000000000000)
 rho_net(2,2,2,3) = (-1.1609206973625219E-003, 1.0926991851012587E-003)
 rho_net(2,2,2,4) = (-1.1609206973625219E-003, -1.0926991851012587E-003)
 rho_net(2,2,3,1) = (0.0000000000000000, 0.0000000000000000)
 rho_net(2,2,3,2) = (0.0000000000000000, 0.0000000000000000)
 rho_net(2,2,3,3) = (0.0000000000000000, 0.0000000000000000)
 rho_net(2,2,3,4) = (0.0000000000000000, 0.0000000000000000)
 rho_net(2,2,4,1) = (0.0000000000000000, 0.0000000000000000)
 rho_net(2,2,4,2) = (0.0000000000000000, 0.0000000000000000)
 rho_net(2,2,4,3) = (0.0000000000000000, 0.0000000000000000)
 rho_net(2,2,4,4) = (0.0000000000000000, 0.0000000000000000)
 rho_net(2,2,5,1) = (0.0000000000000000, 0.0000000000000000)
 rho_net(2,2,5,2) = (0.0000000000000000, 0.0000000000000000)
 rho_net(2,2,5,3) = (0.0000000000000000, 0.0000000000000000)
 rho_net(2,2,5,4) = (0.0000000000000000, 0.0000000000000000)
 rho_net(2,2,6,1) = (0.0000000000000000, 0.0000000000000000)
 rho_net(2,2,6,2) = (0.0000000000000000, 0.0000000000000000)
 rho_net(2,2,6,3) = (0.0000000000000000, 0.0000000000000000)
 rho_net(2,2,6,4) = (0.0000000000000000, 0.0000000000000000)
 rho_net(2,2,7,1) = (0.0000000000000000, 0.0000000000000000)
 rho_net(2,2,7,2) = (0.0000000000000000, 0.0000000000000000)
 rho_net(2,2,7,3) = (0.0000000000000000, 0.0000000000000000)
 rho_net(2,2,7,4) = (0.0000000000000000, 0.0000000000000000)
 rho_net(2,2,8,1) = (0.0000000000000000, 0.0000000000000000)
 rho_net(2,2,8,2) = (0.0000000000000000, 0.0000000000000000)
 rho_net(2,2,8,3) = (0.0000000000000000, 0.0000000000000000)
 rho_net(2,2,8,4) = (0.0000000000000000, 0.0000000000000000)
 rho_net(2,2,9,1) = (0.0000000000000000, 0.0000000000000000)
 rho_net(2,2,9,2) = (0.0000000000000000, 0.0000000000000000)
 rho_net(2,2,9,3) = (0.0000000000000000, 0.0000000000000000)
 rho_net(2,2,9,4) = (0.0000000000000000, 0.0000000000000000)
 rho_net(2,3,1,1) = (0.0000000000000000, 0.0000000000000000)
 rho_net(2,3,1,2) = (0.0000000000000000, 0.0000000000000000)
 rho_net(2,3,1,3) = (0.0000000000000000, 0.0000000000000000)
 rho_net(2,3,1,4) = (0.0000000000000000, 0.0000000000000000)
 rho_net(2,3,2,1) = (0.0000000000000000, 0.0000000000000000)
 rho_net(2,3,2,2) = (0.0000000000000000, 0.0000000000000000)
 rho_net(2,3,2,3) = (0.0000000000000000, 0.0000000000000000)
 rho_net(2,3,2,4) = (0.0000000000000000, 0.0000000000000000)
 rho_net(2,3,3,1) = (2.3249582191065994E-003, 0.0000000000000000)
 rho_net(2,3,3,2) = (2.1785801289099290E-003, 0.0000000000000000)
 rho_net(2,3,3,3) = (-1.5114451478098355E-004, 2.4609875047327574E-004)
 rho_net(2,3,3,4) = (-1.5114451478098355E-004, -2.4609875047327574E-004)
 rho_net(2,3,4,1) = (0.0000000000000000, 0.0000000000000000)
 rho_net(2,3,4,2) = (0.0000000000000000, 0.0000000000000000)
 rho_net(2,3,4,3) = (0.0000000000000000, 0.0000000000000000)
 rho_net(2,3,4,4) = (0.0000000000000000, 0.0000000000000000)
 rho_net(2,3,5,1) = (0.0000000000000000, 0.0000000000000000)
 rho_net(2,3,5,2) = (0.0000000000000000, 0.0000000000000000)
 rho_net(2,3,5,3) = (0.0000000000000000, 0.0000000000000000)
 rho_net(2,3,5,4) = (0.0000000000000000, 0.0000000000000000)
 rho_net(2,3,6,1) = (0.0000000000000000, 0.0000000000000000)
 rho_net(2,3,6,2) = (0.0000000000000000, 0.0000000000000000)
 rho_net(2,3,6,3) = (0.0000000000000000, 0.0000000000000000)
 rho_net(2,3,6,4) = (0.0000000000000000, 0.0000000000000000)
 rho_net(2,3,7,1) = (0.0000000000000000, 0.0000000000000000)
 rho_net(2,3,7,2) = (0.0000000000000000, 0.0000000000000000)
 rho_net(2,3,7,3) = (0.0000000000000000, 0.0000000000000000)
 rho_net(2,3,7,4) = (0.0000000000000000, 0.0000000000000000)
 rho_net(2,3,8,1) = (0.0000000000000000, 0.0000000000000000)
 rho_net(2,3,8,2) = (0.0000000000000000, 0.0000000000000000)
 rho_net(2,3,8,3) = (0.0000000000000000, 0.0000000000000000)
 rho_net(2,3,8,4) = (0.0000000000000000, 0.0000000000000000)
 rho_net(2,3,9,1) = (0.0000000000000000, 0.0000000000000000)
 rho_net(2,3,9,2) = (0.0000000000000000, 0.0000000000000000)
 rho_net(2,3,9,3) = (0.0000000000000000, 0.0000000000000000)
 rho_net(2,3,9,4) = (0.0000000000000000, 0.0000000000000000)
 rho_net(2,4,1,1) = (0.0000000000000000, 0.0000000000000000)
 rho_net(2,4,1,2) = (0.0000000000000000, 0.0000000000000000)
 rho_net(2,4,1,3) = (0.0000000000000000, 0.0000000000000000)
 rho_net(2,4,1,4) = (0.0000000000000000, 0.0000000000000000)
 rho_net(2,4,2,1) = (0.0000000000000000, 0.0000000000000000)
 rho_net(2,4,2,2) = (0.0000000000000000, 0.0000000000000000)
 rho_net(2,4,2,3) = (0.0000000000000000, 0.0000000000000000)
 rho_net(2,4,2,4) = (0.0000000000000000, 0.0000000000000000)
 rho_net(2,4,3,1) = (0.0000000000000000, 0.0000000000000000)
 rho_net(2,4,3,2) = (0.0000000000000000, 0.0000000000000000)
 rho_net(2,4,3,3) = (0.0000000000000000, 0.0000000000000000)
 rho_net(2,4,3,4) = (0.0000000000000000, 0.0000000000000000)
 rho_net(2,4,4,1) = (7.8895206768353206E-004, 0.0000000000000000)
 rho_net(2,4,4,2) = (5.9371676612598860E-004, 0.0000000000000000)
 rho_net(2,4,4,3) = (-1.7980989611151782E-004, 3.0645715875058369E-004)
 rho_net(2,4,4,4) = (-1.7980989611151782E-004, -3.0645715875058369E-004)
 rho_net(2,4,5,1) = (0.0000000000000000, 0.0000000000000000)
 rho_net(2,4,5,2) = (0.0000000000000000, 0.0000000000000000)
 rho_net(2,4,5,3) = (0.0000000000000000, 0.0000000000000000)
 rho_net(2,4,5,4) = (0.0000000000000000, 0.0000000000000000)
 rho_net(2,4,6,1) = (0.0000000000000000, 0.0000000000000000)
 rho_net(2,4,6,2) = (0.0000000000000000, 0.0000000000000000)
 rho_net(2,4,6,3) = (0.0000000000000000, 0.0000000000000000)
 rho_net(2,4,6,4) = (0.0000000000000000, 0.0000000000000000)
 rho_net(2,4,7,1) = (0.0000000000000000, 0.0000000000000000)
 rho_net(2,4,7,2) = (0.0000000000000000, 0.0000000000000000)
 rho_net(2,4,7,3) = (0.0000000000000000, 0.0000000000000000)
 rho_net(2,4,7,4) = (0.0000000000000000, 0.0000000000000000)
 rho_net(2,4,8,1) = (0.0000000000000000, 0.0000000000000000)
 rho_net(2,4,8,2) = (0.0000000000000000, 0.0000000000000000)
 rho_net(2,4,8,3) = (0.0000000000000000, 0.0000000000000000)
 rho_net(2,4,8,4) = (0.0000000000000000, 0.0000000000000000)
 rho_net(2,4,9,1) = (0.0000000000000000, 0.0000000000000000)
 rho_net(2,4,9,2) = (0.0000000000000000, 0.0000000000000000)
 rho_net(2,4,9,3) = (0.0000000000000000, 0.0000000000000000)
 rho_net(2,4,9,4) = (0.0000000000000000, 0.0000000000000000)
 rho_net(2,5,1,1) = (0.0000000000000000, 0.0000000000000000)
 rho_net(2,5,1,2) = (0.0000000000000000, 0.0000000000000000)
 rho_net(2,5,1,3) = (0.0000000000000000, 0.0000000000000000)
 rho_net(2,5,1,4) = (0.0000000000000000, 0.0000000000000000)
 rho_net(2,5,2,1) = (0.0000000000000000, 0.0000000000000000)
 rho_net(2,5,2,2) = (0.0000000000000000, 0.0000000000000000)
 rho_net(2,5,2,3) = (0.0000000000000000, 0.0000000000000000)
 rho_net(2,5,2,4) = (0.0000000000000000, 0.0000000000000000)
 rho_net(2,5,3,1) = (0.0000000000000000, 0.0000000000000000)
 rho_net(2,5,3,2) = (0.0000000000000000, 0.0000000000000000)
 rho_net(2,5,3,3) = (0.0000000000000000, 0.0000000000000000)
 rho_net(2,5,3,4) = (0.0000000000000000, 0.0000000000000000)
 rho_net(2,5,4,1) = (0.0000000000000000, 0.0000000000000000)
 rho_net(2,5,4,2) = (0.0000000000000000, 0.0000000000000000)
 rho_net(2,5,4,3) = (0.0000000000000000, 0.0000000000000000)
 rho_net(2,5,4,4) = (0.0000000000000000, 0.0000000000000000)
 rho_net(2,5,5,1) = (0.39510010192641631, 0.0000000000000000)
 rho_net(2,5,5,2) = (0.67248300808558803, 0.0000000000000000)
 rho_net(2,5,5,3) = (1.8075473674027304E-002, -0.19801182795472164)
 rho_net(2,5,5,4) = (1.8075473674027304E-002, 0.19801182795472164)
 rho_net(2,5,6,1) = (0.0000000000000000, 0.0000000000000000)
 rho_net(2,5,6,2) = (0.0000000000000000, 0.0000000000000000)
 rho_net(2,5,6,3) = (0.0000000000000000, 0.0000000000000000)
 rho_net(2,5,6,4) = (0.0000000000000000, 0.0000000000000000)
 rho_net(2,5,7,1) = (0.0000000000000000, 0.0000000000000000)
 rho_net(2,5,7,2) = (0.0000000000000000, 0.0000000000000000)
 rho_net(2,5,7,3) = (0.0000000000000000, 0.0000000000000000)
 rho_net(2,5,7,4) = (0.0000000000000000, 0.0000000000000000)
 rho_net(2,5,8,1) = (0.0000000000000000, 0.0000000000000000)
 rho_net(2,5,8,2) = (0.0000000000000000, 0.0000000000000000)
 rho_net(2,5,8,3) = (0.0000000000000000, 0.0000000000000000)
 rho_net(2,5,8,4) = (0.0000000000000000, 0.0000000000000000)
 rho_net(2,5,9,1) = (0.0000000000000000, 0.0000000000000000)
 rho_net(2,5,9,2) = (0.0000000000000000, 0.0000000000000000)
 rho_net(2,5,9,3) = (0.0000000000000000, 0.0000000000000000)
 rho_net(2,5,9,4) = (0.0000000000000000, 0.0000000000000000)
 rho_net(2,6,1,1) = (0.0000000000000000, 0.0000000000000000)
 rho_net(2,6,1,2) = (0.0000000000000000, 0.0000000000000000)
 rho_net(2,6,1,3) = (0.0000000000000000, 0.0000000000000000)
 rho_net(2,6,1,4) = (0.0000000000000000, 0.0000000000000000)
 rho_net(2,6,2,1) = (0.0000000000000000, 0.0000000000000000)
 rho_net(2,6,2,2) = (0.0000000000000000, 0.0000000000000000)
 rho_net(2,6,2,3) = (0.0000000000000000, 0.0000000000000000)
 rho_net(2,6,2,4) = (0.0000000000000000, 0.0000000000000000)
 rho_net(2,6,3,1) = (0.0000000000000000, 0.0000000000000000)
 rho_net(2,6,3,2) = (0.0000000000000000, 0.0000000000000000)
 rho_net(2,6,3,3) = (0.0000000000000000, 0.0000000000000000)
 rho_net(2,6,3,4) = (0.0000000000000000, 0.0000000000000000)
 rho_net(2,6,4,1) = (0.0000000000000000, 0.0000000000000000)
 rho_net(2,6,4,2) = (0.0000000000000000, 0.0000000000000000)
 rho_net(2,6,4,3) = (0.0000000000000000, 0.0000000000000000)
 rho_net(2,6,4,4) = (0.0000000000000000, 0.0000000000000000)
 rho_net(2,6,5,1) = (0.0000000000000000, 0.0000000000000000)
 rho_net(2,6,5,2) = (0.0000000000000000, 0.0000000000000000)
 rho_net(2,6,5,3) = (0.0000000000000000, 0.0000000000000000)
 rho_net(2,6,5,4) = (0.0000000000000000, 0.0000000000000000)
 rho_net(2,6,6,1) = (0.39611669861210280, 0.0000000000000000)
 rho_net(2,6,6,2) = (0.46406280936110850, 0.0000000000000000)
 rho_net(2,6,6,3) = (0.11768943040505331, -0.16176561488341470)
 rho_net(2,6,6,4) = (0.11768943040505331, 0.16176561488341470)
 rho_net(2,6,7,1) = (0.0000000000000000, 0.0000000000000000)
 rho_net(2,6,7,2) = (0.0000000000000000, 0.0000000000000000)
 rho_net(2,6,7,3) = (0.0000000000000000, 0.0000000000000000)
 rho_net(2,6,7,4) = (0.0000000000000000, 0.0000000000000000)
 rho_net(2,6,8,1) = (0.0000000000000000, 0.0000000000000000)
 rho_net(2,6,8,2) = (0.0000000000000000, 0.0000000000000000)
 rho_net(2,6,8,3) = (0.0000000000000000, 0.0000000000000000)
 rho_net(2,6,8,4) = (0.0000000000000000, 0.0000000000000000)
 rho_net(2,6,9,1) = (0.0000000000000000, 0.0000000000000000)
 rho_net(2,6,9,2) = (0.0000000000000000, 0.0000000000000000)
 rho_net(2,6,9,3) = (0.0000000000000000, 0.0000000000000000)
 rho_net(2,6,9,4) = (0.0000000000000000, 0.0000000000000000)
 rho_net(2,7,1,1) = (0.0000000000000000, 0.0000000000000000)
 rho_net(2,7,1,2) = (0.0000000000000000, 0.0000000000000000)
 rho_net(2,7,1,3) = (0.0000000000000000, 0.0000000000000000)
 rho_net(2,7,1,4) = (0.0000000000000000, 0.0000000000000000)
 rho_net(2,7,2,1) = (0.0000000000000000, 0.0000000000000000)
 rho_net(2,7,2,2) = (0.0000000000000000, 0.0000000000000000)
 rho_net(2,7,2,3) = (0.0000000000000000, 0.0000000000000000)
 rho_net(2,7,2,4) = (0.0000000000000000, 0.0000000000000000)
 rho_net(2,7,3,1) = (0.0000000000000000, 0.0000000000000000)
 rho_net(2,7,3,2) = (0.0000000000000000, 0.0000000000000000)
 rho_net(2,7,3,3) = (0.0000000000000000, 0.0000000000000000)
 rho_net(2,7,3,4) = (0.0000000000000000, 0.0000000000000000)
 rho_net(2,7,4,1) = (0.0000000000000000, 0.0000000000000000)
 rho_net(2,7,4,2) = (0.0000000000000000, 0.0000000000000000)
 rho_net(2,7,4,3) = (0.0000000000000000, 0.0000000000000000)
 rho_net(2,7,4,4) = (0.0000000000000000, 0.0000000000000000)
 rho_net(2,7,5,1) = (0.0000000000000000, 0.0000000000000000)
 rho_net(2,7,5,2) = (0.0000000000000000, 0.0000000000000000)
 rho_net(2,7,5,3) = (0.0000000000000000, 0.0000000000000000)
 rho_net(2,7,5,4) = (0.0000000000000000, 0.0000000000000000)
 rho_net(2,7,6,1) = (0.0000000000000000, 0.0000000000000000)
 rho_net(2,7,6,2) = (0.0000000000000000, 0.0000000000000000)
 rho_net(2,7,6,3) = (0.0000000000000000, 0.0000000000000000)
 rho_net(2,7,6,4) = (0.0000000000000000, 0.0000000000000000)
 rho_net(2,7,7,1) = (0.35961880611240293, 0.0000000000000000)
 rho_net(2,7,7,2) = (0.62004089751616198, 0.0000000000000000)
 rho_net(2,7,7,3) = (3.3990911089956041E-003, -0.17233313172895715)
 rho_net(2,7,7,4) = (3.3990911089956041E-003, 0.17233313172895715)
 rho_net(2,7,8,1) = (0.0000000000000000, 0.0000000000000000)
 rho_net(2,7,8,2) = (0.0000000000000000, 0.0000000000000000)
 rho_net(2,7,8,3) = (0.0000000000000000, 0.0000000000000000)
 rho_net(2,7,8,4) = (0.0000000000000000, 0.0000000000000000)
 rho_net(2,7,9,1) = (0.0000000000000000, 0.0000000000000000)
 rho_net(2,7,9,2) = (0.0000000000000000, 0.0000000000000000)
 rho_net(2,7,9,3) = (0.0000000000000000, 0.0000000000000000)
 rho_net(2,7,9,4) = (0.0000000000000000, 0.0000000000000000)
 rho_net(2,8,1,1) = (0.0000000000000000, 0.0000000000000000)
 rho_net(2,8,1,2) = (0.0000000000000000, 0.0000000000000000)
 rho_net(2,8,1,3) = (0.0000000000000000, 0.0000000000000000)
 rho_net(2,8,1,4) = (0.0000000000000000, 0.0000000000000000)
 rho_net(2,8,2,1) = (0.0000000000000000, 0.0000000000000000)
 rho_net(2,8,2,2) = (0.0000000000000000, 0.0000000000000000)
 rho_net(2,8,2,3) = (0.0000000000000000, 0.0000000000000000)
 rho_net(2,8,2,4) = (0.0000000000000000, 0.0000000000000000)
 rho_net(2,8,3,1) = (0.0000000000000000, 0.0000000000000000)
 rho_net(2,8,3,2) = (0.0000000000000000, 0.0000000000000000)
 rho_net(2,8,3,3) = (0.0000000000000000, 0.0000000000000000)
 rho_net(2,8,3,4) = (0.0000000000000000, 0.0000000000000000)
 rho_net(2,8,4,1) = (0.0000000000000000, 0.0000000000000000)
 rho_net(2,8,4,2) = (0.0000000000000000, 0.0000000000000000)
 rho_net(2,8,4,3) = (0.0000000000000000, 0.0000000000000000)
 rho_net(2,8,4,4) = (0.0000000000000000, 0.0000000000000000)
 rho_net(2,8,5,1) = (0.0000000000000000, 0.0000000000000000)
 rho_net(2,8,5,2) = (0.0000000000000000, 0.0000000000000000)
 rho_net(2,8,5,3) = (0.0000000000000000, 0.0000000000000000)
 rho_net(2,8,5,4) = (0.0000000000000000, 0.0000000000000000)
 rho_net(2,8,6,1) = (0.0000000000000000, 0.0000000000000000)
 rho_net(2,8,6,2) = (0.0000000000000000, 0.0000000000000000)
 rho_net(2,8,6,3) = (0.0000000000000000, 0.0000000000000000)
 rho_net(2,8,6,4) = (0.0000000000000000, 0.0000000000000000)
 rho_net(2,8,7,1) = (0.0000000000000000, 0.0000000000000000)
 rho_net(2,8,7,2) = (0.0000000000000000, 0.0000000000000000)
 rho_net(2,8,7,3) = (0.0000000000000000, 0.0000000000000000)
 rho_net(2,8,7,4) = (0.0000000000000000, 0.0000000000000000)
 rho_net(2,8,8,1) = (0.43468320866966087, 0.0000000000000000)
 rho_net(2,8,8,2) = (0.60847443048293104, 0.0000000000000000)
 rho_net(2,8,8,3) = (2.3783577607184914E-002, -0.13652073776927126)
 rho_net(2,8,8,4) = (2.3783577607184914E-002, 0.13652073776927126)
 rho_net(2,8,9,1) = (0.0000000000000000, 0.0000000000000000)
 rho_net(2,8,9,2) = (0.0000000000000000, 0.0000000000000000)
 rho_net(2,8,9,3) = (0.0000000000000000, 0.0000000000000000)
 rho_net(2,8,9,4) = (0.0000000000000000, 0.0000000000000000)
 rho_net(2,9,1,1) = (0.0000000000000000, 0.0000000000000000)
 rho_net(2,9,1,2) = (0.0000000000000000, 0.0000000000000000)
 rho_net(2,9,1,3) = (0.0000000000000000, 0.0000000000000000)
 rho_net(2,9,1,4) = (0.0000000000000000, 0.0000000000000000)
 rho_net(2,9,2,1) = (0.0000000000000000, 0.0000000000000000)
 rho_net(2,9,2,2) = (0.0000000000000000, 0.0000000000000000)
 rho_net(2,9,2,3) = (0.0000000000000000, 0.0000000000000000)
 rho_net(2,9,2,4) = (0.0000000000000000, 0.0000000000000000)
 rho_net(2,9,3,1) = (0.0000000000000000, 0.0000000000000000)
 rho_net(2,9,3,2) = (0.0000000000000000, 0.0000000000000000)
 rho_net(2,9,3,3) = (0.0000000000000000, 0.0000000000000000)
 rho_net(2,9,3,4) = (0.0000000000000000, 0.0000000000000000)
 rho_net(2,9,4,1) = (0.0000000000000000, 0.0000000000000000)
 rho_net(2,9,4,2) = (0.0000000000000000, 0.0000000000000000)
 rho_net(2,9,4,3) = (0.0000000000000000, 0.0000000000000000)
 rho_net(2,9,4,4) = (0.0000000000000000, 0.0000000000000000)
 rho_net(2,9,5,1) = (0.0000000000000000, 0.0000000000000000)
 rho_net(2,9,5,2) = (0.0000000000000000, 0.0000000000000000)
 rho_net(2,9,5,3) = (0.0000000000000000, 0.0000000000000000)
 rho_net(2,9,5,4) = (0.0000000000000000, 0.0000000000000000)
 rho_net(2,9,6,1) = (0.0000000000000000, 0.0000000000000000)
 rho_net(2,9,6,2) = (0.0000000000000000, 0.0000000000000000)
 rho_net(2,9,6,3) = (0.0000000000000000, 0.0000000000000000)
 rho_net(2,9,6,4) = (0.0000000000000000, 0.0000000000000000)
 rho_net(2,9,7,1) = (0.0000000000000000, 0.0000000000000000)
 rho_net(2,9,7,2) = (0.0000000000000000, 0.0000000000000000)
 rho_net(2,9,7,3) = (0.0000000000000000, 0.0000000000000000)
 rho_net(2,9,7,4) = (0.0000000000000000, 0.0000000000000000)
 rho_net(2,9,8,1) = (0.0000000000000000, 0.0000000000000000)
 rho_net(2,9,8,2) = (0.0000000000000000, 0.0000000000000000)
 rho_net(2,9,8,3) = (0.0000000000000000, 0.0000000000000000)
 rho_net(2,9,8,4) = (0.0000000000000000, 0.0000000000000000)
 rho_net(2,9,9,1) = (0.33366834082630054, 0.0000000000000000)
 rho_net(2,9,9,2) = (0.71197391144434174, 0.0000000000000000)
 rho_net(2,9,9,3) = (5.8729966865293110E-002, -0.30413421769707821)
 rho_net(2,9,9,4) = (5.8729966865293110E-002, 0.30413421769707821)
 rho_net(3,1,1,1) = (0.20036713950252821, 0.0000000000000000)
 rho_net(3,1,1,2) = (0.21184905880002985, 0.0000000000000000)
 rho_net(3,1,1,3) = (-1.0413822804839816E-002, 2.9655788703898652E-003)
 rho_net(3,1,1,4) = (-1.0413822804839816E-002, -2.9655788703898652E-003)
 rho_net(3,1,2,1) = (0.0000000000000000, 0.0000000000000000)
 rho_net(3,1,2,2) = (0.0000000000000000, 0.0000000000000000)
 rho_net(3,1,2,3) = (0.0000000000000000, 0.0000000000000000)
 rho_net(3,1,2,4) = (0.0000000000000000, 0.0000000000000000)
 rho_net(3,1,3,1) = (0.0000000000000000, 0.0000000000000000)
 rho_net(3,1,3,2) = (0.0000000000000000, 0.0000000000000000)
 rho_net(3,1,3,3) = (0.0000000000000000, 0.0000000000000000)
 rho_net(3,1,3,4) = (0.0000000000000000, 0.0000000000000000)
 rho_net(3,1,4,1) = (0.0000000000000000, 0.0000000000000000)
 rho_net(3,1,4,2) = (0.0000000000000000, 0.0000000000000000)
 rho_net(3,1,4,3) = (0.0000000000000000, 0.0000000000000000)
 rho_net(3,1,4,4) = (0.0000000000000000, 0.0000000000000000)
 rho_net(3,1,5,1) = (0.0000000000000000, 0.0000000000000000)
 rho_net(3,1,5,2) = (0.0000000000000000, 0.0000000000000000)
 rho_net(3,1,5,3) = (0.0000000000000000, 0.0000000000000000)
 rho_net(3,1,5,4) = (0.0000000000000000, 0.0000000000000000)
 rho_net(3,1,6,1) = (0.0000000000000000, 0.0000000000000000)
 rho_net(3,1,6,2) = (0.0000000000000000, 0.0000000000000000)
 rho_net(3,1,6,3) = (0.0000000000000000, 0.0000000000000000)
 rho_net(3,1,6,4) = (0.0000000000000000, 0.0000000000000000)
 rho_net(3,1,7,1) = (0.0000000000000000, 0.0000000000000000)
 rho_net(3,1,7,2) = (0.0000000000000000, 0.0000000000000000)
 rho_net(3,1,7,3) = (0.0000000000000000, 0.0000000000000000)
 rho_net(3,1,7,4) = (0.0000000000000000, 0.0000000000000000)
 rho_net(3,1,8,1) = (0.0000000000000000, 0.0000000000000000)
 rho_net(3,1,8,2) = (0.0000000000000000, 0.0000000000000000)
 rho_net(3,1,8,3) = (0.0000000000000000, 0.0000000000000000)
 rho_net(3,1,8,4) = (0.0000000000000000, 0.0000000000000000)
 rho_net(3,1,9,1) = (0.0000000000000000, 0.0000000000000000)
 rho_net(3,1,9,2) = (0.0000000000000000, 0.0000000000000000)
 rho_net(3,1,9,3) = (0.0000000000000000, 0.0000000000000000)
 rho_net(3,1,9,4) = (0.0000000000000000, 0.0000000000000000)
 rho_net(3,2,1,1) = (0.0000000000000000, 0.0000000000000000)
 rho_net(3,2,1,2) = (0.0000000000000000, 0.0000000000000000)
 rho_net(3,2,1,3) = (0.0000000000000000, 0.0000000000000000)
 rho_net(3,2,1,4) = (0.0000000000000000, 0.0000000000000000)
 rho_net(3,2,2,1) = (3.1963610856797246E-003, 0.0000000000000000)
 rho_net(3,2,2,2) = (3.3015300069024799E-003, 0.0000000000000000)
 rho_net(3,2,2,3) = (1.0926991440519951E-003, -1.1609206727618171E-003)
 rho_net(3,2,2,4) = (1.0926991440519951E-003, 1.1609206727618171E-003)
 rho_net(3,2,3,1) = (0.0000000000000000, 0.0000000000000000)
 rho_net(3,2,3,2) = (0.0000000000000000, 0.0000000000000000)
 rho_net(3,2,3,3) = (0.0000000000000000, 0.0000000000000000)
 rho_net(3,2,3,4) = (0.0000000000000000, 0.0000000000000000)
 rho_net(3,2,4,1) = (0.0000000000000000, 0.0000000000000000)
 rho_net(3,2,4,2) = (0.0000000000000000, 0.0000000000000000)
 rho_net(3,2,4,3) = (0.0000000000000000, 0.0000000000000000)
 rho_net(3,2,4,4) = (0.0000000000000000, 0.0000000000000000)
 rho_net(3,2,5,1) = (0.0000000000000000, 0.0000000000000000)
 rho_net(3,2,5,2) = (0.0000000000000000, 0.0000000000000000)
 rho_net(3,2,5,3) = (0.0000000000000000, 0.0000000000000000)
 rho_net(3,2,5,4) = (0.0000000000000000, 0.0000000000000000)
 rho_net(3,2,6,1) = (0.0000000000000000, 0.0000000000000000)
 rho_net(3,2,6,2) = (0.0000000000000000, 0.0000000000000000)
 rho_net(3,2,6,3) = (0.0000000000000000, 0.0000000000000000)
 rho_net(3,2,6,4) = (0.0000000000000000, 0.0000000000000000)
 rho_net(3,2,7,1) = (0.0000000000000000, 0.0000000000000000)
 rho_net(3,2,7,2) = (0.0000000000000000, 0.0000000000000000)
 rho_net(3,2,7,3) = (0.0000000000000000, 0.0000000000000000)
 rho_net(3,2,7,4) = (0.0000000000000000, 0.0000000000000000)
 rho_net(3,2,8,1) = (0.0000000000000000, 0.0000000000000000)
 rho_net(3,2,8,2) = (0.0000000000000000, 0.0000000000000000)
 rho_net(3,2,8,3) = (0.0000000000000000, 0.0000000000000000)
 rho_net(3,2,8,4) = (0.0000000000000000, 0.0000000000000000)
 rho_net(3,2,9,1) = (0.0000000000000000, 0.0000000000000000)
 rho_net(3,2,9,2) = (0.0000000000000000, 0.0000000000000000)
 rho_net(3,2,9,3) = (0.0000000000000000, 0.0000000000000000)
 rho_net(3,2,9,4) = (0.0000000000000000, 0.0000000000000000)
 rho_net(3,3,1,1) = (0.0000000000000000, 0.0000000000000000)
 rho_net(3,3,1,2) = (0.0000000000000000, 0.0000000000000000)
 rho_net(3,3,1,3) = (0.0000000000000000, 0.0000000000000000)
 rho_net(3,3,1,4) = (0.0000000000000000, 0.0000000000000000)
 rho_net(3,3,2,1) = (0.0000000000000000, 0.0000000000000000)
 rho_net(3,3,2,2) = (0.0000000000000000, 0.0000000000000000)
 rho_net(3,3,2,3) = (0.0000000000000000, 0.0000000000000000)
 rho_net(3,3,2,4) = (0.0000000000000000, 0.0000000000000000)
 rho_net(3,3,3,1) = (2.3249582148767455E-003, 0.0000000000000000)
 rho_net(3,3,3,2) = (2.1785801231786616E-003, 0.0000000000000000)
 rho_net(3,3,3,3) = (2.4609874451208424E-004, -1.5114451684780146E-004)
 rho_net(3,3,3,4) = (2.4609874451208424E-004, 1.5114451684780146E-004)
 rho_net(3,3,4,1) = (0.0000000000000000, 0.0000000000000000)
 rho_net(3,3,4,2) = (0.0000000000000000, 0.0000000000000000)
 rho_net(3,3,4,3) = (0.0000000000000000, 0.0000000000000000)
 rho_net(3,3,4,4) = (0.0000000000000000, 0.0000000000000000)
 rho_net(3,3,5,1) = (0.0000000000000000, 0.0000000000000000)
 rho_net(3,3,5,2) = (0.0000000000000000, 0.0000000000000000)
 rho_net(3,3,5,3) = (0.0000000000000000, 0.0000000000000000)
 rho_net(3,3,5,4) = (0.0000000000000000, 0.0000000000000000)
 rho_net(3,3,6,1) = (0.0000000000000000, 0.0000000000000000)
 rho_net(3,3,6,2) = (0.0000000000000000, 0.0000000000000000)
 rho_net(3,3,6,3) = (0.0000000000000000, 0.0000000000000000)
 rho_net(3,3,6,4) = (0.0000000000000000, 0.0000000000000000)
 rho_net(3,3,7,1) = (0.0000000000000000, 0.0000000000000000)
 rho_net(3,3,7,2) = (0.0000000000000000, 0.0000000000000000)
 rho_net(3,3,7,3) = (0.0000000000000000, 0.0000000000000000)
 rho_net(3,3,7,4) = (0.0000000000000000, 0.0000000000000000)
 rho_net(3,3,8,1) = (0.0000000000000000, 0.0000000000000000)
 rho_net(3,3,8,2) = (0.0000000000000000, 0.0000000000000000)
 rho_net(3,3,8,3) = (0.0000000000000000, 0.0000000000000000)
 rho_net(3,3,8,4) = (0.0000000000000000, 0.0000000000000000)
 rho_net(3,3,9,1) = (0.0000000000000000, 0.0000000000000000)
 rho_net(3,3,9,2) = (0.0000000000000000, 0.0000000000000000)
 rho_net(3,3,9,3) = (0.0000000000000000, 0.0000000000000000)
 rho_net(3,3,9,4) = (0.0000000000000000, 0.0000000000000000)
 rho_net(3,4,1,1) = (0.0000000000000000, 0.0000000000000000)
 rho_net(3,4,1,2) = (0.0000000000000000, 0.0000000000000000)
 rho_net(3,4,1,3) = (0.0000000000000000, 0.0000000000000000)
 rho_net(3,4,1,4) = (0.0000000000000000, 0.0000000000000000)
 rho_net(3,4,2,1) = (0.0000000000000000, 0.0000000000000000)
 rho_net(3,4,2,2) = (0.0000000000000000, 0.0000000000000000)
 rho_net(3,4,2,3) = (0.0000000000000000, 0.0000000000000000)
 rho_net(3,4,2,4) = (0.0000000000000000, 0.0000000000000000)
 rho_net(3,4,3,1) = (0.0000000000000000, 0.0000000000000000)
 rho_net(3,4,3,2) = (0.0000000000000000, 0.0000000000000000)
 rho_net(3,4,3,3) = (0.0000000000000000, 0.0000000000000000)
 rho_net(3,4,3,4) = (0.0000000000000000, 0.0000000000000000)
 rho_net(3,4,4,1) = (7.8895206925818165E-004, 0.0000000000000000)
 rho_net(3,4,4,2) = (5.9371676591184056E-004, 0.0000000000000000)
 rho_net(3,4,4,3) = (3.0645715610459458E-004, -1.7980990297426598E-004)
 rho_net(3,4,4,4) = (3.0645715610459458E-004, 1.7980990297426598E-004)
 rho_net(3,4,5,1) = (0.0000000000000000, 0.0000000000000000)
 rho_net(3,4,5,2) = (0.0000000000000000, 0.0000000000000000)
 rho_net(3,4,5,3) = (0.0000000000000000, 0.0000000000000000)
 rho_net(3,4,5,4) = (0.0000000000000000, 0.0000000000000000)
 rho_net(3,4,6,1) = (0.0000000000000000, 0.0000000000000000)
 rho_net(3,4,6,2) = (0.0000000000000000, 0.0000000000000000)
 rho_net(3,4,6,3) = (0.0000000000000000, 0.0000000000000000)
 rho_net(3,4,6,4) = (0.0000000000000000, 0.0000000000000000)
 rho_net(3,4,7,1) = (0.0000000000000000, 0.0000000000000000)
 rho_net(3,4,7,2) = (0.0000000000000000, 0.0000000000000000)
 rho_net(3,4,7,3) = (0.0000000000000000, 0.0000000000000000)
 rho_net(3,4,7,4) = (0.0000000000000000, 0.0000000000000000)
 rho_net(3,4,8,1) = (0.0000000000000000, 0.0000000000000000)
 rho_net(3,4,8,2) = (0.0000000000000000, 0.0000000000000000)
 rho_net(3,4,8,3) = (0.0000000000000000, 0.0000000000000000)
 rho_net(3,4,8,4) = (0.0000000000000000, 0.0000000000000000)
 rho_net(3,4,9,1) = (0.0000000000000000, 0.0000000000000000)
 rho_net(3,4,9,2) = (0.0000000000000000, 0.0000000000000000)
 rho_net(3,4,9,3) = (0.0000000000000000, 0.0000000000000000)
 rho_net(3,4,9,4) = (0.0000000000000000, 0.0000000000000000)
 rho_net(3,5,1,1) = (0.0000000000000000, 0.0000000000000000)
 rho_net(3,5,1,2) = (0.0000000000000000, 0.0000000000000000)
 rho_net(3,5,1,3) = (0.0000000000000000, 0.0000000000000000)
 rho_net(3,5,1,4) = (0.0000000000000000, 0.0000000000000000)
 rho_net(3,5,2,1) = (0.0000000000000000, 0.0000000000000000)
 rho_net(3,5,2,2) = (0.0000000000000000, 0.0000000000000000)
 rho_net(3,5,2,3) = (0.0000000000000000, 0.0000000000000000)
 rho_net(3,5,2,4) = (0.0000000000000000, 0.0000000000000000)
 rho_net(3,5,3,1) = (0.0000000000000000, 0.0000000000000000)
 rho_net(3,5,3,2) = (0.0000000000000000, 0.0000000000000000)
 rho_net(3,5,3,3) = (0.0000000000000000, 0.0000000000000000)
 rho_net(3,5,3,4) = (0.0000000000000000, 0.0000000000000000)
 rho_net(3,5,4,1) = (0.0000000000000000, 0.0000000000000000)
 rho_net(3,5,4,2) = (0.0000000000000000, 0.0000000000000000)
 rho_net(3,5,4,3) = (0.0000000000000000, 0.0000000000000000)
 rho_net(3,5,4,4) = (0.0000000000000000, 0.0000000000000000)
 rho_net(3,5,5,1) = (0.39510010149629882, 0.0000000000000000)
 rho_net(3,5,5,2) = (0.67248300989930831, 0.0000000000000000)
 rho_net(3,5,5,3) = (-0.19801182860905300, 1.8075477788870042E-002)
 rho_net(3,5,5,4) = (-0.19801182860905300, -1.8075477788870042E-002)
 rho_net(3,5,6,1) = (0.0000000000000000, 0.0000000000000000)
 rho_net(3,5,6,2) = (0.0000000000000000, 0.0000000000000000)
 rho_net(3,5,6,3) = (0.0000000000000000, 0.0000000000000000)
 rho_net(3,5,6,4) = (0.0000000000000000, 0.0000000000000000)
 rho_net(3,5,7,1) = (0.0000000000000000, 0.0000000000000000)
 rho_net(3,5,7,2) = (0.0000000000000000, 0.0000000000000000)
 rho_net(3,5,7,3) = (0.0000000000000000, 0.0000000000000000)
 rho_net(3,5,7,4) = (0.0000000000000000, 0.0000000000000000)
 rho_net(3,5,8,1) = (0.0000000000000000, 0.0000000000000000)
 rho_net(3,5,8,2) = (0.0000000000000000, 0.0000000000000000)
 rho_net(3,5,8,3) = (0.0000000000000000, 0.0000000000000000)
 rho_net(3,5,8,4) = (0.0000000000000000, 0.0000000000000000)
 rho_net(3,5,9,1) = (0.0000000000000000, 0.0000000000000000)
 rho_net(3,5,9,2) = (0.0000000000000000, 0.0000000000000000)
 rho_net(3,5,9,3) = (0.0000000000000000, 0.0000000000000000)
 rho_net(3,5,9,4) = (0.0000000000000000, 0.0000000000000000)
 rho_net(3,6,1,1) = (0.0000000000000000, 0.0000000000000000)
 rho_net(3,6,1,2) = (0.0000000000000000, 0.0000000000000000)
 rho_net(3,6,1,3) = (0.0000000000000000, 0.0000000000000000)
 rho_net(3,6,1,4) = (0.0000000000000000, 0.0000000000000000)
 rho_net(3,6,2,1) = (0.0000000000000000, 0.0000000000000000)
 rho_net(3,6,2,2) = (0.0000000000000000, 0.0000000000000000)
 rho_net(3,6,2,3) = (0.0000000000000000, 0.0000000000000000)
 rho_net(3,6,2,4) = (0.0000000000000000, 0.0000000000000000)
 rho_net(3,6,3,1) = (0.0000000000000000, 0.0000000000000000)
 rho_net(3,6,3,2) = (0.0000000000000000, 0.0000000000000000)
 rho_net(3,6,3,3) = (0.0000000000000000, 0.0000000000000000)
 rho_net(3,6,3,4) = (0.0000000000000000, 0.0000000000000000)
 rho_net(3,6,4,1) = (0.0000000000000000, 0.0000000000000000)
 rho_net(3,6,4,2) = (0.0000000000000000, 0.0000000000000000)
 rho_net(3,6,4,3) = (0.0000000000000000, 0.0000000000000000)
 rho_net(3,6,4,4) = (0.0000000000000000, 0.0000000000000000)
 rho_net(3,6,5,1) = (0.0000000000000000, 0.0000000000000000)
 rho_net(3,6,5,2) = (0.0000000000000000, 0.0000000000000000)
 rho_net(3,6,5,3) = (0.0000000000000000, 0.0000000000000000)
 rho_net(3,6,5,4) = (0.0000000000000000, 0.0000000000000000)
 rho_net(3,6,6,1) = (0.39611669740625205, 0.0000000000000000)
 rho_net(3,6,6,2) = (0.46406280821342988, 0.0000000000000000)
 rho_net(3,6,6,3) = (-0.16176561207140147, 0.11768943380854233)
 rho_net(3,6,6,4) = (-0.16176561207140147, -0.11768943380854233)
 rho_net(3,6,7,1) = (0.0000000000000000, 0.0000000000000000)
 rho_net(3,6,7,2) = (0.0000000000000000, 0.0000000000000000)
 rho_net(3,6,7,3) = (0.0000000000000000, 0.0000000000000000)
 rho_net(3,6,7,4) = (0.0000000000000000, 0.0000000000000000)
 rho_net(3,6,8,1) = (0.0000000000000000, 0.0000000000000000)
 rho_net(3,6,8,2) = (0.0000000000000000, 0.0000000000000000)
 rho_net(3,6,8,3) = (0.0000000000000000, 0.0000000000000000)
 rho_net(3,6,8,4) = (0.0000000000000000, 0.0000000000000000)
 rho_net(3,6,9,1) = (0.0000000000000000, 0.0000000000000000)
 rho_net(3,6,9,2) = (0.0000000000000000, 0.0000000000000000)
 rho_net(3,6,9,3) = (0.0000000000000000, 0.0000000000000000)
 rho_net(3,6,9,4) = (0.0000000000000000, 0.0000000000000000)
 rho_net(3,7,1,1) = (0.0000000000000000, 0.0000000000000000)
 rho_net(3,7,1,2) = (0.0000000000000000, 0.0000000000000000)
 rho_net(3,7,1,3) = (0.0000000000000000, 0.0000000000000000)
 rho_net(3,7,1,4) = (0.0000000000000000, 0.0000000000000000)
 rho_net(3,7,2,1) = (0.0000000000000000, 0.0000000000000000)
 rho_net(3,7,2,2) = (0.0000000000000000, 0.0000000000000000)
 rho_net(3,7,2,3) = (0.0000000000000000, 0.0000000000000000)
 rho_net(3,7,2,4) = (0.0000000000000000, 0.0000000000000000)
 rho_net(3,7,3,1) = (0.0000000000000000, 0.0000000000000000)
 rho_net(3,7,3,2) = (0.0000000000000000, 0.0000000000000000)
 rho_net(3,7,3,3) = (0.0000000000000000, 0.0000000000000000)
 rho_net(3,7,3,4) = (0.0000000000000000, 0.0000000000000000)
 rho_net(3,7,4,1) = (0.0000000000000000, 0.0000000000000000)
 rho_net(3,7,4,2) = (0.0000000000000000, 0.0000000000000000)
 rho_net(3,7,4,3) = (0.0000000000000000, 0.0000000000000000)
 rho_net(3,7,4,4) = (0.0000000000000000, 0.0000000000000000)
 rho_net(3,7,5,1) = (0.0000000000000000, 0.0000000000000000)
 rho_net(3,7,5,2) = (0.0000000000000000, 0.0000000000000000)
 rho_net(3,7,5,3) = (0.0000000000000000, 0.0000000000000000)
 rho_net(3,7,5,4) = (0.0000000000000000, 0.0000000000000000)
 rho_net(3,7,6,1) = (0.0000000000000000, 0.0000000000000000)
 rho_net(3,7,6,2) = (0.0000000000000000, 0.0000000000000000)
 rho_net(3,7,6,3) = (0.0000000000000000, 0.0000000000000000)
 rho_net(3,7,6,4) = (0.0000000000000000, 0.0000000000000000)
 rho_net(3,7,7,1) = (0.35961880501753124, 0.0000000000000000)
 rho_net(3,7,7,2) = (0.62004089746149993, 0.0000000000000000)
 rho_net(3,7,7,3) = (-0.17233312973518139, 3.3990923633858421E-003)
 rho_net(3,7,7,4) = (-0.17233312973518139, -3.3990923633858421E-003)
 rho_net(3,7,8,1) = (0.0000000000000000, 0.0000000000000000)
 rho_net(3,7,8,2) = (0.0000000000000000, 0.0000000000000000)
 rho_net(3,7,8,3) = (0.0000000000000000, 0.0000000000000000)
 rho_net(3,7,8,4) = (0.0000000000000000, 0.0000000000000000)
 rho_net(3,7,9,1) = (0.0000000000000000, 0.0000000000000000)
 rho_net(3,7,9,2) = (0.0000000000000000, 0.0000000000000000)
 rho_net(3,7,9,3) = (0.0000000000000000, 0.0000000000000000)
 rho_net(3,7,9,4) = (0.0000000000000000, 0.0000000000000000)
 rho_net(3,8,1,1) = (0.0000000000000000, 0.0000000000000000)
 rho_net(3,8,1,2) = (0.0000000000000000, 0.0000000000000000)
 rho_net(3,8,1,3) = (0.0000000000000000, 0.0000000000000000)
 rho_net(3,8,1,4) = (0.0000000000000000, 0.0000000000000000)
 rho_net(3,8,2,1) = (0.0000000000000000, 0.0000000000000000)
 rho_net(3,8,2,2) = (0.0000000000000000, 0.0000000000000000)
 rho_net(3,8,2,3) = (0.0000000000000000, 0.0000000000000000)
 rho_net(3,8,2,4) = (0.0000000000000000, 0.0000000000000000)
 rho_net(3,8,3,1) = (0.0000000000000000, 0.0000000000000000)
 rho_net(3,8,3,2) = (0.0000000000000000, 0.0000000000000000)
 rho_net(3,8,3,3) = (0.0000000000000000, 0.0000000000000000)
 rho_net(3,8,3,4) = (0.0000000000000000, 0.0000000000000000)
 rho_net(3,8,4,1) = (0.0000000000000000, 0.0000000000000000)
 rho_net(3,8,4,2) = (0.0000000000000000, 0.0000000000000000)
 rho_net(3,8,4,3) = (0.0000000000000000, 0.0000000000000000)
 rho_net(3,8,4,4) = (0.0000000000000000, 0.0000000000000000)
 rho_net(3,8,5,1) = (0.0000000000000000, 0.0000000000000000)
 rho_net(3,8,5,2) = (0.0000000000000000, 0.0000000000000000)
 rho_net(3,8,5,3) = (0.0000000000000000, 0.0000000000000000)
 rho_net(3,8,5,4) = (0.0000000000000000, 0.0000000000000000)
 rho_net(3,8,6,1) = (0.0000000000000000, 0.0000000000000000)
 rho_net(3,8,6,2) = (0.0000000000000000, 0.0000000000000000)
 rho_net(3,8,6,3) = (0.0000000000000000, 0.0000000000000000)
 rho_net(3,8,6,4) = (0.0000000000000000, 0.0000000000000000)
 rho_net(3,8,7,1) = (0.0000000000000000, 0.0000000000000000)
 rho_net(3,8,7,2) = (0.0000000000000000, 0.0000000000000000)
 rho_net(3,8,7,3) = (0.0000000000000000, 0.0000000000000000)
 rho_net(3,8,7,4) = (0.0000000000000000, 0.0000000000000000)
 rho_net(3,8,8,1) = (0.43468320873555816, 0.0000000000000000)
 rho_net(3,8,8,2) = (0.60847443093135845, 0.0000000000000000)
 rho_net(3,8,8,3) = (-0.13652073682879756, 2.3783580045868415E-002)
 rho_net(3,8,8,4) = (-0.13652073682879756, -2.3783580045868415E-002)
 rho_net(3,8,9,1) = (0.0000000000000000, 0.0000000000000000)
 rho_net(3,8,9,2) = (0.0000000000000000, 0.0000000000000000)
 rho_net(3,8,9,3) = (0.0000000000000000, 0.0000000000000000)
 rho_net(3,8,9,4) = (0.0000000000000000, 0.0000000000000000)
 rho_net(3,9,1,1) = (0.0000000000000000, 0.0000000000000000)
 rho_net(3,9,1,2) = (0.0000000000000000, 0.0000000000000000)
 rho_net(3,9,1,3) = (0.0000000000000000, 0.0000000000000000)
 rho_net(3,9,1,4) = (0.0000000000000000, 0.0000000000000000)
 rho_net(3,9,2,1) = (0.0000000000000000, 0.0000000000000000)
 rho_net(3,9,2,2) = (0.0000000000000000, 0.0000000000000000)
 rho_net(3,9,2,3) = (0.0000000000000000, 0.0000000000000000)
 rho_net(3,9,2,4) = (0.0000000000000000, 0.0000000000000000)
 rho_net(3,9,3,1) = (0.0000000000000000, 0.0000000000000000)
 rho_net(3,9,3,2) = (0.0000000000000000, 0.0000000000000000)
 rho_net(3,9,3,3) = (0.0000000000000000, 0.0000000000000000)
 rho_net(3,9,3,4) = (0.0000000000000000, 0.0000000000000000)
 rho_net(3,9,4,1) = (0.0000000000000000, 0.0000000000000000)
 rho_net(3,9,4,2) = (0.0000000000000000, 0.0000000000000000)
 rho_net(3,9,4,3) = (0.0000000000000000, 0.0000000000000000)
 rho_net(3,9,4,4) = (0.0000000000000000, 0.0000000000000000)
 rho_net(3,9,5,1) = (0.0000000000000000, 0.0000000000000000)
 rho_net(3,9,5,2) = (0.0000000000000000, 0.0000000000000000)
 rho_net(3,9,5,3) = (0.0000000000000000, 0.0000000000000000)
 rho_net(3,9,5,4) = (0.0000000000000000, 0.0000000000000000)
 rho_net(3,9,6,1) = (0.0000000000000000, 0.0000000000000000)
 rho_net(3,9,6,2) = (0.0000000000000000, 0.0000000000000000)
 rho_net(3,9,6,3) = (0.0000000000000000, 0.0000000000000000)
 rho_net(3,9,6,4) = (0.0000000000000000, 0.0000000000000000)
 rho_net(3,9,7,1) = (0.0000000000000000, 0.0000000000000000)
 rho_net(3,9,7,2) = (0.0000000000000000, 0.0000000000000000)
 rho_net(3,9,7,3) = (0.0000000000000000, 0.0000000000000000)
 rho_net(3,9,7,4) = (0.0000000000000000, 0.0000000000000000)
 rho_net(3,9,8,1) = (0.0000000000000000, 0.0000000000000000)
 rho_net(3,9,8,2) = (0.0000000000000000, 0.0000000000000000)
 rho_net(3,9,8,3) = (0.0000000000000000, 0.0000000000000000)
 rho_net(3,9,8,4) = (0.0000000000000000, 0.0000000000000000)
 rho_net(3,9,9,1) = (0.33366834149450747, 0.0000000000000000)
 rho_net(3,9,9,2) = (0.71197391451361702, 0.0000000000000000)
 rho_net(3,9,9,3) = (-0.30413421791188833, 5.8729973748692058E-002)
 rho_net(3,9,9,4) = (-0.30413421791188833, -5.8729973748692058E-002)
 /
