&charge
 q_mul(1,1,0) = 0.91978375773364951
 q_mul(1,1,1) = 5.0140474562179890E-002
 q_mul(1,1,2) = -1.2882946539782530E-017
 q_mul(1,1,3) = -1.5871583672503886E-017
 q_mul(1,2,0) = 0.35178478436396859
 q_mul(1,2,1) = 6.8042254067703515E-003
 q_mul(1,2,2) = 4.5593383644774336E-017
 q_mul(1,2,3) = -2.6279672517449920E-017
 q_mul(1,3,0) = 6.7284314577985258
 q_mul(1,3,1) = 2.9739559372136997
 q_mul(1,3,2) = -3.7927681131218261E-016
 q_mul(1,3,3) = 1.1657354035199412E-016
 q_mul(2,1,0) = 0.91978375773364840
 q_mul(2,1,1) = 2.3973482850131404E-017
 q_mul(2,1,2) = 5.0140474562180168E-002
 q_mul(2,1,3) = -5.2213824768665927E-017
 q_mul(2,2,0) = 0.35178478436396865
 q_mul(2,2,1) = 6.4478892222971751E-017
 q_mul(2,2,2) = 6.8042254067701528E-003
 q_mul(2,2,3) = -1.9492186094538579E-017
 q_mul(2,3,0) = 6.7284314577985018
 q_mul(2,3,1) = -2.3588174010616000E-016
 q_mul(2,3,2) = 2.9739559372137250
 q_mul(2,3,3) = 4.0249296221349057E-017
 q_mul(3,1,0) = 0.91978375773364951
 q_mul(3,1,1) = -5.0140474562179849E-002
 q_mul(3,1,2) = -1.4568438695484081E-017
 q_mul(3,1,3) = 1.3792662777977180E-017
 q_mul(3,2,0) = 0.35178478436396871
 q_mul(3,2,1) = -6.8042254067702760E-003
 q_mul(3,2,2) = 6.7823656773207229E-018
 q_mul(3,2,3) = -2.9467215836311465E-017
 q_mul(3,3,0) = 6.7284314577985267
 q_mul(3,3,1) = -2.9739559372136992
 q_mul(3,3,2) = 7.5388798425865108E-016
 q_mul(3,3,3) = -4.9946281000920239E-017
 q_mul(4,1,0) = 0.91978375773364818
 q_mul(4,1,1) = -2.9651193730254860E-017
 q_mul(4,1,2) = -5.0140474562179939E-002
 q_mul(4,1,3) = 1.0322271922773376E-017
 q_mul(4,2,0) = 0.35178478436396859
 q_mul(4,2,1) = 1.2179247006378021E-017
 q_mul(4,2,2) = -6.8042254067701494E-003
 q_mul(4,2,3) = -1.3594918717235405E-017
 q_mul(4,3,0) = 6.7284314577985018
 q_mul(4,3,1) = -1.4589535987595698E-016
 q_mul(4,3,2) = -2.9739559372137254
 q_mul(4,3,3) = 3.4833507968605166E-016
 rho_net(1,1,1,1) = (0.33549265554856134, 0.0000000000000000)
 rho_net(1,1,1,2) = (0.33549265554856145, 0.0000000000000000)
 rho_net(1,1,1,3) = (2.4306058111570265E-002, 4.6423634930566753E-018)
 rho_net(1,1,1,4) = (2.4306058111570265E-002, -4.6423634930566753E-018)
 rho_net(1,1,2,1) = (0.0000000000000000, 0.0000000000000000)
 rho_net(1,1,2,2) = (0.0000000000000000, 0.0000000000000000)
 rho_net(1,1,2,3) = (0.0000000000000000, 0.0000000000000000)
 rho_net(1,1,2,4) = (0.0000000000000000, 0.0000000000000000)
 rho_net(1,1,3,1) = (0.0000000000000000, 0.0000000000000000)
 rho_net(1,1,3,2) = (0.0000000000000000, 0.0000000000000000)
 rho_net(1,1,3,3) = (0.0000000000000000, 0.0000000000000000)
 rho_net(1,1,3,4) = (0.0000000000000000, 0.0000000000000000)
 rho_net(1,1,4,1) = (0.0000000000000000, 0.0000000000000000)
 rho_net(1,1,4,2) = (0.0000000000000000, 0.0000000000000000)
 rho_net(1,1,4,3) = (0.0000000000000000, 0.0000000000000000)
 rho_net(1,1,4,4) = (0.0000000000000000, 0.0000000000000000)
 rho_net(1,1,5,1) = (0.0000000000000000, 0.0000000000000000)
 rho_net(1,1,5,2) = (0.0000000000000000, 0.0000000000000000)
 rho_net(1,1,5,3) = (0.0000000000000000, 0.0000000000000000)
 rho_net(1,1,5,4) = (0.0000000000000000, 0.0000000000000000)
 rho_net(1,1,6,1) = (0.0000000000000000, 0.0000000000000000)
 rho_net(1,1,6,2) = (0.0000000000000000, 0.0000000000000000)
 rho_net(1,1,6,3) = (0.0000000000000000, 0.0000000000000000)
 rho_net(1,1,6,4) = (0.0000000000000000, 0.0000000000000000)
 rho_net(1,1,7,1) = (0.0000000000000000, 0.0000000000000000)
 rho_net(1,1,7,2) = (0.0000000000000000, 0.0000000000000000)
 rho_net(1,1,7,3) = (0.0000000000000000, 0.0000000000000000)
 rho_net(1,1,7,4) = (0.0000000000000000, 0.0000000000000000)
 rho_net(1,1,8,1) = (0.0000000000000000, 0.0000000000000000)
 rho_net(1,1,8,2) = (0.0000000000000000, 0.0000000000000000)
 rho_net(1,1,8,3) = (0.0000000000000000, 0.0000000000000000)
 rho_net(1,1,8,4) = (0.0000000000000000, 0.0000000000000000)
 rho_net(1,1,9,1) = (0.0000000000000000, 0.0000000000000000)
 rho_net(1,1,9,2) = (0.0000000000000000, 0.0000000000000000)
 rho_net(1,1,9,3) = (0.0000000000000000, 0.0000000000000000)
 rho_net(1,1,9,4) = (0.0000000000000000, 0.0000000000000000)
 rho_net(1,2,1,1) = (0.0000000000000000, 0.0000000000000000)
 rho_net(1,2,1,2) = (0.0000000000000000, 0.0000000000000000)
 rho_net(1,2,1,3) = (0.0000000000000000, 0.0000000000000000)
 rho_net(1,2,1,4) = (0.0000000000000000, 0.0000000000000000)
 rho_net(1,2,2,1) = (1.1426244040952171E-002, 0.0000000000000000)
 rho_net(1,2,2,2) = (1.1426244040952171E-002, 0.0000000000000000)
 rho_net(1,2,2,3) = (-1.5835757333600641E-004, -2.5330549204659550E-018)
 rho_net(1,2,2,4) = (-1.5835757333600641E-004, 2.5330549204659550E-018)
 rho_net(1,2,3,1) = (0.0000000000000000, 0.0000000000000000)
 rho_net(1,2,3,2) = (0.0000000000000000, 0.0000000000000000)
 rho_net(1,2,3,3) = (0.0000000000000000, 0.0000000000000000)
 rho_net(1,2,3,4) = (0.0000000000000000, 0.0000000000000000)
 rho_net(1,2,4,1) = (0.0000000000000000, 0.0000000000000000)
 rho_net(1,2,4,2) = (0.0000000000000000, 0.0000000000000000)
 rho_net(1,2,4,3) = (0.0000000000000000, 0.0000000000000000)
 rho_net(1,2,4,4) = (0.0000000000000000, 0.0000000000000000)
 rho_net(1,2,5,1) = (0.0000000000000000, 0.0000000000000000)
 rho_net(1,2,5,2) = (0.0000000000000000, 0.0000000000000000)
 rho_net(1,2,5,3) = (0.0000000000000000, 0.0000000000000000)
 rho_net(1,2,5,4) = (0.0000000000000000, 0.0000000000000000)
 rho_net(1,2,6,1) = (0.0000000000000000, 0.0000000000000000)
 rho_net(1,2,6,2) = (0.0000000000000000, 0.0000000000000000)
 rho_net(1,2,6,3) = (0.0000000000000000, 0.0000000000000000)
 rho_net(1,2,6,4) = (0.0000000000000000, 0.0000000000000000)
 rho_net(1,2,7,1) = (0.0000000000000000, 0.0000000000000000)
 rho_net(1,2,7,2) = (0.0000000000000000, 0.0000000000000000)
 rho_net(1,2,7,3) = (0.0000000000000000, 0.0000000000000000)
 rho_net(1,2,7,4) = (0.0000000000000000, 0.0000000000000000)
 rho_net(1,2,8,1) = (0.0000000000000000, 0.0000000000000000)
 rho_net(1,2,8,2) = (0.0000000000000000, 0.0000000000000000)
 rho_net(1,2,8,3) = (0.0000000000000000, 0.0000000000000000)
 rho_net(1,2,8,4) = (0.0000000000000000, 0.0000000000000000)
 rho_net(1,2,9,1) = (0.0000000000000000, 0.0000000000000000)
 rho_net(1,2,9,2) = (0.0000000000000000, 0.0000000000000000)
 rho_net(1,2,9,3) = (0.0000000000000000, 0.0000000000000000)
 rho_net(1,2,9,4) = (0.0000000000000000, 0.0000000000000000)
 rho_net(1,3,1,1) = (0.0000000000000000, 0.0000000000000000)
 rho_net(1,3,1,2) = (0.0000000000000000, 0.0000000000000000)
 rho_net(1,3,1,3) = (0.0000000000000000, 0.0000000000000000)
 rho_net(1,3,1,4) = (0.0000000000000000, 0.0000000000000000)
 rho_net(1,3,2,1) = (0.0000000000000000, 0.0000000000000000)
 rho_net(1,3,2,2) = (0.0000000000000000, 0.0000000000000000)
 rho_net(1,3,2,3) = (0.0000000000000000, 0.0000000000000000)
 rho_net(1,3,2,4) = (0.0000000000000000, 0.0000000000000000)
 rho_net(1,3,3,1) = (1.1430802572253299E-002, 0.0000000000000000)
 rho_net(1,3,3,2) = (1.1430802572253295E-002, 0.0000000000000000)
 rho_net(1,3,3,3) = (-1.6724704543707680E-004, -4.1182282372916872E-018)
 rho_net(1,3,3,4) = (-1.6724704543707680E-004, 4.1182282372916872E-018)
 rho_net(1,3,4,1) = (0.0000000000000000, 0.0000000000000000)
 rho_net(1,3,4,2) = (0.0000000000000000, 0.0000000000000000)
 rho_net(1,3,4,3) = (0.0000000000000000, 0.0000000000000000)
 rho_net(1,3,4,4) = (0.0000000000000000, 0.0000000000000000)
 rho_net(1,3,5,1) = (0.0000000000000000, 0.0000000000000000)
 rho_net(1,3,5,2) = (0.0000000000000000, 0.0000000000000000)
 rho_net(1,3,5,3) = (0.0000000000000000, 0.0000000000000000)
 rho_net(1,3,5,4) = (0.0000000000000000, 0.0000000000000000)
 rho_net(1,3,6,1) = (0.0000000000000000, 0.0000000000000000)
 rho_net(1,3,6,2) = (0.0000000000000000, 0.0000000000000000)
 rho_net(1,3,6,3) = (0.0000000000000000, 0.0000000000000000)
 rho_net(1,3,6,4) = (0.0000000000000000, 0.0000000000000000)
 rho_net(1,3,7,1) = (0.0000000000000000, 0.0000000000000000)
 rho_net(1,3,7,2) = (0.0000000000000000, 0.0000000000000000)
 rho_net(1,3,7,3) = (0.0000000000000000, 0.0000000000000000)
 rho_net(1,3,7,4) = (0.0000000000000000, 0.0000000000000000)
 rho_net(1,3,8,1) = (0.0000000000000000, 0.0000000000000000)
 rho_net(1,3,8,2) = (0.0000000000000000, 0.0000000000000000)
 rho_net(1,3,8,3) = (0.0000000000000000, 0.0000000000000000)
 rho_net(1,3,8,4) = (0.0000000000000000, 0.0000000000000000)
 rho_net(1,3,9,1) = (0.0000000000000000, 0.0000000000000000)
 rho_net(1,3,9,2) = (0.0000000000000000, 0.0000000000000000)
 rho_net(1,3,9,3) = (0.0000000000000000, 0.0000000000000000)
 rho_net(1,3,9,4) = (0.0000000000000000, 0.0000000000000000)
 rho_net(1,4,1,1) = (0.0000000000000000, 0.0000000000000000)
 rho_net(1,4,1,2) = (0.0000000000000000, 0.0000000000000000)
 rho_net(1,4,1,3) = (0.0000000000000000, 0.0000000000000000)
 rho_net(1,4,1,4) = (0.0000000000000000, 0.0000000000000000)
 rho_net(1,4,2,1) = (0.0000000000000000, 0.0000000000000000)
 rho_net(1,4,2,2) = (0.0000000000000000, 0.0000000000000000)
 rho_net(1,4,2,3) = (0.0000000000000000, 0.0000000000000000)
 rho_net(1,4,2,4) = (0.0000000000000000, 0.0000000000000000)
 rho_net(1,4,3,1) = (0.0000000000000000, 0.0000000000000000)
 rho_net(1,4,3,2) = (0.0000000000000000, 0.0000000000000000)
 rho_net(1,4,3,3) = (0.0000000000000000, 0.0000000000000000)
 rho_net(1,4,3,4) = (0.0000000000000000, 0.0000000000000000)
 rho_net(1,4,4,1) = (7.2008110476158127E-002, 0.0000000000000000)
 rho_net(1,4,4,2) = (7.2008110476158183E-002, 0.0000000000000000)
 rho_net(1,4,4,3) = (3.0215228045939618E-003, -3.4266344988094903E-018)
 rho_net(1,4,4,4) = (3.0215228045939618E-003, 3.4266344988094903E-018)
 rho_net(1,4,5,1) = (0.0000000000000000, 0.0000000000000000)
 rho_net(1,4,5,2) = (0.0000000000000000, 0.0000000000000000)
 rho_net(1,4,5,3) = (0.0000000000000000, 0.0000000000000000)
 rho_net(1,4,5,4) = (0.0000000000000000, 0.0000000000000000)
 rho_net(1,4,6,1) = (0.0000000000000000, 0.0000000000000000)
 rho_net(1,4,6,2) = (0.0000000000000000, 0.0000000000000000)
 rho_net(1,4,6,3) = (0.0000000000000000, 0.0000000000000000)
 rho_net(1,4,6,4) = (0.0000000000000000, 0.0000000000000000)
 rho_net(1,4,7,1) = (0.0000000000000000, 0.0000000000000000)
 rho_net(1,4,7,2) = (0.0000000000000000, 0.0000000000000000)
 rho_net(1,4,7,3) = (0.0000000000000000, 0.0000000000000000)
 rho_net(1,4,7,4) = (0.0000000000000000, 0.0000000000000000)
 rho_net(1,4,8,1) = (0.0000000000000000, 0.0000000000000000)
 rho_net(1,4,8,2) = (0.0000000000000000, 0.0000000000000000)
 rho_net(1,4,8,3) = (0.0000000000000000, 0.0000000000000000)
 rho_net(1,4,8,4) = (0.0000000000000000, 0.0000000000000000)
 rho_net(1,4,9,1) = (0.0000000000000000, 0.0000000000000000)
 rho_net(1,4,9,2) = (0.0000000000000000, 0.0000000000000000)
 rho_net(1,4,9,3) = (0.0000000000000000, 0.0000000000000000)
 rho_net(1,4,9,4) = (0.0000000000000000, 0.0000000000000000)
 rho_net(1,5,1,1) = (0.0000000000000000, 0.0000000000000000)
 rho_net(1,5,1,2) = (0.0000000000000000, 0.0000000000000000)
 rho_net(1,5,1,3) = (0.0000000000000000, 0.0000000000000000)
 rho_net(1,5,1,4) = (0.0000000000000000, 0.0000000000000000)
 rho_net(1,5,2,1) = (0.0000000000000000, 0.0000000000000000)
 rho_net(1,5,2,2) = (0.0000000000000000, 0.0000000000000000)
 rho_net(1,5,2,3) = (0.0000000000000000, 0.0000000000000000)
 rho_net(1,5,2,4) = (0.0000000000000000, 0.0000000000000000)
 rho_net(1,5,3,1) = (0.0000000000000000, 0.0000000000000000)
 rho_net(1,5,3,2) = (0.0000000000000000, 0.0000000000000000)
 rho_net(1,5,3,3) = (0.0000000000000000, 0.0000000000000000)
 rho_net(1,5,3,4) = (0.0000000000000000, 0.0000000000000000)
 rho_net(1,5,4,1) = (0.0000000000000000, 0.0000000000000000)
 rho_net(1,5,4,2) = (0.0000000000000000, 0.0000000000000000)
 rho_net(1,5,4,3) = (0.0000000000000000, 0.0000000000000000)
 rho_net(1,5,4,4) = (0.0000000000000000, 0.0000000000000000)
 rho_net(1,5,5,1) = (0.63407853632142352, 0.0000000000000000)
 rho_net(1,5,5,2) = (0.63407853632142330, 0.0000000000000000)
 rho_net(1,5,5,3) = (0.36306712082245107, 1.8310894687077788E-017)
 rho_net(1,5,5,4) = (0.36306712082245107, -1.8310894687077788E-017)
 rho_net(1,5,6,1) = (0.0000000000000000, 0.0000000000000000)
 rho_net(1,5,6,2) = (0.0000000000000000, 0.0000000000000000)
 rho_net(1,5,6,3) = (0.0000000000000000, 0.0000000000000000)
 rho_net(1,5,6,4) = (0.0000000000000000, 0.0000000000000000)
 rho_net(1,5,7,1) = (0.0000000000000000, 0.0000000000000000)
 rho_net(1,5,7,2) = (0.0000000000000000, 0.0000000000000000)
 rho_net(1,5,7,3) = (0.0000000000000000, 0.0000000000000000)
 rho_net(1,5,7,4) = (0.0000000000000000, 0.0000000000000000)
 rho_net(1,5,8,1) = (0.0000000000000000, 0.0000000000000000)
 rho_net(1,5,8,2) = (0.0000000000000000, 0.0000000000000000)
 rho_net(1,5,8,3) = (0.0000000000000000, 0.0000000000000000)
 rho_net(1,5,8,4) = (0.0000000000000000, 0.0000000000000000)
 rho_net(1,5,9,1) = (0.0000000000000000, 0.0000000000000000)
 rho_net(1,5,9,2) = (0.0000000000000000, 0.0000000000000000)
 rho_net(1,5,9,3) = (0.0000000000000000, 0.0000000000000000)
 rho_net(1,5,9,4) = (0.0000000000000000, 0.0000000000000000)
 rho_net(1,6,1,1) = (0.0000000000000000, 0.0000000000000000)
 rho_net(1,6,1,2) = (0.0000000000000000, 0.0000000000000000)
 rho_net(1,6,1,3) = (0.0000000000000000, 0.0000000000000000)
 rho_net(1,6,1,4) = (0.0000000000000000, 0.0000000000000000)
 rho_net(1,6,2,1) = (0.0000000000000000, 0.0000000000000000)
 rho_net(1,6,2,2) = (0.0000000000000000, 0.0000000000000000)
 rho_net(1,6,2,3) = (0.0000000000000000, 0.0000000000000000)
 rho_net(1,6,2,4) = (0.0000000000000000, 0.0000000000000000)
 rho_net(1,6,3,1) = (0.0000000000000000, 0.0000000000000000)
 rho_net(1,6,3,2) = (0.0000000000000000, 0.0000000000000000)
 rho_net(1,6,3,3) = (0.0000000000000000, 0.0000000000000000)
 rho_net(1,6,3,4) = (0.0000000000000000, 0.0000000000000000)
 rho_net(1,6,4,1) = (0.0000000000000000, 0.0000000000000000)
 rho_net(1,6,4,2) = (0.0000000000000000, 0.0000000000000000)
 rho_net(1,6,4,3) = (0.0000000000000000, 0.0000000000000000)
 rho_net(1,6,4,4) = (0.0000000000000000, 0.0000000000000000)
 rho_net(1,6,5,1) = (0.0000000000000000, 0.0000000000000000)
 rho_net(1,6,5,2) = (0.0000000000000000, 0.0000000000000000)
 rho_net(1,6,5,3) = (0.0000000000000000, 0.0000000000000000)
 rho_net(1,6,5,4) = (0.0000000000000000, 0.0000000000000000)
 rho_net(1,6,6,1) = (0.69010954217233211, 0.0000000000000000)
 rho_net(1,6,6,2) = (0.69010954217233234, 0.0000000000000000)
 rho_net(1,6,6,3) = (0.24287754649343260, 6.6261203361130002E-017)
 rho_net(1,6,6,4) = (0.24287754649343260, -6.6261203361130002E-017)
 rho_net(1,6,7,1) = (0.0000000000000000, 0.0000000000000000)
 rho_net(1,6,7,2) = (0.0000000000000000, 0.0000000000000000)
 rho_net(1,6,7,3) = (0.0000000000000000, 0.0000000000000000)
 rho_net(1,6,7,4) = (0.0000000000000000, 0.0000000000000000)
 rho_net(1,6,8,1) = (0.0000000000000000, 0.0000000000000000)
 rho_net(1,6,8,2) = (0.0000000000000000, 0.0000000000000000)
 rho_net(1,6,8,3) = (0.0000000000000000, 0.0000000000000000)
 rho_net(1,6,8,4) = (0.0000000000000000, 0.0000000000000000)
 rho_net(1,6,9,1) = (0.0000000000000000, 0.0000000000000000)
 rho_net(1,6,9,2) = (0.0000000000000000, 0.0000000000000000)
 rho_net(1,6,9,3) = (0.0000000000000000, 0.0000000000000000)
 rho_net(1,6,9,4) = (0.0000000000000000, 0.0000000000000000)
 rho_net(1,7,1,1) = (0.0000000000000000, 0.0000000000000000)
 rho_net(1,7,1,2) = (0.0000000000000000, 0.0000000000000000)
 rho_net(1,7,1,3) = (0.0000000000000000, 0.0000000000000000)
 rho_net(1,7,1,4) = (0.0000000000000000, 0.0000000000000000)
 rho_net(1,7,2,1) = (0.0000000000000000, 0.0000000000000000)
 rho_net(1,7,2,2) = (0.0000000000000000, 0.0000000000000000)
 rho_net(1,7,2,3) = (0.0000000000000000, 0.0000000000000000)
 rho_net(1,7,2,4) = (0.0000000000000000, 0.0000000000000000)
 rho_net(1,7,3,1) = (0.0000000000000000, 0.0000000000000000)
 rho_net(1,7,3,2) = (0.0000000000000000, 0.0000000000000000)
 rho_net(1,7,3,3) = (0.0000000000000000, 0.0000000000000000)
 rho_net(1,7,3,4) = (0.0000000000000000, 0.0000000000000000)
 rho_net(1,7,4,1) = (0.0000000000000000, 0.0000000000000000)
 rho_net(1,7,4,2) = (0.0000000000000000, 0.0000000000000000)
 rho_net(1,7,4,3) = (0.0000000000000000, 0.0000000000000000)
 rho_net(1,7,4,4) = (0.0000000000000000, 0.0000000000000000)
 rho_net(1,7,5,1) = (0.0000000000000000, 0.0000000000000000)
 rho_net(1,7,5,2) = (0.0000000000000000, 0.0000000000000000)
 rho_net(1,7,5,3) = (0.0000000000000000, 0.0000000000000000)
 rho_net(1,7,5,4) = (0.0000000000000000, 0.0000000000000000)
 rho_net(1,7,6,1) = (0.0000000000000000, 0.0000000000000000)
 rho_net(1,7,6,2) = (0.0000000000000000, 0.0000000000000000)
 rho_net(1,7,6,3) = (0.0000000000000000, 0.0000000000000000)
 rho_net(1,7,6,4) = (0.0000000000000000, 0.0000000000000000)
 rho_net(1,7,7,1) = (0.68990375836774898, 0.0000000000000000)
 rho_net(1,7,7,2) = (0.68990375836774942, 0.0000000000000000)
 rho_net(1,7,7,3) = (0.24290361290830517, 6.0680339556047887E-017)
 rho_net(1,7,7,4) = (0.24290361290830517, -6.0680339556047887E-017)
 rho_net(1,7,8,1) = (0.0000000000000000, 0.0000000000000000)
 rho_net(1,7,8,2) = (0.0000000000000000, 0.0000000000000000)
 rho_net(1,7,8,3) = (0.0000000000000000, 0.0000000000000000)
 rho_net(1,7,8,4) = (0.0000000000000000, 0.0000000000000000)
 rho_net(1,7,9,1) = (0.0000000000000000, 0.0000000000000000)
 rho_net(1,7,9,2) = (0.0000000000000000, 0.0000000000000000)
 rho_net(1,7,9,3) = (0.0000000000000000, 0.0000000000000000)
 rho_net(1,7,9,4) = (0.0000000000000000, 0.0000000000000000)
 rho_net(1,8,1,1) = (0.0000000000000000, 0.0000000000000000)
 rho_net(1,8,1,2) = (0.0000000000000000, 0.0000000000000000)
 rho_net(1,8,1,3) = (0.0000000000000000, 0.0000000000000000)
 rho_net(1,8,1,4) = (0.0000000000000000, 0.0000000000000000)
 rho_net(1,8,2,1) = (0.0000000000000000, 0.0000000000000000)
 rho_net(1,8,2,2) = (0.0000000000000000, 0.0000000000000000)
 rho_net(1,8,2,3) = (0.0000000000000000, 0.0000000000000000)
 rho_net(1,8,2,4) = (0.0000000000000000, 0.0000000000000000)
 rho_net(1,8,3,1) = (0.0000000000000000, 0.0000000000000000)
 rho_net(1,8,3,2) = (0.0000000000000000, 0.0000000000000000)
 rho_net(1,8,3,3) = (0.0000000000000000, 0.0000000000000000)
 rho_net(1,8,3,4) = (0.0000000000000000, 0.0000000000000000)
 rho_net(1,8,4,1) = (0.0000000000000000, 0.0000000000000000)
 rho_net(1,8,4,2) = (0.0000000000000000, 0.0000000000000000)
 rho_net(1,8,4,3) = (0.0000000000000000, 0.0000000000000000)
 rho_net(1,8,4,4) = (0.0000000000000000, 0.0000000000000000)
 rho_net(1,8,5,1) = (0.0000000000000000, 0.0000000000000000)
 rho_net(1,8,5,2) = (0.0000000000000000, 0.0000000000000000)
 rho_net(1,8,5,3) = (0.0000000000000000, 0.0000000000000000)
 rho_net(1,8,5,4) = (0.0000000000000000, 0.0000000000000000)
 rho_net(1,8,6,1) = (0.0000000000000000, 0.0000000000000000)
 rho_net(1,8,6,2) = (0.0000000000000000, 0.0000000000000000)
 rho_net(1,8,6,3) = (0.0000000000000000, 0.0000000000000000)
 rho_net(1,8,6,4) = (0.0000000000000000, 0.0000000000000000)
 rho_net(1,8,7,1) = (0.0000000000000000, 0.0000000000000000)
 rho_net(1,8,7,2) = (0.0000000000000000, 0.0000000000000000)
 rho_net(1,8,7,3) = (0.0000000000000000, 0.0000000000000000)
 rho_net(1,8,7,4) = (0.0000000000000000, 0.0000000000000000)
 rho_net(1,8,8,1) = (0.63407172195764649, 0.0000000000000000)
 rho_net(1,8,8,2) = (0.63407172195764649, 0.0000000000000000)
 rho_net(1,8,8,3) = (0.36307382661906440, -4.6307007099286412E-018)
 rho_net(1,8,8,4) = (0.36307382661906440, 4.6307007099286412E-018)
 rho_net(1,8,9,1) = (0.0000000000000000, 0.0000000000000000)
 rho_net(1,8,9,2) = (0.0000000000000000, 0.0000000000000000)
 rho_net(1,8,9,3) = (0.0000000000000000, 0.0000000000000000)
 rho_net(1,8,9,4) = (0.0000000000000000, 0.0000000000000000)
 rho_net(1,9,1,1) = (0.0000000000000000, 0.0000000000000000)
 rho_net(1,9,1,2) = (0.0000000000000000, 0.0000000000000000)
 rho_net(1,9,1,3) = (0.0000000000000000, 0.0000000000000000)
 rho_net(1,9,1,4) = (0.0000000000000000, 0.0000000000000000)
 rho_net(1,9,2,1) = (0.0000000000000000, 0.0000000000000000)
 rho_net(1,9,2,2) = (0.0000000000000000, 0.0000000000000000)
 rho_net(1,9,2,3) = (0.0000000000000000, 0.0000000000000000)
 rho_net(1,9,2,4) = (0.0000000000000000, 0.0000000000000000)
 rho_net(1,9,3,1) = (0.0000000000000000, 0.0000000000000000)
 rho_net(1,9,3,2) = (0.0000000000000000, 0.0000000000000000)
 rho_net(1,9,3,3) = (0.0000000000000000, 0.0000000000000000)
 rho_net(1,9,3,4) = (0.0000000000000000, 0.0000000000000000)
 rho_net(1,9,4,1) = (0.0000000000000000, 0.0000000000000000)
 rho_net(1,9,4,2) = (0.0000000000000000, 0.0000000000000000)
 rho_net(1,9,4,3) = (0.0000000000000000, 0.0000000000000000)
 rho_net(1,9,4,4) = (0.0000000000000000, 0.0000000000000000)
 rho_net(1,9,5,1) = (0.0000000000000000, 0.0000000000000000)
 rho_net(1,9,5,2) = (0.0000000000000000, 0.0000000000000000)
 rho_net(1,9,5,3) = (0.0000000000000000, 0.0000000000000000)
 rho_net(1,9,5,4) = (0.0000000000000000, 0.0000000000000000)
 rho_net(1,9,6,1) = (0.0000000000000000, 0.0000000000000000)
 rho_net(1,9,6,2) = (0.0000000000000000, 0.0000000000000000)
 rho_net(1,9,6,3) = (0.0000000000000000, 0.0000000000000000)
 rho_net(1,9,6,4) = (0.0000000000000000, 0.0000000000000000)
 rho_net(1,9,7,1) = (0.0000000000000000, 0.0000000000000000)
 rho_net(1,9,7,2) = (0.0000000000000000, 0.0000000000000000)
 rho_net(1,9,7,3) = (0.0000000000000000, 0.0000000000000000)
 rho_net(1,9,7,4) = (0.0000000000000000, 0.0000000000000000)
 rho_net(1,9,8,1) = (0.0000000000000000, 0.0000000000000000)
 rho_net(1,9,8,2) = (0.0000000000000000, 0.0000000000000000)
 rho_net(1,9,8,3) = (0.0000000000000000, 0.0000000000000000)
 rho_net(1,9,8,4) = (0.0000000000000000, 0.0000000000000000)
 rho_net(1,9,9,1) = (0.67401279574391371, 0.0000000000000000)
 rho_net(1,9,9,2) = (0.67401279574391348, 0.0000000000000000)
 rho_net(1,9,9,3) = (0.28805543813897766, 5.9776123831325596E-017)
 rho_net(1,9,9,4) = (0.28805543813897766, -5.9776123831325596E-017)
 rho_net(2,1,1,1) = (0.33549265554856078, 0.0000000000000000)
 rho_net(2,1,1,2) = (0.33549265554856089, 0.0000000000000000)
 rho_net(2,1,1,3) = (1.1021957304573723E-017, -2.4306058111570328E-002)
 rho_net(2,1,1,4) = (1.1021957304573723E-017, 2.4306058111570328E-002)
 rho_net(2,1,2,1) = (0.0000000000000000, 0.0000000000000000)
 rho_net(2,1,2,2) = (0.0000000000000000, 0.0000000000000000)
 rho_net(2,1,2,3) = (0.0000000000000000, 0.0000000000000000)
 rho_net(2,1,2,4) = (0.0000000000000000, 0.0000000000000000)
 rho_net(2,1,3,1) = (0.0000000000000000, 0.0000000000000000)
 rho_net(2,1,3,2) = (0.0000000000000000, 0.0000000000000000)
 rho_net(2,1,3,3) = (0.0000000000000000, 0.0000000000000000)
 rho_net(2,1,3,4) = (0.0000000000000000, 0.0000000000000000)
 rho_net(2,1,4,1) = (0.0000000000000000, 0.0000000000000000)
 rho_net(2,1,4,2) = (0.0000000000000000, 0.0000000000000000)
 rho_net(2,1,4,3) = (0.0000000000000000, 0.0000000000000000)
 rho_net(2,1,4,4) = (0.0000000000000000, 0.0000000000000000)
 rho_net(2,1,5,1) = (0.0000000000000000, 0.0000000000000000)
 rho_net(2,1,5,2) = (0.0000000000000000, 0.0000000000000000)
 rho_net(2,1,5,3) = (0.0000000000000000, 0.0000000000000000)
 rho_net(2,1,5,4) = (0.0000000000000000, 0.0000000000000000)
 rho_net(2,1,6,1) = (0.0000000000000000, 0.0000000000000000)
 rho_net(2,1,6,2) = (0.0000000000000000, 0.0000000000000000)
 rho_net(2,1,6,3) = (0.0000000000000000, 0.0000000000000000)
 rho_net(2,1,6,4) = (0.0000000000000000, 0.0000000000000000)
 rho_net(2,1,7,1) = (0.0000000000000000, 0.0000000000000000)
 rho_net(2,1,7,2) = (0.0000000000000000, 0.0000000000000000)
 rho_net(2,1,7,3) = (0.0000000000000000, 0.0000000000000000)
 rho_net(2,1,7,4) = (0.0000000000000000, 0.0000000000000000)
 rho_net(2,1,8,1) = (0.0000000000000000, 0.0000000000000000)
 rho_net(2,1,8,2) = (0.0000000000000000, 0.0000000000000000)
 rho_net(2,1,8,3) = (0.0000000000000000, 0.0000000000000000)
 rho_net(2,1,8,4) = (0.0000000000000000, 0.0000000000000000)
 rho_net(2,1,9,1) = (0.0000000000000000, 0.0000000000000000)
 rho_net(2,1,9,2) = (0.0000000000000000, 0.0000000000000000)
 rho_net(2,1,9,3) = (0.0000000000000000, 0.0000000000000000)
 rho_net(2,1,9,4) = (0.0000000000000000, 0.0000000000000000)
 rho_net(2,2,1,1) = (0.0000000000000000, 0.0000000000000000)
 rho_net(2,2,1,2) = (0.0000000000000000, 0.0000000000000000)
 rho_net(2,2,1,3) = (0.0000000000000000, 0.0000000000000000)
 rho_net(2,2,1,4) = (0.0000000000000000, 0.0000000000000000)
 rho_net(2,2,2,1) = (1.1430802572253412E-002, 0.0000000000000000)
 rho_net(2,2,2,2) = (1.1430802572253415E-002, 0.0000000000000000)
 rho_net(2,2,2,3) = (8.2958606247835933E-018, 1.6724704543709420E-004)
 rho_net(2,2,2,4) = (8.2958606247835933E-018, -1.6724704543709420E-004)
 rho_net(2,2,3,1) = (0.0000000000000000, 0.0000000000000000)
 rho_net(2,2,3,2) = (0.0000000000000000, 0.0000000000000000)
 rho_net(2,2,3,3) = (0.0000000000000000, 0.0000000000000000)
 rho_net(2,2,3,4) = (0.0000000000000000, 0.0000000000000000)
 rho_net(2,2,4,1) = (0.0000000000000000, 0.0000000000000000)
 rho_net(2,2,4,2) = (0.0000000000000000, 0.0000000000000000)
 rho_net(2,2,4,3) = (0.0000000000000000, 0.0000000000000000)
 rho_net(2,2,4,4) = (0.0000000000000000, 0.0000000000000000)
 rho_net(2,2,5,1) = (0.0000000000000000, 0.0000000000000000)
 rho_net(2,2,5,2) = (0.0000000000000000, 0.0000000000000000)
 rho_net(2,2,5,3) = (0.0000000000000000, 0.0000000000000000)
 rho_net(2,2,5,4) = (0.0000000000000000, 0.0000000000000000)
 rho_net(2,2,6,1) = (0.0000000000000000, 0.0000000000000000)
 rho_net(2,2,6,2) = (0.0000000000000000, 0.0000000000000000)
 rho_net(2,2,6,3) = (0.0000000000000000, 0.0000000000000000)
 rho_net(2,2,6,4) = (0.0000000000000000, 0.0000000000000000)
 rho_net(2,2,7,1) = (0.0000000000000000, 0.0000000000000000)
 rho_net(2,2,7,2) = (0.0000000000000000, 0.0000000000000000)
 rho_net(2,2,7,3) = (0.0000000000000000, 0.0000000000000000)
 rho_net(2,2,7,4) = (0.0000000000000000, 0.0000000000000000)
 rho_net(2,2,8,1) = (0.0000000000000000, 0.0000000000000000)
 rho_net(2,2,8,2) = (0.0000000000000000, 0.0000000000000000)
 rho_net(2,2,8,3) = (0.0000000000000000, 0.0000000000000000)
 rho_net(2,2,8,4) = (0.0000000000000000, 0.0000000000000000)
 rho_net(2,2,9,1) = (0.0000000000000000, 0.0000000000000000)
 rho_net(2,2,9,2) = (0.0000000000000000, 0.0000000000000000)
 rho_net(2,2,9,3) = (0.0000000000000000, 0.0000000000000000)
 rho_net(2,2,9,4) = (0.0000000000000000, 0.0000000000000000)
 rho_net(2,3,1,1) = (0.0000000000000000, 0.0000000000000000)
 rho_net(2,3,1,2) = (0.0000000000000000, 0.0000000000000000)
 rho_net(2,3,1,3) = (0.0000000000000000, 0.0000000000000000)
 rho_net(2,3,1,4) = (0.0000000000000000, 0.0000000000000000)
 rho_net(2,3,2,1) = (0.0000000000000000, 0.0000000000000000)
 rho_net(2,3,2,2) = (0.0000000000000000, 0.0000000000000000)
 rho_net(2,3,2,3) = (0.0000000000000000, 0.0000000000000000)
 rho_net(2,3,2,4) = (0.0000000000000000, 0.0000000000000000)
 rho_net(2,3,3,1) = (1.1426244040952188E-002, 0.0000000000000000)
 rho_net(2,3,3,2) = (1.1426244040952181E-002, 0.0000000000000000)
 rho_net(2,3,3,3) = (7.9847047097732406E-018, 1.5835757333601804E-004)
 rho_net(2,3,3,4) = (7.9847047097732406E-018, -1.5835757333601804E-004)
 rho_net(2,3,4,1) = (0.0000000000000000, 0.0000000000000000)
 rho_net(2,3,4,2) = (0.0000000000000000, 0.0000000000000000)
 rho_net(2,3,4,3) = (0.0000000000000000, 0.0000000000000000)
 rho_net(2,3,4,4) = (0.0000000000000000, 0.0000000000000000)
 rho_net(2,3,5,1) = (0.0000000000000000, 0.0000000000000000)
 rho_net(2,3,5,2) = (0.0000000000000000, 0.0000000000000000)
 rho_net(2,3,5,3) = (0.0000000000000000, 0.0000000000000000)
 rho_net(2,3,5,4) = (0.0000000000000000, 0.0000000000000000)
 rho_net(2,3,6,1) = (0.0000000000000000, 0.0000000000000000)
 rho_net(2,3,6,2) = (0.0000000000000000, 0.0000000000000000)
 rho_net(2,3,6,3) = (0.0000000000000000, 0.0000000000000000)
 rho_net(2,3,6,4) = (0.0000000000000000, 0.0000000000000000)
 rho_net(2,3,7,1) = (0.0000000000000000, 0.0000000000000000)
 rho_net(2,3,7,2) = (0.0000000000000000, 0.0000000000000000)
 rho_net(2,3,7,3) = (0.0000000000000000, 0.0000000000000000)
 rho_net(2,3,7,4) = (0.0000000000000000, 0.0000000000000000)
 rho_net(2,3,8,1) = (0.0000000000000000, 0.0000000000000000)
 rho_net(2,3,8,2) = (0.0000000000000000, 0.0000000000000000)
 rho_net(2,3,8,3) = (0.0000000000000000, 0.0000000000000000)
 rho_net(2,3,8,4) = (0.0000000000000000, 0.0000000000000000)
 rho_net(2,3,9,1) = (0.0000000000000000, 0.0000000000000000)
 rho_net(2,3,9,2) = (0.0000000000000000, 0.0000000000000000)
 rho_net(2,3,9,3) = (0.0000000000000000, 0.0000000000000000)
 rho_net(2,3,9,4) = (0.0000000000000000, 0.0000000000000000)
 rho_net(2,4,1,1) = (0.0000000000000000, 0.0000000000000000)
 rho_net(2,4,1,2) = (0.0000000000000000, 0.0000000000000000)
 rho_net(2,4,1,3) = (0.0000000000000000, 0.0000000000000000)
 rho_net(2,4,1,4) = (0.0000000000000000, 0.0000000000000000)
 rho_net(2,4,2,1) = (0.0000000000000000, 0.0000000000000000)
 rho_net(2,4,2,2) = (0.0000000000000000, 0.0000000000000000)
 rho_net(2,4,2,3) = (0.0000000000000000, 0.0000000000000000)
 rho_net(2,4,2,4) = (0.0000000000000000, 0.0000000000000000)
 rho_net(2,4,3,1) = (0.0000000000000000, 0.0000000000000000)
 rho_net(2,4,3,2) = (0.0000000000000000, 0.0000000000000000)
 rho_net(2,4,3,3) = (0.0000000000000000, 0.0000000000000000)
 rho_net(2,4,3,4) = (0.0000000000000000, 0.0000000000000000)
 rho_net(2,4,4,1) = (7.2008110476158044E-002, 0.0000000000000000)
 rho_net(2,4,4,2) = (7.2008110476158071E-002, 0.0000000000000000)
 rho_net(2,4,4,3) = (8.6724520948139620E-019, -3.0215228045939410E-003)
 rho_net(2,4,4,4) = (8.6724520948139620E-019, 3.0215228045939410E-003)
 rho_net(2,4,5,1) = (0.0000000000000000, 0.0000000000000000)
 rho_net(2,4,5,2) = (0.0000000000000000, 0.0000000000000000)
 rho_net(2,4,5,3) = (0.0000000000000000, 0.0000000000000000)
 rho_net(2,4,5,4) = (0.0000000000000000, 0.0000000000000000)
 rho_net(2,4,6,1) = (0.0000000000000000, 0.0000000000000000)
 rho_net(2,4,6,2) = (0.0000000000000000, 0.0000000000000000)
 rho_net(2,4,6,3) = (0.0000000000000000, 0.0000000000000000)
 rho_net(2,4,6,4) = (0.0000000000000000, 0.0000000000000000)
 rho_net(2,4,7,1) = (0.0000000000000000, 0.0000000000000000)
 rho_net(2,4,7,2) = (0.0000000000000000, 0.0000000000000000)
 rho_net(2,4,7,3) = (0.0000000000000000, 0.0000000000000000)
 rho_net(2,4,7,4) = (0.0000000000000000, 0.0000000000000000)
 rho_net(2,4,8,1) = (0.0000000000000000, 0.0000000000000000)
 rho_net(2,4,8,2) = (0.0000000000000000, 0.0000000000000000)
 rho_net(2,4,8,3) = (0.0000000000000000, 0.0000000000000000)
 rho_net(2,4,8,4) = (0.0000000000000000, 0.0000000000000000)
 rho_net(2,4,9,1) = (0.0000000000000000, 0.0000000000000000)
 rho_net(2,4,9,2) = (0.0000000000000000, 0.0000000000000000)
 rho_net(2,4,9,3) = (0.0000000000000000, 0.0000000000000000)
 rho_net(2,4,9,4) = (0.0000000000000000, 0.0000000000000000)
 rho_net(2,5,1,1) = (0.0000000000000000, 0.0000000000000000)
 rho_net(2,5,1,2) = (0.0000000000000000, 0.0000000000000000)
 rho_net(2,5,1,3) = (0.0000000000000000, 0.0000000000000000)
 rho_net(2,5,1,4) = (0.0000000000000000, 0.0000000000000000)
 rho_net(2,5,2,1) = (0.0000000000000000, 0.0000000000000000)
 rho_net(2,5,2,2) = (0.0000000000000000, 0.0000000000000000)
 rho_net(2,5,2,3) = (0.0000000000000000, 0.0000000000000000)
 rho_net(2,5,2,4) = (0.0000000000000000, 0.0000000000000000)
 rho_net(2,5,3,1) = (0.0000000000000000, 0.0000000000000000)
 rho_net(2,5,3,2) = (0.0000000000000000, 0.0000000000000000)
 rho_net(2,5,3,3) = (0.0000000000000000, 0.0000000000000000)
 rho_net(2,5,3,4) = (0.0000000000000000, 0.0000000000000000)
 rho_net(2,5,4,1) = (0.0000000000000000, 0.0000000000000000)
 rho_net(2,5,4,2) = (0.0000000000000000, 0.0000000000000000)
 rho_net(2,5,4,3) = (0.0000000000000000, 0.0000000000000000)
 rho_net(2,5,4,4) = (0.0000000000000000, 0.0000000000000000)
 rho_net(2,5,5,1) = (0.63407853632141842, 0.0000000000000000)
 rho_net(2,5,5,2) = (0.63407853632141842, 0.0000000000000000)
 rho_net(2,5,5,3) = (3.0336042380366093E-018, -0.36306712082245524)
 rho_net(2,5,5,4) = (3.0336042380366093E-018, 0.36306712082245524)
 rho_net(2,5,6,1) = (0.0000000000000000, 0.0000000000000000)
 rho_net(2,5,6,2) = (0.0000000000000000, 0.0000000000000000)
 rho_net(2,5,6,3) = (0.0000000000000000, 0.0000000000000000)
 rho_net(2,5,6,4) = (0.0000000000000000, 0.0000000000000000)
 rho_net(2,5,7,1) = (0.0000000000000000, 0.0000000000000000)
 rho_net(2,5,7,2) = (0.0000000000000000, 0.0000000000000000)
 rho_net(2,5,7,3) = (0.0000000000000000, 0.0000000000000000)
 rho_net(2,5,7,4) = (0.0000000000000000, 0.0000000000000000)
 rho_net(2,5,8,1) = (0.0000000000000000, 0.0000000000000000)
 rho_net(2,5,8,2) = (0.0000000000000000, 0.0000000000000000)
 rho_net(2,5,8,3) = (0.0000000000000000, 0.0000000000000000)
 rho_net(2,5,8,4) = (0.0000000000000000, 0.0000000000000000)
 rho_net(2,5,9,1) = (0.0000000000000000, 0.0000000000000000)
 rho_net(2,5,9,2) = (0.0000000000000000, 0.0000000000000000)
 rho_net(2,5,9,3) = (0.0000000000000000, 0.0000000000000000)
 rho_net(2,5,9,4) = (0.0000000000000000, 0.0000000000000000)
 rho_net(2,6,1,1) = (0.0000000000000000, 0.0000000000000000)
 rho_net(2,6,1,2) = (0.0000000000000000, 0.0000000000000000)
 rho_net(2,6,1,3) = (0.0000000000000000, 0.0000000000000000)
 rho_net(2,6,1,4) = (0.0000000000000000, 0.0000000000000000)
 rho_net(2,6,2,1) = (0.0000000000000000, 0.0000000000000000)
 rho_net(2,6,2,2) = (0.0000000000000000, 0.0000000000000000)
 rho_net(2,6,2,3) = (0.0000000000000000, 0.0000000000000000)
 rho_net(2,6,2,4) = (0.0000000000000000, 0.0000000000000000)
 rho_net(2,6,3,1) = (0.0000000000000000, 0.0000000000000000)
 rho_net(2,6,3,2) = (0.0000000000000000, 0.0000000000000000)
 rho_net(2,6,3,3) = (0.0000000000000000, 0.0000000000000000)
 rho_net(2,6,3,4) = (0.0000000000000000, 0.0000000000000000)
 rho_net(2,6,4,1) = (0.0000000000000000, 0.0000000000000000)
 rho_net(2,6,4,2) = (0.0000000000000000, 0.0000000000000000)
 rho_net(2,6,4,3) = (0.0000000000000000, 0.0000000000000000)
 rho_net(2,6,4,4) = (0.0000000000000000, 0.0000000000000000)
 rho_net(2,6,5,1) = (0.0000000000000000, 0.0000000000000000)
 rho_net(2,6,5,2) = (0.0000000000000000, 0.0000000000000000)
 rho_net(2,6,5,3) = (0.0000000000000000, 0.0000000000000000)
 rho_net(2,6,5,4) = (0.0000000000000000, 0.0000000000000000)
 rho_net(2,6,6,1) = (0.68990375836774787, 0.0000000000000000)
 rho_net(2,6,6,2) = (0.68990375836774720, 0.0000000000000000)
 rho_net(2,6,6,3) = (-6.9847024561853819E-017, -0.24290361290830670)
 rho_net(2,6,6,4) = (-6.9847024561853819E-017, 0.24290361290830670)
 rho_net(2,6,7,1) = (0.0000000000000000, 0.0000000000000000)
 rho_net(2,6,7,2) = (0.0000000000000000, 0.0000000000000000)
 rho_net(2,6,7,3) = (0.0000000000000000, 0.0000000000000000)
 rho_net(2,6,7,4) = (0.0000000000000000, 0.0000000000000000)
 rho_net(2,6,8,1) = (0.0000000000000000, 0.0000000000000000)
 rho_net(2,6,8,2) = (0.0000000000000000, 0.0000000000000000)
 rho_net(2,6,8,3) = (0.0000000000000000, 0.0000000000000000)
 rho_net(2,6,8,4) = (0.0000000000000000, 0.0000000000000000)
 rho_net(2,6,9,1) = (0.0000000000000000, 0.0000000000000000)
 rho_net(2,6,9,2) = (0.0000000000000000, 0.0000000000000000)
 rho_net(2,6,9,3) = (0.0000000000000000, 0.0000000000000000)
 rho_net(2,6,9,4) = (0.0000000000000000, 0.0000000000000000)
 rho_net(2,7,1,1) = (0.0000000000000000, 0.0000000000000000)
 rho_net(2,7,1,2) = (0.0000000000000000, 0.0000000000000000)
 rho_net(2,7,1,3) = (0.0000000000000000, 0.0000000000000000)
 rho_net(2,7,1,4) = (0.0000000000000000, 0.0000000000000000)
 rho_net(2,7,2,1) = (0.0000000000000000, 0.0000000000000000)
 rho_net(2,7,2,2) = (0.0000000000000000, 0.0000000000000000)
 rho_net(2,7,2,3) = (0.0000000000000000, 0.0000000000000000)
 rho_net(2,7,2,4) = (0.0000000000000000, 0.0000000000000000)
 rho_net(2,7,3,1) = (0.0000000000000000, 0.0000000000000000)
 rho_net(2,7,3,2) = (0.0000000000000000, 0.0000000000000000)
 rho_net(2,7,3,3) = (0.0000000000000000, 0.0000000000000000)
 rho_net(2,7,3,4) = (0.0000000000000000, 0.0000000000000000)
 rho_net(2,7,4,1) = (0.0000000000000000, 0.0000000000000000)
 rho_net(2,7,4,2) = (0.0000000000000000, 0.0000000000000000)
 rho_net(2,7,4,3) = (0.0000000000000000, 0.0000000000000000)
 rho_net(2,7,4,4) = (0.0000000000000000, 0.0000000000000000)
 rho_net(2,7,5,1) = (0.0000000000000000, 0.0000000000000000)
 rho_net(2,7,5,2) = (0.0000000000000000, 0.0000000000000000)
 rho_net(2,7,5,3) = (0.0000000000000000, 0.0000000000000000)
 rho_net(2,7,5,4) = (0.0000000000000000, 0.0000000000000000)
 rho_net(2,7,6,1) = (0.0000000000000000, 0.0000000000000000)
 rho_net(2,7,6,2) = (0.0000000000000000, 0.0000000000000000)
 rho_net(2,7,6,3) = (0.0000000000000000, 0.0000000000000000)
 rho_net(2,7,6,4) = (0.0000000000000000, 0.0000000000000000)
 rho_net(2,7,7,1) = (0.69010954217233067, 0.0000000000000000)
 rho_net(2,7,7,2) = (0.69010954217233067, 0.0000000000000000)
 rho_net(2,7,7,3) = (-5.5553845109672801E-017, -0.24287754649343421)
 rho_net(2,7,7,4) = (-5.5553845109672801E-017, 0.24287754649343421)
 rho_net(2,7,8,1) = (0.0000000000000000, 0.0000000000000000)
 rho_net(2,7,8,2) = (0.0000000000000000, 0.0000000000000000)
 rho_net(2,7,8,3) = (0.0000000000000000, 0.0000000000000000)
 rho_net(2,7,8,4) = (0.0000000000000000, 0.0000000000000000)
 rho_net(2,7,9,1) = (0.0000000000000000, 0.0000000000000000)
 rho_net(2,7,9,2) = (0.0000000000000000, 0.0000000000000000)
 rho_net(2,7,9,3) = (0.0000000000000000, 0.0000000000000000)
 rho_net(2,7,9,4) = (0.0000000000000000, 0.0000000000000000)
 rho_net(2,8,1,1) = (0.0000000000000000, 0.0000000000000000)
 rho_net(2,8,1,2) = (0.0000000000000000, 0.0000000000000000)
 rho_net(2,8,1,3) = (0.0000000000000000, 0.0000000000000000)
 rho_net(2,8,1,4) = (0.0000000000000000, 0.0000000000000000)
 rho_net(2,8,2,1) = (0.0000000000000000, 0.0000000000000000)
 rho_net(2,8,2,2) = (0.0000000000000000, 0.0000000000000000)
 rho_net(2,8,2,3) = (0.0000000000000000, 0.0000000000000000)
 rho_net(2,8,2,4) = (0.0000000000000000, 0.0000000000000000)
 rho_net(2,8,3,1) = (0.0000000000000000, 0.0000000000000000)
 rho_net(2,8,3,2) = (0.0000000000000000, 0.0000000000000000)
 rho_net(2,8,3,3) = (0.0000000000000000, 0.0000000000000000)
 rho_net(2,8,3,4) = (0.0000000000000000, 0.0000000000000000)
 rho_net(2,8,4,1) = (0.0000000000000000, 0.0000000000000000)
 rho_net(2,8,4,2) = (0.0000000000000000, 0.0000000000000000)
 rho_net(2,8,4,3) = (0.0000000000000000, 0.0000000000000000)
 rho_net(2,8,4,4) = (0.0000000000000000, 0.0000000000000000)
 rho_net(2,8,5,1) = (0.0000000000000000, 0.0000000000000000)
 rho_net(2,8,5,2) = (0.0000000000000000, 0.0000000000000000)
 rho_net(2,8,5,3) = (0.0000000000000000, 0.0000000000000000)
 rho_net(2,8,5,4) = (0.0000000000000000, 0.0000000000000000)
 rho_net(2,8,6,1) = (0.0000000000000000, 0.0000000000000000)
 rho_net(2,8,6,2) = (0.0000000000000000, 0.0000000000000000)
 rho_net(2,8,6,3) = (0.0000000000000000, 0.0000000000000000)
 rho_net(2,8,6,4) = (0.0000000000000000, 0.0000000000000000)
 rho_net(2,8,7,1) = (0.0000000000000000, 0.0000000000000000)
 rho_net(2,8,7,2) = (0.0000000000000000, 0.0000000000000000)
 rho_net(2,8,7,3) = (0.0000000000000000, 0.0000000000000000)
 rho_net(2,8,7,4) = (0.0000000000000000, 0.0000000000000000)
 rho_net(2,8,8,1) = (0.63407172195764305, 0.0000000000000000)
 rho_net(2,8,8,2) = (0.63407172195764305, 0.0000000000000000)
 rho_net(2,8,8,3) = (1.1078309367591557E-017, -0.36307382661906812)
 rho_net(2,8,8,4) = (1.1078309367591557E-017, 0.36307382661906812)
 rho_net(2,8,9,1) = (0.0000000000000000, 0.0000000000000000)
 rho_net(2,8,9,2) = (0.0000000000000000, 0.0000000000000000)
 rho_net(2,8,9,3) = (0.0000000000000000, 0.0000000000000000)
 rho_net(2,8,9,4) = (0.0000000000000000, 0.0000000000000000)
 rho_net(2,9,1,1) = (0.0000000000000000, 0.0000000000000000)
 rho_net(2,9,1,2) = (0.0000000000000000, 0.0000000000000000)
 rho_net(2,9,1,3) = (0.0000000000000000, 0.0000000000000000)
 rho_net(2,9,1,4) = (0.0000000000000000, 0.0000000000000000)
 rho_net(2,9,2,1) = (0.0000000000000000, 0.0000000000000000)
 rho_net(2,9,2,2) = (0.0000000000000000, 0.0000000000000000)
 rho_net(2,9,2,3) = (0.0000000000000000, 0.0000000000000000)
 rho_net(2,9,2,4) = (0.0000000000000000, 0.0000000000000000)
 rho_net(2,9,3,1) = (0.0000000000000000, 0.0000000000000000)
 rho_net(2,9,3,2) = (0.0000000000000000, 0.0000000000000000)
 rho_net(2,9,3,3) = (0.0000000000000000, 0.0000000000000000)
 rho_net(2,9,3,4) = (0.0000000000000000, 0.0000000000000000)
 rho_net(2,9,4,1) = (0.0000000000000000, 0.0000000000000000)
 rho_net(2,9,4,2) = (0.0000000000000000, 0.0000000000000000)
 rho_net(2,9,4,3) = (0.0000000000000000, 0.0000000000000000)
 rho_net(2,9,4,4) = (0.0000000000000000, 0.0000000000000000)
 rho_net(2,9,5,1) = (0.0000000000000000, 0.0000000000000000)
 rho_net(2,9,5,2) = (0.0000000000000000, 0.0000000000000000)
 rho_net(2,9,5,3) = (0.0000000000000000, 0.0000000000000000)
 rho_net(2,9,5,4) = (0.0000000000000000, 0.0000000000000000)
 rho_net(2,9,6,1) = (0.0000000000000000, 0.0000000000000000)
 rho_net(2,9,6,2) = (0.0000000000000000, 0.0000000000000000)
 rho_net(2,9,6,3) = (0.0000000000000000, 0.0000000000000000)
 rho_net(2,9,6,4) = (0.0000000000000000, 0.0000000000000000)
 rho_net(2,9,7,1) = (0.0000000000000000, 0.0000000000000000)
 rho_net(2,9,7,2) = (0.0000000000000000, 0.0000000000000000)
 rho_net(2,9,7,3) = (0.0000000000000000, 0.0000000000000000)
 rho_net(2,9,7,4) = (0.0000000000000000, 0.0000000000000000)
 rho_net(2,9,8,1) = (0.0000000000000000, 0.0000000000000000)
 rho_net(2,9,8,2) = (0.0000000000000000, 0.0000000000000000)
 rho_net(2,9,8,3) = (0.0000000000000000, 0.0000000000000000)
 rho_net(2,9,8,4) = (0.0000000000000000, 0.0000000000000000)
 rho_net(2,9,9,1) = (0.67401279574391226, 0.0000000000000000)
 rho_net(2,9,9,2) = (0.67401279574391226, 0.0000000000000000)
 rho_net(2,9,9,3) = (-1.3291608681442733E-017, -0.28805543813897877)
 rho_net(2,9,9,4) = (-1.3291608681442733E-017, 0.28805543813897877)
 rho_net(3,1,1,1) = (0.33549265554856145, 0.0000000000000000)
 rho_net(3,1,1,2) = (0.33549265554856145, 0.0000000000000000)
 rho_net(3,1,1,3) = (-2.4306058111570206E-002, 4.9557478922289903E-018)
 rho_net(3,1,1,4) = (-2.4306058111570206E-002, -4.9557478922289903E-018)
 rho_net(3,1,2,1) = (0.0000000000000000, 0.0000000000000000)
 rho_net(3,1,2,2) = (0.0000000000000000, 0.0000000000000000)
 rho_net(3,1,2,3) = (0.0000000000000000, 0.0000000000000000)
 rho_net(3,1,2,4) = (0.0000000000000000, 0.0000000000000000)
 rho_net(3,1,3,1) = (0.0000000000000000, 0.0000000000000000)
 rho_net(3,1,3,2) = (0.0000000000000000, 0.0000000000000000)
 rho_net(3,1,3,3) = (0.0000000000000000, 0.0000000000000000)
 rho_net(3,1,3,4) = (0.0000000000000000, 0.0000000000000000)
 rho_net(3,1,4,1) = (0.0000000000000000, 0.0000000000000000)
 rho_net(3,1,4,2) = (0.0000000000000000, 0.0000000000000000)
 rho_net(3,1,4,3) = (0.0000000000000000, 0.0000000000000000)
 rho_net(3,1,4,4) = (0.0000000000000000, 0.0000000000000000)
 rho_net(3,1,5,1) = (0.0000000000000000, 0.0000000000000000)
 rho_net(3,1,5,2) = (0.0000000000000000, 0.0000000000000000)
 rho_net(3,1,5,3) = (0.0000000000000000, 0.0000000000000000)
 rho_net(3,1,5,4) = (0.0000000000000000, 0.0000000000000000)
 rho_net(3,1,6,1) = (0.0000000000000000, 0.0000000000000000)
 rho_net(3,1,6,2) = (0.0000000000000000, 0.0000000000000000)
 rho_net(3,1,6,3) = (0.0000000000000000, 0.0000000000000000)
 rho_net(3,1,6,4) = (0.0000000000000000, 0.0000000000000000)
 rho_net(3,1,7,1) = (0.0000000000000000, 0.0000000000000000)
 rho_net(3,1,7,2) = (0.0000000000000000, 0.0000000000000000)
 rho_net(3,1,7,3) = (0.0000000000000000, 0.0000000000000000)
 rho_net(3,1,7,4) = (0.0000000000000000, 0.0000000000000000)
 rho_net(3,1,8,1) = (0.0000000000000000, 0.0000000000000000)
 rho_net(3,1,8,2) = (0.0000000000000000, 0.0000000000000000)
 rho_net(3,1,8,3) = (0.0000000000000000, 0.0000000000000000)
 rho_net(3,1,8,4) = (0.0000000000000000, 0.0000000000000000)
 rho_net(3,1,9,1) = (0.0000000000000000, 0.0000000000000000)
 rho_net(3,1,9,2) = (0.0000000000000000, 0.0000000000000000)
 rho_net(3,1,9,3) = (0.0000000000000000, 0.0000000000000000)
 rho_net(3,1,9,4) = (0.0000000000000000, 0.0000000000000000)
 rho_net(3,2,1,1) = (0.0000000000000000, 0.0000000000000000)
 rho_net(3,2,1,2) = (0.0000000000000000, 0.0000000000000000)
 rho_net(3,2,1,3) = (0.0000000000000000, 0.0000000000000000)
 rho_net(3,2,1,4) = (0.0000000000000000, 0.0000000000000000)
 rho_net(3,2,2,1) = (1.1426244040952166E-002, 0.0000000000000000)
 rho_net(3,2,2,2) = (1.1426244040952173E-002, 0.0000000000000000)
 rho_net(3,2,2,3) = (1.5835757333600091E-004, 2.1429635280860438E-018)
 rho_net(3,2,2,4) = (1.5835757333600091E-004, -2.1429635280860438E-018)
 rho_net(3,2,3,1) = (0.0000000000000000, 0.0000000000000000)
 rho_net(3,2,3,2) = (0.0000000000000000, 0.0000000000000000)
 rho_net(3,2,3,3) = (0.0000000000000000, 0.0000000000000000)
 rho_net(3,2,3,4) = (0.0000000000000000, 0.0000000000000000)
 rho_net(3,2,4,1) = (0.0000000000000000, 0.0000000000000000)
 rho_net(3,2,4,2) = (0.0000000000000000, 0.0000000000000000)
 rho_net(3,2,4,3) = (0.0000000000000000, 0.0000000000000000)
 rho_net(3,2,4,4) = (0.0000000000000000, 0.0000000000000000)
 rho_net(3,2,5,1) = (0.0000000000000000, 0.0000000000000000)
 rho_net(3,2,5,2) = (0.0000000000000000, 0.0000000000000000)
 rho_net(3,2,5,3) = (0.0000000000000000, 0.0000000000000000)
 rho_net(3,2,5,4) = (0.0000000000000000, 0.0000000000000000)
 rho_net(3,2,6,1) = (0.0000000000000000, 0.0000000000000000)
 rho_net(3,2,6,2) = (0.0000000000000000, 0.0000000000000000)
 rho_net(3,2,6,3) = (0.0000000000000000, 0.0000000000000000)
 rho_net(3,2,6,4) = (0.0000000000000000, 0.0000000000000000)
 rho_net(3,2,7,1) = (0.0000000000000000, 0.0000000000000000)
 rho_net(3,2,7,2) = (0.0000000000000000, 0.0000000000000000)
 rho_net(3,2,7,3) = (0.0000000000000000, 0.0000000000000000)
 rho_net(3,2,7,4) = (0.0000000000000000, 0.0000000000000000)
 rho_net(3,2,8,1) = (0.0000000000000000, 0.0000000000000000)
 rho_net(3,2,8,2) = (0.0000000000000000, 0.0000000000000000)
 rho_net(3,2,8,3) = (0.0000000000000000, 0.0000000000000000)
 rho_net(3,2,8,4) = (0.0000000000000000, 0.0000000000000000)
 rho_net(3,2,9,1) = (0.0000000000000000, 0.0000000000000000)
 rho_net(3,2,9,2) = (0.0000000000000000, 0.0000000000000000)
 rho_net(3,2,9,3) = (0.0000000000000000, 0.0000000000000000)
 rho_net(3,2,9,4) = (0.0000000000000000, 0.0000000000000000)
 rho_net(3,3,1,1) = (0.0000000000000000, 0.0000000000000000)
 rho_net(3,3,1,2) = (0.0000000000000000, 0.0000000000000000)
 rho_net(3,3,1,3) = (0.0000000000000000, 0.0000000000000000)
 rho_net(3,3,1,4) = (0.0000000000000000, 0.0000000000000000)
 rho_net(3,3,2,1) = (0.0000000000000000, 0.0000000000000000)
 rho_net(3,3,2,2) = (0.0000000000000000, 0.0000000000000000)
 rho_net(3,3,2,3) = (0.0000000000000000, 0.0000000000000000)
 rho_net(3,3,2,4) = (0.0000000000000000, 0.0000000000000000)
 rho_net(3,3,3,1) = (1.1430802572253308E-002, 0.0000000000000000)
 rho_net(3,3,3,2) = (1.1430802572253290E-002, 0.0000000000000000)
 rho_net(3,3,3,3) = (1.6724704543707720E-004, -1.3909477234758541E-019)
 rho_net(3,3,3,4) = (1.6724704543707720E-004, 1.3909477234758541E-019)
 rho_net(3,3,4,1) = (0.0000000000000000, 0.0000000000000000)
 rho_net(3,3,4,2) = (0.0000000000000000, 0.0000000000000000)
 rho_net(3,3,4,3) = (0.0000000000000000, 0.0000000000000000)
 rho_net(3,3,4,4) = (0.0000000000000000, 0.0000000000000000)
 rho_net(3,3,5,1) = (0.0000000000000000, 0.0000000000000000)
 rho_net(3,3,5,2) = (0.0000000000000000, 0.0000000000000000)
 rho_net(3,3,5,3) = (0.0000000000000000, 0.0000000000000000)
 rho_net(3,3,5,4) = (0.0000000000000000, 0.0000000000000000)
 rho_net(3,3,6,1) = (0.0000000000000000, 0.0000000000000000)
 rho_net(3,3,6,2) = (0.0000000000000000, 0.0000000000000000)
 rho_net(3,3,6,3) = (0.0000000000000000, 0.0000000000000000)
 rho_net(3,3,6,4) = (0.0000000000000000, 0.0000000000000000)
 rho_net(3,3,7,1) = (0.0000000000000000, 0.0000000000000000)
 rho_net(3,3,7,2) = (0.0000000000000000, 0.0000000000000000)
 rho_net(3,3,7,3) = (0.0000000000000000, 0.0000000000000000)
 rho_net(3,3,7,4) = (0.0000000000000000, 0.0000000000000000)
 rho_net(3,3,8,1) = (0.0000000000000000, 0.0000000000000000)
 rho_net(3,3,8,2) = (0.0000000000000000, 0.0000000000000000)
 rho_net(3,3,8,3) = (0.0000000000000000, 0.0000000000000000)
 rho_net(3,3,8,4) = (0.0000000000000000, 0.0000000000000000)
 rho_net(3,3,9,1) = (0.0000000000000000, 0.0000000000000000)
 rho_net(3,3,9,2) = (0.0000000000000000, 0.0000000000000000)
 rho_net(3,3,9,3) = (0.0000000000000000, 0.0000000000000000)
 rho_net(3,3,9,4) = (0.0000000000000000, 0.0000000000000000)
 rho_net(3,4,1,1) = (0.0000000000000000, 0.0000000000000000)
 rho_net(3,4,1,2) = (0.0000000000000000, 0.0000000000000000)
 rho_net(3,4,1,3) = (0.0000000000000000, 0.0000000000000000)
 rho_net(3,4,1,4) = (0.0000000000000000, 0.0000000000000000)
 rho_net(3,4,2,1) = (0.0000000000000000, 0.0000000000000000)
 rho_net(3,4,2,2) = (0.0000000000000000, 0.0000000000000000)
 rho_net(3,4,2,3) = (0.0000000000000000, 0.0000000000000000)
 rho_net(3,4,2,4) = (0.0000000000000000, 0.0000000000000000)
 rho_net(3,4,3,1) = (0.0000000000000000, 0.0000000000000000)
 rho_net(3,4,3,2) = (0.0000000000000000, 0.0000000000000000)
 rho_net(3,4,3,3) = (0.0000000000000000, 0.0000000000000000)
 rho_net(3,4,3,4) = (0.0000000000000000, 0.0000000000000000)
 rho_net(3,4,4,1) = (7.2008110476158113E-002, 0.0000000000000000)
 rho_net(3,4,4,2) = (7.2008110476158224E-002, 0.0000000000000000)
 rho_net(3,4,4,3) = (-3.0215228045939566E-003, -3.7659739674264682E-018)
 rho_net(3,4,4,4) = (-3.0215228045939566E-003, 3.7659739674264682E-018)
 rho_net(3,4,5,1) = (0.0000000000000000, 0.0000000000000000)
 rho_net(3,4,5,2) = (0.0000000000000000, 0.0000000000000000)
 rho_net(3,4,5,3) = (0.0000000000000000, 0.0000000000000000)
 rho_net(3,4,5,4) = (0.0000000000000000, 0.0000000000000000)
 rho_net(3,4,6,1) = (0.0000000000000000, 0.0000000000000000)
 rho_net(3,4,6,2) = (0.0000000000000000, 0.0000000000000000)
 rho_net(3,4,6,3) = (0.0000000000000000, 0.0000000000000000)
 rho_net(3,4,6,4) = (0.0000000000000000, 0.0000000000000000)
 rho_net(3,4,7,1) = (0.0000000000000000, 0.0000000000000000)
 rho_net(3,4,7,2) = (0.0000000000000000, 0.0000000000000000)
 rho_net(3,4,7,3) = (0.0000000000000000, 0.0000000000000000)
 rho_net(3,4,7,4) = (0.0000000000000000, 0.0000000000000000)
 rho_net(3,4,8,1) = (0.0000000000000000, 0.0000000000000000)
 rho_net(3,4,8,2) = (0.0000000000000000, 0.0000000000000000)
 rho_net(3,4,8,3) = (0.0000000000000000, 0.0000000000000000)
 rho_net(3,4,8,4) = (0.0000000000000000, 0.0000000000000000)
 rho_net(3,4,9,1) = (0.0000000000000000, 0.0000000000000000)
 rho_net(3,4,9,2) = (0.0000000000000000, 0.0000000000000000)
 rho_net(3,4,9,3) = (0.0000000000000000, 0.0000000000000000)
 rho_net(3,4,9,4) = (0.0000000000000000, 0.0000000000000000)
 rho_net(3,5,1,1) = (0.0000000000000000, 0.0000000000000000)
 rho_net(3,5,1,2) = (0.0000000000000000, 0.0000000000000000)
 rho_net(3,5,1,3) = (0.0000000000000000, 0.0000000000000000)
 rho_net(3,5,1,4) = (0.0000000000000000, 0.0000000000000000)
 rho_net(3,5,2,1) = (0.0000000000000000, 0.0000000000000000)
 rho_net(3,5,2,2) = (0.0000000000000000, 0.0000000000000000)
 rho_net(3,5,2,3) = (0.0000000000000000, 0.0000000000000000)
 rho_net(3,5,2,4) = (0.0000000000000000, 0.0000000000000000)
 rho_net(3,5,3,1) = (0.0000000000000000, 0.0000000000000000)
 rho_net(3,5,3,2) = (0.0000000000000000, 0.0000000000000000)
 rho_net(3,5,3,3) = (0.0000000000000000, 0.0000000000000000)
 rho_net(3,5,3,4) = (0.0000000000000000, 0.0000000000000000)
 rho_net(3,5,4,1) = (0.0000000000000000, 0.0000000000000000)
 rho_net(3,5,4,2) = (0.0000000000000000, 0.0000000000000000)
 rho_net(3,5,4,3) = (0.0000000000000000, 0.0000000000000000)
 rho_net(3,5,4,4) = (0.0000000000000000, 0.0000000000000000)
 rho_net(3,5,5,1) = (0.63407853632142352, 0.0000000000000000)
 rho_net(3,5,5,2) = (0.63407853632142330, 0.0000000000000000)
 rho_net(3,5,5,3) = (-0.36306712082245091, -4.7727556933504116E-017)
 rho_net(3,5,5,4) = (-0.36306712082245091, 4.7727556933504116E-017)
 rho_net(3,5,6,1) = (0.0000000000000000, 0.0000000000000000)
 rho_net(3,5,6,2) = (0.0000000000000000, 0.0000000000000000)
 rho_net(3,5,6,3) = (0.0000000000000000, 0.0000000000000000)
 rho_net(3,5,6,4) = (0.0000000000000000, 0.0000000000000000)
 rho_net(3,5,7,1) = (0.0000000000000000, 0.0000000000000000)
 rho_net(3,5,7,2) = (0.0000000000000000, 0.0000000000000000)
 rho_net(3,5,7,3) = (0.0000000000000000, 0.0000000000000000)
 rho_net(3,5,7,4) = (0.0000000000000000, 0.0000000000000000)
 rho_net(3,5,8,1) = (0.0000000000000000, 0.0000000000000000)
 rho_net(3,5,8,2) = (0.0000000000000000, 0.0000000000000000)
 rho_net(3,5,8,3) = (0.0000000000000000, 0.0000000000000000)
 rho_net(3,5,8,4) = (0.0000000000000000, 0.0000000000000000)
 rho_net(3,5,9,1) = (0.0000000000000000, 0.0000000000000000)
 rho_net(3,5,9,2) = (0.0000000000000000, 0.0000000000000000)
 rho_net(3,5,9,3) = (0.0000000000000000, 0.0000000000000000)
 rho_net(3,5,9,4) = (0.0000000000000000, 0.0000000000000000)
 rho_net(3,6,1,1) = (0.0000000000000000, 0.0000000000000000)
 rho_net(3,6,1,2) = (0.0000000000000000, 0.0000000000000000)
 rho_net(3,6,1,3) = (0.0000000000000000, 0.0000000000000000)
 rho_net(3,6,1,4) = (0.0000000000000000, 0.0000000000000000)
 rho_net(3,6,2,1) = (0.0000000000000000, 0.0000000000000000)
 rho_net(3,6,2,2) = (0.0000000000000000, 0.0000000000000000)
 rho_net(3,6,2,3) = (0.0000000000000000, 0.0000000000000000)
 rho_net(3,6,2,4) = (0.0000000000000000, 0.0000000000000000)
 rho_net(3,6,3,1) = (0.0000000000000000, 0.0000000000000000)
 rho_net(3,6,3,2) = (0.0000000000000000, 0.0000000000000000)
 rho_net(3,6,3,3) = (0.0000000000000000, 0.0000000000000000)
 rho_net(3,6,3,4) = (0.0000000000000000, 0.0000000000000000)
 rho_net(3,6,4,1) = (0.0000000000000000, 0.0000000000000000)
 rho_net(3,6,4,2) = (0.0000000000000000, 0.0000000000000000)
 rho_net(3,6,4,3) = (0.0000000000000000, 0.0000000000000000)
 rho_net(3,6,4,4) = (0.0000000000000000, 0.0000000000000000)
 rho_net(3,6,5,1) = (0.0000000000000000, 0.0000000000000000)
 rho_net(3,6,5,2) = (0.0000000000000000, 0.0000000000000000)
 rho_net(3,6,5,3) = (0.0000000000000000, 0.0000000000000000)
 rho_net(3,6,5,4) = (0.0000000000000000, 0.0000000000000000)
 rho_net(3,6,6,1) = (0.69010954217233234, 0.0000000000000000)
 rho_net(3,6,6,2) = (0.69010954217233234, 0.0000000000000000)
 rho_net(3,6,6,3) = (-0.24287754649343252, -1.1650875438532286E-016)
 rho_net(3,6,6,4) = (-0.24287754649343252, 1.1650875438532286E-016)
 rho_net(3,6,7,1) = (0.0000000000000000, 0.0000000000000000)
 rho_net(3,6,7,2) = (0.0000000000000000, 0.0000000000000000)
 rho_net(3,6,7,3) = (0.0000000000000000, 0.0000000000000000)
 rho_net(3,6,7,4) = (0.0000000000000000, 0.0000000000000000)
 rho_net(3,6,8,1) = (0.0000000000000000, 0.0000000000000000)
 rho_net(3,6,8,2) = (0.0000000000000000, 0.0000000000000000)
 rho_net(3,6,8,3) = (0.0000000000000000, 0.0000000000000000)
 rho_net(3,6,8,4) = (0.0000000000000000, 0.0000000000000000)
 rho_net(3,6,9,1) = (0.0000000000000000, 0.0000000000000000)
 rho_net(3,6,9,2) = (0.0000000000000000, 0.0000000000000000)
 rho_net(3,6,9,3) = (0.0000000000000000, 0.0000000000000000)
 rho_net(3,6,9,4) = (0.0000000000000000, 0.0000000000000000)
 rho_net(3,7,1,1) = (0.0000000000000000, 0.0000000000000000)
 rho_net(3,7,1,2) = (0.0000000000000000, 0.0000000000000000)
 rho_net(3,7,1,3) = (0.0000000000000000, 0.0000000000000000)
 rho_net(3,7,1,4) = (0.0000000000000000, 0.0000000000000000)
 rho_net(3,7,2,1) = (0.0000000000000000, 0.0000000000000000)
 rho_net(3,7,2,2) = (0.0000000000000000, 0.0000000000000000)
 rho_net(3,7,2,3) = (0.0000000000000000, 0.0000000000000000)
 rho_net(3,7,2,4) = (0.0000000000000000, 0.0000000000000000)
 rho_net(3,7,3,1) = (0.0000000000000000, 0.0000000000000000)
 rho_net(3,7,3,2) = (0.0000000000000000, 0.0000000000000000)
 rho_net(3,7,3,3) = (0.0000000000000000, 0.0000000000000000)
 rho_net(3,7,3,4) = (0.0000000000000000, 0.0000000000000000)
 rho_net(3,7,4,1) = (0.0000000000000000, 0.0000000000000000)
 rho_net(3,7,4,2) = (0.0000000000000000, 0.0000000000000000)
 rho_net(3,7,4,3) = (0.0000000000000000, 0.0000000000000000)
 rho_net(3,7,4,4) = (0.0000000000000000, 0.0000000000000000)
 rho_net(3,7,5,1) = (0.0000000000000000, 0.0000000000000000)
 rho_net(3,7,5,2) = (0.0000000000000000, 0.0000000000000000)
 rho_net(3,7,5,3) = (0.0000000000000000, 0.0000000000000000)
 rho_net(3,7,5,4) = (0.0000000000000000, 0.0000000000000000)
 rho_net(3,7,6,1) = (0.0000000000000000, 0.0000000000000000)
 rho_net(3,7,6,2) = (0.0000000000000000, 0.0000000000000000)
 rho_net(3,7,6,3) = (0.0000000000000000, 0.0000000000000000)
 rho_net(3,7,6,4) = (0.0000000000000000, 0.0000000000000000)
 rho_net(3,7,7,1) = (0.68990375836774909, 0.0000000000000000)
 rho_net(3,7,7,2) = (0.68990375836774931, 0.0000000000000000)
 rho_net(3,7,7,3) = (-0.24290361290830478, -1.1240323616459358E-016)
 rho_net(3,7,7,4) = (-0.24290361290830478, 1.1240323616459358E-016)
 rho_net(3,7,8,1) = (0.0000000000000000, 0.0000000000000000)
 rho_net(3,7,8,2) = (0.0000000000000000, 0.0000000000000000)
 rho_net(3,7,8,3) = (0.0000000000000000, 0.0000000000000000)
 rho_net(3,7,8,4) = (0.0000000000000000, 0.0000000000000000)
 rho_net(3,7,9,1) = (0.0000000000000000, 0.0000000000000000)
 rho_net(3,7,9,2) = (0.0000000000000000, 0.0000000000000000)
 rho_net(3,7,9,3) = (0.0000000000000000, 0.0000000000000000)
 rho_net(3,7,9,4) = (0.0000000000000000, 0.0000000000000000)
 rho_net(3,8,1,1) = (0.0000000000000000, 0.0000000000000000)
 rho_net(3,8,1,2) = (0.0000000000000000, 0.0000000000000000)
 rho_net(3,8,1,3) = (0.0000000000000000, 0.0000000000000000)
 rho_net(3,8,1,4) = (0.0000000000000000, 0.0000000000000000)
 rho_net(3,8,2,1) = (0.0000000000000000, 0.0000000000000000)
 rho_net(3,8,2,2) = (0.0000000000000000, 0.0000000000000000)
 rho_net(3,8,2,3) = (0.0000000000000000, 0.0000000000000000)
 rho_net(3,8,2,4) = (0.0000000000000000, 0.0000000000000000)
 rho_net(3,8,3,1) = (0.0000000000000000, 0.0000000000000000)
 rho_net(3,8,3,2) = (0.0000000000000000, 0.0000000000000000)
 rho_net(3,8,3,3) = (0.0000000000000000, 0.0000000000000000)
 rho_net(3,8,3,4) = (0.0000000000000000, 0.0000000000000000)
 rho_net(3,8,4,1) = (0.0000000000000000, 0.0000000000000000)
 rho_net(3,8,4,2) = (0.0000000000000000, 0.0000000000000000)
 rho_net(3,8,4,3) = (0.0000000000000000, 0.0000000000000000)
 rho_net(3,8,4,4) = (0.0000000000000000, 0.0000000000000000)
 rho_net(3,8,5,1) = (0.0000000000000000, 0.0000000000000000)
 rho_net(3,8,5,2) = (0.0000000000000000, 0.0000000000000000)
 rho_net(3,8,5,3) = (0.0000000000000000, 0.0000000000000000)
 rho_net(3,8,5,4) = (0.0000000000000000, 0.0000000000000000)
 rho_net(3,8,6,1) = (0.0000000000000000, 0.0000000000000000)
 rho_net(3,8,6,2) = (0.0000000000000000, 0.0000000000000000)
 rho_net(3,8,6,3) = (0.0000000000000000, 0.0000000000000000)
 rho_net(3,8,6,4) = (0.0000000000000000, 0.0000000000000000)
 rho_net(3,8,7,1) = (0.0000000000000000, 0.0000000000000000)
 rho_net(3,8,7,2) = (0.0000000000000000, 0.0000000000000000)
 rho_net(3,8,7,3) = (0.0000000000000000, 0.0000000000000000)
 rho_net(3,8,7,4) = (0.0000000000000000, 0.0000000000000000)
 rho_net(3,8,8,1) = (0.63407172195764672, 0.0000000000000000)
 rho_net(3,8,8,2) = (0.63407172195764649, 0.0000000000000000)
 rho_net(3,8,8,3) = (-0.36307382661906434, -8.4064084975391394E-017)
 rho_net(3,8,8,4) = (-0.36307382661906434, 8.4064084975391394E-017)
 rho_net(3,8,9,1) = (0.0000000000000000, 0.0000000000000000)
 rho_net(3,8,9,2) = (0.0000000000000000, 0.0000000000000000)
 rho_net(3,8,9,3) = (0.0000000000000000, 0.0000000000000000)
 rho_net(3,8,9,4) = (0.0000000000000000, 0.0000000000000000)
 rho_net(3,9,1,1) = (0.0000000000000000, 0.0000000000000000)
 rho_net(3,9,1,2) = (0.0000000000000000, 0.0000000000000000)
 rho_net(3,9,1,3) = (0.0000000000000000, 0.0000000000000000)
 rho_net(3,9,1,4) = (0.0000000000000000, 0.0000000000000000)
 rho_net(3,9,2,1) = (0.0000000000000000, 0.0000000000000000)
 rho_net(3,9,2,2) = (0.0000000000000000, 0.0000000000000000)
 rho_net(3,9,2,3) = (0.0000000000000000, 0.0000000000000000)
 rho_net(3,9,2,4) = (0.0000000000000000, 0.0000000000000000)
 rho_net(3,9,3,1) = (0.0000000000000000, 0.0000000000000000)
 rho_net(3,9,3,2) = (0.0000000000000000, 0.0000000000000000)
 rho_net(3,9,3,3) = (0.0000000000000000, 0.0000000000000000)
 rho_net(3,9,3,4) = (0.0000000000000000, 0.0000000000000000)
 rho_net(3,9,4,1) = (0.0000000000000000, 0.0000000000000000)
 rho_net(3,9,4,2) = (0.0000000000000000, 0.0000000000000000)
 rho_net(3,9,4,3) = (0.0000000000000000, 0.0000000000000000)
 rho_net(3,9,4,4) = (0.0000000000000000, 0.0000000000000000)
 rho_net(3,9,5,1) = (0.0000000000000000, 0.0000000000000000)
 rho_net(3,9,5,2) = (0.0000000000000000, 0.0000000000000000)
 rho_net(3,9,5,3) = (0.0000000000000000, 0.0000000000000000)
 rho_net(3,9,5,4) = (0.0000000000000000, 0.0000000000000000)
 rho_net(3,9,6,1) = (0.0000000000000000, 0.0000000000000000)
 rho_net(3,9,6,2) = (0.0000000000000000, 0.0000000000000000)
 rho_net(3,9,6,3) = (0.0000000000000000, 0.0000000000000000)
 rho_net(3,9,6,4) = (0.0000000000000000, 0.0000000000000000)
 rho_net(3,9,7,1) = (0.0000000000000000, 0.0000000000000000)
 rho_net(3,9,7,2) = (0.0000000000000000, 0.0000000000000000)
 rho_net(3,9,7,3) = (0.0000000000000000, 0.0000000000000000)
 rho_net(3,9,7,4) = (0.0000000000000000, 0.0000000000000000)
 rho_net(3,9,8,1) = (0.0000000000000000, 0.0000000000000000)
 rho_net(3,9,8,2) = (0.0000000000000000, 0.0000000000000000)
 rho_net(3,9,8,3) = (0.0000000000000000, 0.0000000000000000)
 rho_net(3,9,8,4) = (0.0000000000000000, 0.0000000000000000)
 rho_net(3,9,9,1) = (0.67401279574391371, 0.0000000000000000)
 rho_net(3,9,9,2) = (0.67401279574391371, 0.0000000000000000)
 rho_net(3,9,9,3) = (-0.28805543813897794, -2.8446895490186596E-017)
 rho_net(3,9,9,4) = (-0.28805543813897794, 2.8446895490186596E-017)
 rho_net(4,1,1,1) = (0.33549265554856078, 0.0000000000000000)
 rho_net(4,1,1,2) = (0.33549265554856100, 0.0000000000000000)
 rho_net(4,1,1,3) = (-1.5175133655386040E-017, 2.4306058111570290E-002)
 rho_net(4,1,1,4) = (-1.5175133655386040E-017, -2.4306058111570290E-002)
 rho_net(4,1,2,1) = (0.0000000000000000, 0.0000000000000000)
 rho_net(4,1,2,2) = (0.0000000000000000, 0.0000000000000000)
 rho_net(4,1,2,3) = (0.0000000000000000, 0.0000000000000000)
 rho_net(4,1,2,4) = (0.0000000000000000, 0.0000000000000000)
 rho_net(4,1,3,1) = (0.0000000000000000, 0.0000000000000000)
 rho_net(4,1,3,2) = (0.0000000000000000, 0.0000000000000000)
 rho_net(4,1,3,3) = (0.0000000000000000, 0.0000000000000000)
 rho_net(4,1,3,4) = (0.0000000000000000, 0.0000000000000000)
 rho_net(4,1,4,1) = (0.0000000000000000, 0.0000000000000000)
 rho_net(4,1,4,2) = (0.0000000000000000, 0.0000000000000000)
 rho_net(4,1,4,3) = (0.0000000000000000, 0.0000000000000000)
 rho_net(4,1,4,4) = (0.0000000000000000, 0.0000000000000000)
 rho_net(4,1,5,1) = (0.0000000000000000, 0.0000000000000000)
 rho_net(4,1,5,2) = (0.0000000000000000, 0.0000000000000000)
 rho_net(4,1,5,3) = (0.0000000000000000, 0.0000000000000000)
 rho_net(4,1,5,4) = (0.0000000000000000, 0.0000000000000000)
 rho_net(4,1,6,1) = (0.0000000000000000, 0.0000000000000000)
 rho_net(4,1,6,2) = (0.0000000000000000, 0.0000000000000000)
 rho_net(4,1,6,3) = (0.0000000000000000, 0.0000000000000000)
 rho_net(4,1,6,4) = (0.0000000000000000, 0.0000000000000000)
 rho_net(4,1,7,1) = (0.0000000000000000, 0.0000000000000000)
 rho_net(4,1,7,2) = (0.0000000000000000, 0.0000000000000000)
 rho_net(4,1,7,3) = (0.0000000000000000, 0.0000000000000000)
 rho_net(4,1,7,4) = (0.0000000000000000, 0.0000000000000000)
 rho_net(4,1,8,1) = (0.0000000000000000, 0.0000000000000000)
 rho_net(4,1,8,2) = (0.0000000000000000, 0.0000000000000000)
 rho_net(4,1,8,3) = (0.0000000000000000, 0.0000000000000000)
 rho_net(4,1,8,4) = (0.0000000000000000, 0.0000000000000000)
 rho_net(4,1,9,1) = (0.0000000000000000, 0.0000000000000000)
 rho_net(4,1,9,2) = (0.0000000000000000, 0.0000000000000000)
 rho_net(4,1,9,3) = (0.0000000000000000, 0.0000000000000000)
 rho_net(4,1,9,4) = (0.0000000000000000, 0.0000000000000000)
 rho_net(4,2,1,1) = (0.0000000000000000, 0.0000000000000000)
 rho_net(4,2,1,2) = (0.0000000000000000, 0.0000000000000000)
 rho_net(4,2,1,3) = (0.0000000000000000, 0.0000000000000000)
 rho_net(4,2,1,4) = (0.0000000000000000, 0.0000000000000000)
 rho_net(4,2,2,1) = (1.1430802572253304E-002, 0.0000000000000000)
 rho_net(4,2,2,2) = (1.1430802572253308E-002, 0.0000000000000000)
 rho_net(4,2,2,3) = (2.1130509596824697E-018, -1.6724704543710043E-004)
 rho_net(4,2,2,4) = (2.1130509596824697E-018, 1.6724704543710043E-004)
 rho_net(4,2,3,1) = (0.0000000000000000, 0.0000000000000000)
 rho_net(4,2,3,2) = (0.0000000000000000, 0.0000000000000000)
 rho_net(4,2,3,3) = (0.0000000000000000, 0.0000000000000000)
 rho_net(4,2,3,4) = (0.0000000000000000, 0.0000000000000000)
 rho_net(4,2,4,1) = (0.0000000000000000, 0.0000000000000000)
 rho_net(4,2,4,2) = (0.0000000000000000, 0.0000000000000000)
 rho_net(4,2,4,3) = (0.0000000000000000, 0.0000000000000000)
 rho_net(4,2,4,4) = (0.0000000000000000, 0.0000000000000000)
 rho_net(4,2,5,1) = (0.0000000000000000, 0.0000000000000000)
 rho_net(4,2,5,2) = (0.0000000000000000, 0.0000000000000000)
 rho_net(4,2,5,3) = (0.0000000000000000, 0.0000000000000000)
 rho_net(4,2,5,4) = (0.0000000000000000, 0.0000000000000000)
 rho_net(4,2,6,1) = (0.0000000000000000, 0.0000000000000000)
 rho_net(4,2,6,2) = (0.0000000000000000, 0.0000000000000000)
 rho_net(4,2,6,3) = (0.0000000000000000, 0.0000000000000000)
 rho_net(4,2,6,4) = (0.0000000000000000, 0.0000000000000000)
 rho_net(4,2,7,1) = (0.0000000000000000, 0.0000000000000000)
 rho_net(4,2,7,2) = (0.0000000000000000, 0.0000000000000000)
 rho_net(4,2,7,3) = (0.0000000000000000, 0.0000000000000000)
 rho_net(4,2,7,4) = (0.0000000000000000, 0.0000000000000000)
 rho_net(4,2,8,1) = (0.0000000000000000, 0.0000000000000000)
 rho_net(4,2,8,2) = (0.0000000000000000, 0.0000000000000000)
 rho_net(4,2,8,3) = (0.0000000000000000, 0.0000000000000000)
 rho_net(4,2,8,4) = (0.0000000000000000, 0.0000000000000000)
 rho_net(4,2,9,1) = (0.0000000000000000, 0.0000000000000000)
 rho_net(4,2,9,2) = (0.0000000000000000, 0.0000000000000000)
 rho_net(4,2,9,3) = (0.0000000000000000, 0.0000000000000000)
 rho_net(4,2,9,4) = (0.0000000000000000, 0.0000000000000000)
 rho_net(4,3,1,1) = (0.0000000000000000, 0.0000000000000000)
 rho_net(4,3,1,2) = (0.0000000000000000, 0.0000000000000000)
 rho_net(4,3,1,3) = (0.0000000000000000, 0.0000000000000000)
 rho_net(4,3,1,4) = (0.0000000000000000, 0.0000000000000000)
 rho_net(4,3,2,1) = (0.0000000000000000, 0.0000000000000000)
 rho_net(4,3,2,2) = (0.0000000000000000, 0.0000000000000000)
 rho_net(4,3,2,3) = (0.0000000000000000, 0.0000000000000000)
 rho_net(4,3,2,4) = (0.0000000000000000, 0.0000000000000000)
 rho_net(4,3,3,1) = (1.1426244040952178E-002, 0.0000000000000000)
 rho_net(4,3,3,2) = (1.1426244040952178E-002, 0.0000000000000000)
 rho_net(4,3,3,3) = (2.7781490822253898E-018, -1.5835757333602457E-004)
 rho_net(4,3,3,4) = (2.7781490822253898E-018, 1.5835757333602457E-004)
 rho_net(4,3,4,1) = (0.0000000000000000, 0.0000000000000000)
 rho_net(4,3,4,2) = (0.0000000000000000, 0.0000000000000000)
 rho_net(4,3,4,3) = (0.0000000000000000, 0.0000000000000000)
 rho_net(4,3,4,4) = (0.0000000000000000, 0.0000000000000000)
 rho_net(4,3,5,1) = (0.0000000000000000, 0.0000000000000000)
 rho_net(4,3,5,2) = (0.0000000000000000, 0.0000000000000000)
 rho_net(4,3,5,3) = (0.0000000000000000, 0.0000000000000000)
 rho_net(4,3,5,4) = (0.0000000000000000, 0.0000000000000000)
 rho_net(4,3,6,1) = (0.0000000000000000, 0.0000000000000000)
 rho_net(4,3,6,2) = (0.0000000000000000, 0.0000000000000000)
 rho_net(4,3,6,3) = (0.0000000000000000, 0.0000000000000000)
 rho_net(4,3,6,4) = (0.0000000000000000, 0.0000000000000000)
 rho_net(4,3,7,1) = (0.0000000000000000, 0.0000000000000000)
 rho_net(4,3,7,2) = (0.0000000000000000, 0.0000000000000000)
 rho_net(4,3,7,3) = (0.0000000000000000, 0.0000000000000000)
 rho_net(4,3,7,4) = (0.0000000000000000, 0.0000000000000000)
 rho_net(4,3,8,1) = (0.0000000000000000, 0.0000000000000000)
 rho_net(4,3,8,2) = (0.0000000000000000, 0.0000000000000000)
 rho_net(4,3,8,3) = (0.0000000000000000, 0.0000000000000000)
 rho_net(4,3,8,4) = (0.0000000000000000, 0.0000000000000000)
 rho_net(4,3,9,1) = (0.0000000000000000, 0.0000000000000000)
 rho_net(4,3,9,2) = (0.0000000000000000, 0.0000000000000000)
 rho_net(4,3,9,3) = (0.0000000000000000, 0.0000000000000000)
 rho_net(4,3,9,4) = (0.0000000000000000, 0.0000000000000000)
 rho_net(4,4,1,1) = (0.0000000000000000, 0.0000000000000000)
 rho_net(4,4,1,2) = (0.0000000000000000, 0.0000000000000000)
 rho_net(4,4,1,3) = (0.0000000000000000, 0.0000000000000000)
 rho_net(4,4,1,4) = (0.0000000000000000, 0.0000000000000000)
 rho_net(4,4,2,1) = (0.0000000000000000, 0.0000000000000000)
 rho_net(4,4,2,2) = (0.0000000000000000, 0.0000000000000000)
 rho_net(4,4,2,3) = (0.0000000000000000, 0.0000000000000000)
 rho_net(4,4,2,4) = (0.0000000000000000, 0.0000000000000000)
 rho_net(4,4,3,1) = (0.0000000000000000, 0.0000000000000000)
 rho_net(4,4,3,2) = (0.0000000000000000, 0.0000000000000000)
 rho_net(4,4,3,3) = (0.0000000000000000, 0.0000000000000000)
 rho_net(4,4,3,4) = (0.0000000000000000, 0.0000000000000000)
 rho_net(4,4,4,1) = (7.2008110476158030E-002, 0.0000000000000000)
 rho_net(4,4,4,2) = (7.2008110476158113E-002, 0.0000000000000000)
 rho_net(4,4,4,3) = (5.5766160366848244E-019, 3.0215228045939587E-003)
 rho_net(4,4,4,4) = (5.5766160366848244E-019, -3.0215228045939587E-003)
 rho_net(4,4,5,1) = (0.0000000000000000, 0.0000000000000000)
 rho_net(4,4,5,2) = (0.0000000000000000, 0.0000000000000000)
 rho_net(4,4,5,3) = (0.0000000000000000, 0.0000000000000000)
 rho_net(4,4,5,4) = (0.0000000000000000, 0.0000000000000000)
 rho_net(4,4,6,1) = (0.0000000000000000, 0.0000000000000000)
 rho_net(4,4,6,2) = (0.0000000000000000, 0.0000000000000000)
 rho_net(4,4,6,3) = (0.0000000000000000, 0.0000000000000000)
 rho_net(4,4,6,4) = (0.0000000000000000, 0.0000000000000000)
 rho_net(4,4,7,1) = (0.0000000000000000, 0.0000000000000000)
 rho_net(4,4,7,2) = (0.0000000000000000, 0.0000000000000000)
 rho_net(4,4,7,3) = (0.0000000000000000, 0.0000000000000000)
 rho_net(4,4,7,4) = (0.0000000000000000, 0.0000000000000000)
 rho_net(4,4,8,1) = (0.0000000000000000, 0.0000000000000000)
 rho_net(4,4,8,2) = (0.0000000000000000, 0.0000000000000000)
 rho_net(4,4,8,3) = (0.0000000000000000, 0.0000000000000000)
 rho_net(4,4,8,4) = (0.0000000000000000, 0.0000000000000000)
 rho_net(4,4,9,1) = (0.0000000000000000, 0.0000000000000000)
 rho_net(4,4,9,2) = (0.0000000000000000, 0.0000000000000000)
 rho_net(4,4,9,3) = (0.0000000000000000, 0.0000000000000000)
 rho_net(4,4,9,4) = (0.0000000000000000, 0.0000000000000000)
 rho_net(4,5,1,1) = (0.0000000000000000, 0.0000000000000000)
 rho_net(4,5,1,2) = (0.0000000000000000, 0.0000000000000000)
 rho_net(4,5,1,3) = (0.0000000000000000, 0.0000000000000000)
 rho_net(4,5,1,4) = (0.0000000000000000, 0.0000000000000000)
 rho_net(4,5,2,1) = (0.0000000000000000, 0.0000000000000000)
 rho_net(4,5,2,2) = (0.0000000000000000, 0.0000000000000000)
 rho_net(4,5,2,3) = (0.0000000000000000, 0.0000000000000000)
 rho_net(4,5,2,4) = (0.0000000000000000, 0.0000000000000000)
 rho_net(4,5,3,1) = (0.0000000000000000, 0.0000000000000000)
 rho_net(4,5,3,2) = (0.0000000000000000, 0.0000000000000000)
 rho_net(4,5,3,3) = (0.0000000000000000, 0.0000000000000000)
 rho_net(4,5,3,4) = (0.0000000000000000, 0.0000000000000000)
 rho_net(4,5,4,1) = (0.0000000000000000, 0.0000000000000000)
 rho_net(4,5,4,2) = (0.0000000000000000, 0.0000000000000000)
 rho_net(4,5,4,3) = (0.0000000000000000, 0.0000000000000000)
 rho_net(4,5,4,4) = (0.0000000000000000, 0.0000000000000000)
 rho_net(4,5,5,1) = (0.63407853632141942, 0.0000000000000000)
 rho_net(4,5,5,2) = (0.63407853632141875, 0.0000000000000000)
 rho_net(4,5,5,3) = (-3.1599761825406846E-017, 0.36306712082245529)
 rho_net(4,5,5,4) = (-3.1599761825406846E-017, -0.36306712082245529)
 rho_net(4,5,6,1) = (0.0000000000000000, 0.0000000000000000)
 rho_net(4,5,6,2) = (0.0000000000000000, 0.0000000000000000)
 rho_net(4,5,6,3) = (0.0000000000000000, 0.0000000000000000)
 rho_net(4,5,6,4) = (0.0000000000000000, 0.0000000000000000)
 rho_net(4,5,7,1) = (0.0000000000000000, 0.0000000000000000)
 rho_net(4,5,7,2) = (0.0000000000000000, 0.0000000000000000)
 rho_net(4,5,7,3) = (0.0000000000000000, 0.0000000000000000)
 rho_net(4,5,7,4) = (0.0000000000000000, 0.0000000000000000)
 rho_net(4,5,8,1) = (0.0000000000000000, 0.0000000000000000)
 rho_net(4,5,8,2) = (0.0000000000000000, 0.0000000000000000)
 rho_net(4,5,8,3) = (0.0000000000000000, 0.0000000000000000)
 rho_net(4,5,8,4) = (0.0000000000000000, 0.0000000000000000)
 rho_net(4,5,9,1) = (0.0000000000000000, 0.0000000000000000)
 rho_net(4,5,9,2) = (0.0000000000000000, 0.0000000000000000)
 rho_net(4,5,9,3) = (0.0000000000000000, 0.0000000000000000)
 rho_net(4,5,9,4) = (0.0000000000000000, 0.0000000000000000)
 rho_net(4,6,1,1) = (0.0000000000000000, 0.0000000000000000)
 rho_net(4,6,1,2) = (0.0000000000000000, 0.0000000000000000)
 rho_net(4,6,1,3) = (0.0000000000000000, 0.0000000000000000)
 rho_net(4,6,1,4) = (0.0000000000000000, 0.0000000000000000)
 rho_net(4,6,2,1) = (0.0000000000000000, 0.0000000000000000)
 rho_net(4,6,2,2) = (0.0000000000000000, 0.0000000000000000)
 rho_net(4,6,2,3) = (0.0000000000000000, 0.0000000000000000)
 rho_net(4,6,2,4) = (0.0000000000000000, 0.0000000000000000)
 rho_net(4,6,3,1) = (0.0000000000000000, 0.0000000000000000)
 rho_net(4,6,3,2) = (0.0000000000000000, 0.0000000000000000)
 rho_net(4,6,3,3) = (0.0000000000000000, 0.0000000000000000)
 rho_net(4,6,3,4) = (0.0000000000000000, 0.0000000000000000)
 rho_net(4,6,4,1) = (0.0000000000000000, 0.0000000000000000)
 rho_net(4,6,4,2) = (0.0000000000000000, 0.0000000000000000)
 rho_net(4,6,4,3) = (0.0000000000000000, 0.0000000000000000)
 rho_net(4,6,4,4) = (0.0000000000000000, 0.0000000000000000)
 rho_net(4,6,5,1) = (0.0000000000000000, 0.0000000000000000)
 rho_net(4,6,5,2) = (0.0000000000000000, 0.0000000000000000)
 rho_net(4,6,5,3) = (0.0000000000000000, 0.0000000000000000)
 rho_net(4,6,5,4) = (0.0000000000000000, 0.0000000000000000)
 rho_net(4,6,6,1) = (0.68990375836774742, 0.0000000000000000)
 rho_net(4,6,6,2) = (0.68990375836774742, 0.0000000000000000)
 rho_net(4,6,6,3) = (3.4767250196767084E-017, 0.24290361290830645)
 rho_net(4,6,6,4) = (3.4767250196767084E-017, -0.24290361290830645)
 rho_net(4,6,7,1) = (0.0000000000000000, 0.0000000000000000)
 rho_net(4,6,7,2) = (0.0000000000000000, 0.0000000000000000)
 rho_net(4,6,7,3) = (0.0000000000000000, 0.0000000000000000)
 rho_net(4,6,7,4) = (0.0000000000000000, 0.0000000000000000)
 rho_net(4,6,8,1) = (0.0000000000000000, 0.0000000000000000)
 rho_net(4,6,8,2) = (0.0000000000000000, 0.0000000000000000)
 rho_net(4,6,8,3) = (0.0000000000000000, 0.0000000000000000)
 rho_net(4,6,8,4) = (0.0000000000000000, 0.0000000000000000)
 rho_net(4,6,9,1) = (0.0000000000000000, 0.0000000000000000)
 rho_net(4,6,9,2) = (0.0000000000000000, 0.0000000000000000)
 rho_net(4,6,9,3) = (0.0000000000000000, 0.0000000000000000)
 rho_net(4,6,9,4) = (0.0000000000000000, 0.0000000000000000)
 rho_net(4,7,1,1) = (0.0000000000000000, 0.0000000000000000)
 rho_net(4,7,1,2) = (0.0000000000000000, 0.0000000000000000)
 rho_net(4,7,1,3) = (0.0000000000000000, 0.0000000000000000)
 rho_net(4,7,1,4) = (0.0000000000000000, 0.0000000000000000)
 rho_net(4,7,2,1) = (0.0000000000000000, 0.0000000000000000)
 rho_net(4,7,2,2) = (0.0000000000000000, 0.0000000000000000)
 rho_net(4,7,2,3) = (0.0000000000000000, 0.0000000000000000)
 rho_net(4,7,2,4) = (0.0000000000000000, 0.0000000000000000)
 rho_net(4,7,3,1) = (0.0000000000000000, 0.0000000000000000)
 rho_net(4,7,3,2) = (0.0000000000000000, 0.0000000000000000)
 rho_net(4,7,3,3) = (0.0000000000000000, 0.0000000000000000)
 rho_net(4,7,3,4) = (0.0000000000000000, 0.0000000000000000)
 rho_net(4,7,4,1) = (0.0000000000000000, 0.0000000000000000)
 rho_net(4,7,4,2) = (0.0000000000000000, 0.0000000000000000)
 rho_net(4,7,4,3) = (0.0000000000000000, 0.0000000000000000)
 rho_net(4,7,4,4) = (0.0000000000000000, 0.0000000000000000)
 rho_net(4,7,5,1) = (0.0000000000000000, 0.0000000000000000)
 rho_net(4,7,5,2) = (0.0000000000000000, 0.0000000000000000)
 rho_net(4,7,5,3) = (0.0000000000000000, 0.0000000000000000)
 rho_net(4,7,5,4) = (0.0000000000000000, 0.0000000000000000)
 rho_net(4,7,6,1) = (0.0000000000000000, 0.0000000000000000)
 rho_net(4,7,6,2) = (0.0000000000000000, 0.0000000000000000)
 rho_net(4,7,6,3) = (0.0000000000000000, 0.0000000000000000)
 rho_net(4,7,6,4) = (0.0000000000000000, 0.0000000000000000)
 rho_net(4,7,7,1) = (0.69010954217233089, 0.0000000000000000)
 rho_net(4,7,7,2) = (0.69010954217233045, 0.0000000000000000)
 rho_net(4,7,7,3) = (4.7018017160780366E-017, 0.24287754649343424)
 rho_net(4,7,7,4) = (4.7018017160780366E-017, -0.24287754649343424)
 rho_net(4,7,8,1) = (0.0000000000000000, 0.0000000000000000)
 rho_net(4,7,8,2) = (0.0000000000000000, 0.0000000000000000)
 rho_net(4,7,8,3) = (0.0000000000000000, 0.0000000000000000)
 rho_net(4,7,8,4) = (0.0000000000000000, 0.0000000000000000)
 rho_net(4,7,9,1) = (0.0000000000000000, 0.0000000000000000)
 rho_net(4,7,9,2) = (0.0000000000000000, 0.0000000000000000)
 rho_net(4,7,9,3) = (0.0000000000000000, 0.0000000000000000)
 rho_net(4,7,9,4) = (0.0000000000000000, 0.0000000000000000)
 rho_net(4,8,1,1) = (0.0000000000000000, 0.0000000000000000)
 rho_net(4,8,1,2) = (0.0000000000000000, 0.0000000000000000)
 rho_net(4,8,1,3) = (0.0000000000000000, 0.0000000000000000)
 rho_net(4,8,1,4) = (0.0000000000000000, 0.0000000000000000)
 rho_net(4,8,2,1) = (0.0000000000000000, 0.0000000000000000)
 rho_net(4,8,2,2) = (0.0000000000000000, 0.0000000000000000)
 rho_net(4,8,2,3) = (0.0000000000000000, 0.0000000000000000)
 rho_net(4,8,2,4) = (0.0000000000000000, 0.0000000000000000)
 rho_net(4,8,3,1) = (0.0000000000000000, 0.0000000000000000)
 rho_net(4,8,3,2) = (0.0000000000000000, 0.0000000000000000)
 rho_net(4,8,3,3) = (0.0000000000000000, 0.0000000000000000)
 rho_net(4,8,3,4) = (0.0000000000000000, 0.0000000000000000)
 rho_net(4,8,4,1) = (0.0000000000000000, 0.0000000000000000)
 rho_net(4,8,4,2) = (0.0000000000000000, 0.0000000000000000)
 rho_net(4,8,4,3) = (0.0000000000000000, 0.0000000000000000)
 rho_net(4,8,4,4) = (0.0000000000000000, 0.0000000000000000)
 rho_net(4,8,5,1) = (0.0000000000000000, 0.0000000000000000)
 rho_net(4,8,5,2) = (0.0000000000000000, 0.0000000000000000)
 rho_net(4,8,5,3) = (0.0000000000000000, 0.0000000000000000)
 rho_net(4,8,5,4) = (0.0000000000000000, 0.0000000000000000)
 rho_net(4,8,6,1) = (0.0000000000000000, 0.0000000000000000)
 rho_net(4,8,6,2) = (0.0000000000000000, 0.0000000000000000)
 rho_net(4,8,6,3) = (0.0000000000000000, 0.0000000000000000)
 rho_net(4,8,6,4) = (0.0000000000000000, 0.0000000000000000)
 rho_net(4,8,7,1) = (0.0000000000000000, 0.0000000000000000)
 rho_net(4,8,7,2) = (0.0000000000000000, 0.0000000000000000)
 rho_net(4,8,7,3) = (0.0000000000000000, 0.0000000000000000)
 rho_net(4,8,7,4) = (0.0000000000000000, 0.0000000000000000)
 rho_net(4,8,8,1) = (0.63407172195764239, 0.0000000000000000)
 rho_net(4,8,8,2) = (0.63407172195764239, 0.0000000000000000)
 rho_net(4,8,8,3) = (-4.7730043221297711E-017, 0.36307382661906895)
 rho_net(4,8,8,4) = (-4.7730043221297711E-017, -0.36307382661906895)
 rho_net(4,8,9,1) = (0.0000000000000000, 0.0000000000000000)
 rho_net(4,8,9,2) = (0.0000000000000000, 0.0000000000000000)
 rho_net(4,8,9,3) = (0.0000000000000000, 0.0000000000000000)
 rho_net(4,8,9,4) = (0.0000000000000000, 0.0000000000000000)
 rho_net(4,9,1,1) = (0.0000000000000000, 0.0000000000000000)
 rho_net(4,9,1,2) = (0.0000000000000000, 0.0000000000000000)
 rho_net(4,9,1,3) = (0.0000000000000000, 0.0000000000000000)
 rho_net(4,9,1,4) = (0.0000000000000000, 0.0000000000000000)
 rho_net(4,9,2,1) = (0.0000000000000000, 0.0000000000000000)
 rho_net(4,9,2,2) = (0.0000000000000000, 0.0000000000000000)
 rho_net(4,9,2,3) = (0.0000000000000000, 0.0000000000000000)
 rho_net(4,9,2,4) = (0.0000000000000000, 0.0000000000000000)
 rho_net(4,9,3,1) = (0.0000000000000000, 0.0000000000000000)
 rho_net(4,9,3,2) = (0.0000000000000000, 0.0000000000000000)
 rho_net(4,9,3,3) = (0.0000000000000000, 0.0000000000000000)
 rho_net(4,9,3,4) = (0.0000000000000000, 0.0000000000000000)
 rho_net(4,9,4,1) = (0.0000000000000000, 0.0000000000000000)
 rho_net(4,9,4,2) = (0.0000000000000000, 0.0000000000000000)
 rho_net(4,9,4,3) = (0.0000000000000000, 0.0000000000000000)
 rho_net(4,9,4,4) = (0.0000000000000000, 0.0000000000000000)
 rho_net(4,9,5,1) = (0.0000000000000000, 0.0000000000000000)
 rho_net(4,9,5,2) = (0.0000000000000000, 0.0000000000000000)
 rho_net(4,9,5,3) = (0.0000000000000000, 0.0000000000000000)
 rho_net(4,9,5,4) = (0.0000000000000000, 0.0000000000000000)
 rho_net(4,9,6,1) = (0.0000000000000000, 0.0000000000000000)
 rho_net(4,9,6,2) = (0.0000000000000000, 0.0000000000000000)
 rho_net(4,9,6,3) = (0.0000000000000000, 0.0000000000000000)
 rho_net(4,9,6,4) = (0.0000000000000000, 0.0000000000000000)
 rho_net(4,9,7,1) = (0.0000000000000000, 0.0000000000000000)
 rho_net(4,9,7,2) = (0.0000000000000000, 0.0000000000000000)
 rho_net(4,9,7,3) = (0.0000000000000000, 0.0000000000000000)
 rho_net(4,9,7,4) = (0.0000000000000000, 0.0000000000000000)
 rho_net(4,9,8,1) = (0.0000000000000000, 0.0000000000000000)
 rho_net(4,9,8,2) = (0.0000000000000000, 0.0000000000000000)
 rho_net(4,9,8,3) = (0.0000000000000000, 0.0000000000000000)
 rho_net(4,9,8,4) = (0.0000000000000000, 0.0000000000000000)
 rho_net(4,9,9,1) = (0.67401279574391237, 0.0000000000000000)
 rho_net(4,9,9,2) = (0.67401279574391237, 0.0000000000000000)
 rho_net(4,9,9,3) = (-6.4442785849645507E-017, 0.28805543813897910)
 rho_net(4,9,9,4) = (-6.4442785849645507E-017, -0.28805543813897910)
 /
