&charge
 q_mul(1,1,0) = 0.96385159470160719
 q_mul(1,1,1) = 8.0842561326621221E-005
 q_mul(1,1,2) = 8.0842561326621004E-005
 q_mul(1,1,3) = -1.8785796875892588E-002
 q_mul(1,2,0) = 0.12895263586650352
 q_mul(1,2,1) = 3.1135657086667554E-006
 q_mul(1,2,2) = 3.1135657086659558E-006
 q_mul(1,2,3) = -1.7443440139020910E-003
 q_mul(1,3,0) = 8.9071957704113522
 q_mul(1,3,1) = -3.1591668248804224E-003
 q_mul(1,3,2) = -3.1591668248767924E-003
 q_mul(1,3,3) = 0.64900274022342874
 rho_net(1,1,1,1) = (0.44080271488272388, 0.0000000000000000)
 rho_net(1,1,1,2) = (0.46050369903767413, 0.0000000000000000)
 rho_net(1,1,1,3) = (4.2641765527364183E-005, -4.2641765527361120E-005)
 rho_net(1,1,1,4) = (4.2641765527364183E-005, 4.2641765527361120E-005)
 rho_net(1,1,2,1) = (0.0000000000000000, 0.0000000000000000)
 rho_net(1,1,2,2) = (0.0000000000000000, 0.0000000000000000)
 rho_net(1,1,2,3) = (0.0000000000000000, 0.0000000000000000)
 rho_net(1,1,2,4) = (0.0000000000000000, 0.0000000000000000)
 rho_net(1,1,3,1) = (0.0000000000000000, 0.0000000000000000)
 rho_net(1,1,3,2) = (0.0000000000000000, 0.0000000000000000)
 rho_net(1,1,3,3) = (0.0000000000000000, 0.0000000000000000)
 rho_net(1,1,3,4) = (0.0000000000000000, 0.0000000000000000)
 rho_net(1,1,4,1) = (0.0000000000000000, 0.0000000000000000)
 rho_net(1,1,4,2) = (0.0000000000000000, 0.0000000000000000)
 rho_net(1,1,4,3) = (0.0000000000000000, 0.0000000000000000)
 rho_net(1,1,4,4) = (0.0000000000000000, 0.0000000000000000)
 rho_net(1,1,5,1) = (0.0000000000000000, 0.0000000000000000)
 rho_net(1,1,5,2) = (0.0000000000000000, 0.0000000000000000)
 rho_net(1,1,5,3) = (0.0000000000000000, 0.0000000000000000)
 rho_net(1,1,5,4) = (0.0000000000000000, 0.0000000000000000)
 rho_net(1,1,6,1) = (0.0000000000000000, 0.0000000000000000)
 rho_net(1,1,6,2) = (0.0000000000000000, 0.0000000000000000)
 rho_net(1,1,6,3) = (0.0000000000000000, 0.0000000000000000)
 rho_net(1,1,6,4) = (0.0000000000000000, 0.0000000000000000)
 rho_net(1,1,7,1) = (0.0000000000000000, 0.0000000000000000)
 rho_net(1,1,7,2) = (0.0000000000000000, 0.0000000000000000)
 rho_net(1,1,7,3) = (0.0000000000000000, 0.0000000000000000)
 rho_net(1,1,7,4) = (0.0000000000000000, 0.0000000000000000)
 rho_net(1,1,8,1) = (0.0000000000000000, 0.0000000000000000)
 rho_net(1,1,8,2) = (0.0000000000000000, 0.0000000000000000)
 rho_net(1,1,8,3) = (0.0000000000000000, 0.0000000000000000)
 rho_net(1,1,8,4) = (0.0000000000000000, 0.0000000000000000)
 rho_net(1,1,9,1) = (0.0000000000000000, 0.0000000000000000)
 rho_net(1,1,9,2) = (0.0000000000000000, 0.0000000000000000)
 rho_net(1,1,9,3) = (0.0000000000000000, 0.0000000000000000)
 rho_net(1,1,9,4) = (0.0000000000000000, 0.0000000000000000)
 rho_net(1,2,1,1) = (0.0000000000000000, 0.0000000000000000)
 rho_net(1,2,1,2) = (0.0000000000000000, 0.0000000000000000)
 rho_net(1,2,1,3) = (0.0000000000000000, 0.0000000000000000)
 rho_net(1,2,1,4) = (0.0000000000000000, 0.0000000000000000)
 rho_net(1,2,2,1) = (1.3764544036196291E-002, 0.0000000000000000)
 rho_net(1,2,2,2) = (1.4443891213955807E-002, 0.0000000000000000)
 rho_net(1,2,2,3) = (7.6016627080966035E-008, -1.8431519514133956E-006)
 rho_net(1,2,2,4) = (7.6016627080966035E-008, 1.8431519514133956E-006)
 rho_net(1,2,3,1) = (0.0000000000000000, 0.0000000000000000)
 rho_net(1,2,3,2) = (0.0000000000000000, 0.0000000000000000)
 rho_net(1,2,3,3) = (0.0000000000000000, 0.0000000000000000)
 rho_net(1,2,3,4) = (0.0000000000000000, 0.0000000000000000)
 rho_net(1,2,4,1) = (0.0000000000000000, 0.0000000000000000)
 rho_net(1,2,4,2) = (0.0000000000000000, 0.0000000000000000)
 rho_net(1,2,4,3) = (0.0000000000000000, 0.0000000000000000)
 rho_net(1,2,4,4) = (0.0000000000000000, 0.0000000000000000)
 rho_net(1,2,5,1) = (0.0000000000000000, 0.0000000000000000)
 rho_net(1,2,5,2) = (0.0000000000000000, 0.0000000000000000)
 rho_net(1,2,5,3) = (0.0000000000000000, 0.0000000000000000)
 rho_net(1,2,5,4) = (0.0000000000000000, 0.0000000000000000)
 rho_net(1,2,6,1) = (0.0000000000000000, 0.0000000000000000)
 rho_net(1,2,6,2) = (0.0000000000000000, 0.0000000000000000)
 rho_net(1,2,6,3) = (0.0000000000000000, 0.0000000000000000)
 rho_net(1,2,6,4) = (0.0000000000000000, 0.0000000000000000)
 rho_net(1,2,7,1) = (0.0000000000000000, 0.0000000000000000)
 rho_net(1,2,7,2) = (0.0000000000000000, 0.0000000000000000)
 rho_net(1,2,7,3) = (0.0000000000000000, 0.0000000000000000)
 rho_net(1,2,7,4) = (0.0000000000000000, 0.0000000000000000)
 rho_net(1,2,8,1) = (0.0000000000000000, 0.0000000000000000)
 rho_net(1,2,8,2) = (0.0000000000000000, 0.0000000000000000)
 rho_net(1,2,8,3) = (0.0000000000000000, 0.0000000000000000)
 rho_net(1,2,8,4) = (0.0000000000000000, 0.0000000000000000)
 rho_net(1,2,9,1) = (0.0000000000000000, 0.0000000000000000)
 rho_net(1,2,9,2) = (0.0000000000000000, 0.0000000000000000)
 rho_net(1,2,9,3) = (0.0000000000000000, 0.0000000000000000)
 rho_net(1,2,9,4) = (0.0000000000000000, 0.0000000000000000)
 rho_net(1,3,1,1) = (0.0000000000000000, 0.0000000000000000)
 rho_net(1,3,1,2) = (0.0000000000000000, 0.0000000000000000)
 rho_net(1,3,1,3) = (0.0000000000000000, 0.0000000000000000)
 rho_net(1,3,1,4) = (0.0000000000000000, 0.0000000000000000)
 rho_net(1,3,2,1) = (0.0000000000000000, 0.0000000000000000)
 rho_net(1,3,2,2) = (0.0000000000000000, 0.0000000000000000)
 rho_net(1,3,2,3) = (0.0000000000000000, 0.0000000000000000)
 rho_net(1,3,2,4) = (0.0000000000000000, 0.0000000000000000)
 rho_net(1,3,3,1) = (1.3764544036196300E-002, 0.0000000000000000)
 rho_net(1,3,3,2) = (1.4443891213955774E-002, 0.0000000000000000)
 rho_net(1,3,3,3) = (1.8431519514147186E-006, -7.6016627082545751E-008)
 rho_net(1,3,3,4) = (1.8431519514147186E-006, 7.6016627082545751E-008)
 rho_net(1,3,4,1) = (0.0000000000000000, 0.0000000000000000)
 rho_net(1,3,4,2) = (0.0000000000000000, 0.0000000000000000)
 rho_net(1,3,4,3) = (0.0000000000000000, 0.0000000000000000)
 rho_net(1,3,4,4) = (0.0000000000000000, 0.0000000000000000)
 rho_net(1,3,5,1) = (0.0000000000000000, 0.0000000000000000)
 rho_net(1,3,5,2) = (0.0000000000000000, 0.0000000000000000)
 rho_net(1,3,5,3) = (0.0000000000000000, 0.0000000000000000)
 rho_net(1,3,5,4) = (0.0000000000000000, 0.0000000000000000)
 rho_net(1,3,6,1) = (0.0000000000000000, 0.0000000000000000)
 rho_net(1,3,6,2) = (0.0000000000000000, 0.0000000000000000)
 rho_net(1,3,6,3) = (0.0000000000000000, 0.0000000000000000)
 rho_net(1,3,6,4) = (0.0000000000000000, 0.0000000000000000)
 rho_net(1,3,7,1) = (0.0000000000000000, 0.0000000000000000)
 rho_net(1,3,7,2) = (0.0000000000000000, 0.0000000000000000)
 rho_net(1,3,7,3) = (0.0000000000000000, 0.0000000000000000)
 rho_net(1,3,7,4) = (0.0000000000000000, 0.0000000000000000)
 rho_net(1,3,8,1) = (0.0000000000000000, 0.0000000000000000)
 rho_net(1,3,8,2) = (0.0000000000000000, 0.0000000000000000)
 rho_net(1,3,8,3) = (0.0000000000000000, 0.0000000000000000)
 rho_net(1,3,8,4) = (0.0000000000000000, 0.0000000000000000)
 rho_net(1,3,9,1) = (0.0000000000000000, 0.0000000000000000)
 rho_net(1,3,9,2) = (0.0000000000000000, 0.0000000000000000)
 rho_net(1,3,9,3) = (0.0000000000000000, 0.0000000000000000)
 rho_net(1,3,9,4) = (0.0000000000000000, 0.0000000000000000)
 rho_net(1,4,1,1) = (0.0000000000000000, 0.0000000000000000)
 rho_net(1,4,1,2) = (0.0000000000000000, 0.0000000000000000)
 rho_net(1,4,1,3) = (0.0000000000000000, 0.0000000000000000)
 rho_net(1,4,1,4) = (0.0000000000000000, 0.0000000000000000)
 rho_net(1,4,2,1) = (0.0000000000000000, 0.0000000000000000)
 rho_net(1,4,2,2) = (0.0000000000000000, 0.0000000000000000)
 rho_net(1,4,2,3) = (0.0000000000000000, 0.0000000000000000)
 rho_net(1,4,2,4) = (0.0000000000000000, 0.0000000000000000)
 rho_net(1,4,3,1) = (0.0000000000000000, 0.0000000000000000)
 rho_net(1,4,3,2) = (0.0000000000000000, 0.0000000000000000)
 rho_net(1,4,3,3) = (0.0000000000000000, 0.0000000000000000)
 rho_net(1,4,3,4) = (0.0000000000000000, 0.0000000000000000)
 rho_net(1,4,4,1) = (1.3826918816549891E-002, 0.0000000000000000)
 rho_net(1,4,4,2) = (1.4019658331564711E-002, 0.0000000000000000)
 rho_net(1,4,4,3) = (1.3831172233993886E-007, -1.3831172233845655E-007)
 rho_net(1,4,4,4) = (1.3831172233993886E-007, 1.3831172233845655E-007)
 rho_net(1,4,5,1) = (0.0000000000000000, 0.0000000000000000)
 rho_net(1,4,5,2) = (0.0000000000000000, 0.0000000000000000)
 rho_net(1,4,5,3) = (0.0000000000000000, 0.0000000000000000)
 rho_net(1,4,5,4) = (0.0000000000000000, 0.0000000000000000)
 rho_net(1,4,6,1) = (0.0000000000000000, 0.0000000000000000)
 rho_net(1,4,6,2) = (0.0000000000000000, 0.0000000000000000)
 rho_net(1,4,6,3) = (0.0000000000000000, 0.0000000000000000)
 rho_net(1,4,6,4) = (0.0000000000000000, 0.0000000000000000)
 rho_net(1,4,7,1) = (0.0000000000000000, 0.0000000000000000)
 rho_net(1,4,7,2) = (0.0000000000000000, 0.0000000000000000)
 rho_net(1,4,7,3) = (0.0000000000000000, 0.0000000000000000)
 rho_net(1,4,7,4) = (0.0000000000000000, 0.0000000000000000)
 rho_net(1,4,8,1) = (0.0000000000000000, 0.0000000000000000)
 rho_net(1,4,8,2) = (0.0000000000000000, 0.0000000000000000)
 rho_net(1,4,8,3) = (0.0000000000000000, 0.0000000000000000)
 rho_net(1,4,8,4) = (0.0000000000000000, 0.0000000000000000)
 rho_net(1,4,9,1) = (0.0000000000000000, 0.0000000000000000)
 rho_net(1,4,9,2) = (0.0000000000000000, 0.0000000000000000)
 rho_net(1,4,9,3) = (0.0000000000000000, 0.0000000000000000)
 rho_net(1,4,9,4) = (0.0000000000000000, 0.0000000000000000)
 rho_net(1,5,1,1) = (0.0000000000000000, 0.0000000000000000)
 rho_net(1,5,1,2) = (0.0000000000000000, 0.0000000000000000)
 rho_net(1,5,1,3) = (0.0000000000000000, 0.0000000000000000)
 rho_net(1,5,1,4) = (0.0000000000000000, 0.0000000000000000)
 rho_net(1,5,2,1) = (0.0000000000000000, 0.0000000000000000)
 rho_net(1,5,2,2) = (0.0000000000000000, 0.0000000000000000)
 rho_net(1,5,2,3) = (0.0000000000000000, 0.0000000000000000)
 rho_net(1,5,2,4) = (0.0000000000000000, 0.0000000000000000)
 rho_net(1,5,3,1) = (0.0000000000000000, 0.0000000000000000)
 rho_net(1,5,3,2) = (0.0000000000000000, 0.0000000000000000)
 rho_net(1,5,3,3) = (0.0000000000000000, 0.0000000000000000)
 rho_net(1,5,3,4) = (0.0000000000000000, 0.0000000000000000)
 rho_net(1,5,4,1) = (0.0000000000000000, 0.0000000000000000)
 rho_net(1,5,4,2) = (0.0000000000000000, 0.0000000000000000)
 rho_net(1,5,4,3) = (0.0000000000000000, 0.0000000000000000)
 rho_net(1,5,4,4) = (0.0000000000000000, 0.0000000000000000)
 rho_net(1,5,5,1) = (0.95157977651822356, 0.0000000000000000)
 rho_net(1,5,5,2) = (0.73638771173820949, 0.0000000000000000)
 rho_net(1,5,5,3) = (-3.8735236125666075E-004, 3.8735236125616158E-004)
 rho_net(1,5,5,4) = (-3.8735236125666075E-004, -3.8735236125616158E-004)
 rho_net(1,5,6,1) = (0.0000000000000000, 0.0000000000000000)
 rho_net(1,5,6,2) = (0.0000000000000000, 0.0000000000000000)
 rho_net(1,5,6,3) = (0.0000000000000000, 0.0000000000000000)
 rho_net(1,5,6,4) = (0.0000000000000000, 0.0000000000000000)
 rho_net(1,5,7,1) = (0.0000000000000000, 0.0000000000000000)
 rho_net(1,5,7,2) = (0.0000000000000000, 0.0000000000000000)
 rho_net(1,5,7,3) = (0.0000000000000000, 0.0000000000000000)
 rho_net(1,5,7,4) = (0.0000000000000000, 0.0000000000000000)
 rho_net(1,5,8,1) = (0.0000000000000000, 0.0000000000000000)
 rho_net(1,5,8,2) = (0.0000000000000000, 0.0000000000000000)
 rho_net(1,5,8,3) = (0.0000000000000000, 0.0000000000000000)
 rho_net(1,5,8,4) = (0.0000000000000000, 0.0000000000000000)
 rho_net(1,5,9,1) = (0.0000000000000000, 0.0000000000000000)
 rho_net(1,5,9,2) = (0.0000000000000000, 0.0000000000000000)
 rho_net(1,5,9,3) = (0.0000000000000000, 0.0000000000000000)
 rho_net(1,5,9,4) = (0.0000000000000000, 0.0000000000000000)
 rho_net(1,6,1,1) = (0.0000000000000000, 0.0000000000000000)
 rho_net(1,6,1,2) = (0.0000000000000000, 0.0000000000000000)
 rho_net(1,6,1,3) = (0.0000000000000000, 0.0000000000000000)
 rho_net(1,6,1,4) = (0.0000000000000000, 0.0000000000000000)
 rho_net(1,6,2,1) = (0.0000000000000000, 0.0000000000000000)
 rho_net(1,6,2,2) = (0.0000000000000000, 0.0000000000000000)
 rho_net(1,6,2,3) = (0.0000000000000000, 0.0000000000000000)
 rho_net(1,6,2,4) = (0.0000000000000000, 0.0000000000000000)
 rho_net(1,6,3,1) = (0.0000000000000000, 0.0000000000000000)
 rho_net(1,6,3,2) = (0.0000000000000000, 0.0000000000000000)
 rho_net(1,6,3,3) = (0.0000000000000000, 0.0000000000000000)
 rho_net(1,6,3,4) = (0.0000000000000000, 0.0000000000000000)
 rho_net(1,6,4,1) = (0.0000000000000000, 0.0000000000000000)
 rho_net(1,6,4,2) = (0.0000000000000000, 0.0000000000000000)
 rho_net(1,6,4,3) = (0.0000000000000000, 0.0000000000000000)
 rho_net(1,6,4,4) = (0.0000000000000000, 0.0000000000000000)
 rho_net(1,6,5,1) = (0.0000000000000000, 0.0000000000000000)
 rho_net(1,6,5,2) = (0.0000000000000000, 0.0000000000000000)
 rho_net(1,6,5,3) = (0.0000000000000000, 0.0000000000000000)
 rho_net(1,6,5,4) = (0.0000000000000000, 0.0000000000000000)
 rho_net(1,6,6,1) = (0.94775588538246069, 0.0000000000000000)
 rho_net(1,6,6,2) = (0.85066727460942471, 0.0000000000000000)
 rho_net(1,6,6,3) = (-3.8333377480252945E-004, 2.5896199073641081E-004)
 rho_net(1,6,6,4) = (-3.8333377480252945E-004, -2.5896199073641081E-004)
 rho_net(1,6,7,1) = (0.0000000000000000, 0.0000000000000000)
 rho_net(1,6,7,2) = (0.0000000000000000, 0.0000000000000000)
 rho_net(1,6,7,3) = (0.0000000000000000, 0.0000000000000000)
 rho_net(1,6,7,4) = (0.0000000000000000, 0.0000000000000000)
 rho_net(1,6,8,1) = (0.0000000000000000, 0.0000000000000000)
 rho_net(1,6,8,2) = (0.0000000000000000, 0.0000000000000000)
 rho_net(1,6,8,3) = (0.0000000000000000, 0.0000000000000000)
 rho_net(1,6,8,4) = (0.0000000000000000, 0.0000000000000000)
 rho_net(1,6,9,1) = (0.0000000000000000, 0.0000000000000000)
 rho_net(1,6,9,2) = (0.0000000000000000, 0.0000000000000000)
 rho_net(1,6,9,3) = (0.0000000000000000, 0.0000000000000000)
 rho_net(1,6,9,4) = (0.0000000000000000, 0.0000000000000000)
 rho_net(1,7,1,1) = (0.0000000000000000, 0.0000000000000000)
 rho_net(1,7,1,2) = (0.0000000000000000, 0.0000000000000000)
 rho_net(1,7,1,3) = (0.0000000000000000, 0.0000000000000000)
 rho_net(1,7,1,4) = (0.0000000000000000, 0.0000000000000000)
 rho_net(1,7,2,1) = (0.0000000000000000, 0.0000000000000000)
 rho_net(1,7,2,2) = (0.0000000000000000, 0.0000000000000000)
 rho_net(1,7,2,3) = (0.0000000000000000, 0.0000000000000000)
 rho_net(1,7,2,4) = (0.0000000000000000, 0.0000000000000000)
 rho_net(1,7,3,1) = (0.0000000000000000, 0.0000000000000000)
 rho_net(1,7,3,2) = (0.0000000000000000, 0.0000000000000000)
 rho_net(1,7,3,3) = (0.0000000000000000, 0.0000000000000000)
 rho_net(1,7,3,4) = (0.0000000000000000, 0.0000000000000000)
 rho_net(1,7,4,1) = (0.0000000000000000, 0.0000000000000000)
 rho_net(1,7,4,2) = (0.0000000000000000, 0.0000000000000000)
 rho_net(1,7,4,3) = (0.0000000000000000, 0.0000000000000000)
 rho_net(1,7,4,4) = (0.0000000000000000, 0.0000000000000000)
 rho_net(1,7,5,1) = (0.0000000000000000, 0.0000000000000000)
 rho_net(1,7,5,2) = (0.0000000000000000, 0.0000000000000000)
 rho_net(1,7,5,3) = (0.0000000000000000, 0.0000000000000000)
 rho_net(1,7,5,4) = (0.0000000000000000, 0.0000000000000000)
 rho_net(1,7,6,1) = (0.0000000000000000, 0.0000000000000000)
 rho_net(1,7,6,2) = (0.0000000000000000, 0.0000000000000000)
 rho_net(1,7,6,3) = (0.0000000000000000, 0.0000000000000000)
 rho_net(1,7,6,4) = (0.0000000000000000, 0.0000000000000000)
 rho_net(1,7,7,1) = (0.94775588538246358, 0.0000000000000000)
 rho_net(1,7,7,2) = (0.85066727460943226, 0.0000000000000000)
 rho_net(1,7,7,3) = (-2.5896199073671244E-004, 3.8333377480212938E-004)
 rho_net(1,7,7,4) = (-2.5896199073671244E-004, -3.8333377480212938E-004)
 rho_net(1,7,8,1) = (0.0000000000000000, 0.0000000000000000)
 rho_net(1,7,8,2) = (0.0000000000000000, 0.0000000000000000)
 rho_net(1,7,8,3) = (0.0000000000000000, 0.0000000000000000)
 rho_net(1,7,8,4) = (0.0000000000000000, 0.0000000000000000)
 rho_net(1,7,9,1) = (0.0000000000000000, 0.0000000000000000)
 rho_net(1,7,9,2) = (0.0000000000000000, 0.0000000000000000)
 rho_net(1,7,9,3) = (0.0000000000000000, 0.0000000000000000)
 rho_net(1,7,9,4) = (0.0000000000000000, 0.0000000000000000)
 rho_net(1,8,1,1) = (0.0000000000000000, 0.0000000000000000)
 rho_net(1,8,1,2) = (0.0000000000000000, 0.0000000000000000)
 rho_net(1,8,1,3) = (0.0000000000000000, 0.0000000000000000)
 rho_net(1,8,1,4) = (0.0000000000000000, 0.0000000000000000)
 rho_net(1,8,2,1) = (0.0000000000000000, 0.0000000000000000)
 rho_net(1,8,2,2) = (0.0000000000000000, 0.0000000000000000)
 rho_net(1,8,2,3) = (0.0000000000000000, 0.0000000000000000)
 rho_net(1,8,2,4) = (0.0000000000000000, 0.0000000000000000)
 rho_net(1,8,3,1) = (0.0000000000000000, 0.0000000000000000)
 rho_net(1,8,3,2) = (0.0000000000000000, 0.0000000000000000)
 rho_net(1,8,3,3) = (0.0000000000000000, 0.0000000000000000)
 rho_net(1,8,3,4) = (0.0000000000000000, 0.0000000000000000)
 rho_net(1,8,4,1) = (0.0000000000000000, 0.0000000000000000)
 rho_net(1,8,4,2) = (0.0000000000000000, 0.0000000000000000)
 rho_net(1,8,4,3) = (0.0000000000000000, 0.0000000000000000)
 rho_net(1,8,4,4) = (0.0000000000000000, 0.0000000000000000)
 rho_net(1,8,5,1) = (0.0000000000000000, 0.0000000000000000)
 rho_net(1,8,5,2) = (0.0000000000000000, 0.0000000000000000)
 rho_net(1,8,5,3) = (0.0000000000000000, 0.0000000000000000)
 rho_net(1,8,5,4) = (0.0000000000000000, 0.0000000000000000)
 rho_net(1,8,6,1) = (0.0000000000000000, 0.0000000000000000)
 rho_net(1,8,6,2) = (0.0000000000000000, 0.0000000000000000)
 rho_net(1,8,6,3) = (0.0000000000000000, 0.0000000000000000)
 rho_net(1,8,6,4) = (0.0000000000000000, 0.0000000000000000)
 rho_net(1,8,7,1) = (0.0000000000000000, 0.0000000000000000)
 rho_net(1,8,7,2) = (0.0000000000000000, 0.0000000000000000)
 rho_net(1,8,7,3) = (0.0000000000000000, 0.0000000000000000)
 rho_net(1,8,7,4) = (0.0000000000000000, 0.0000000000000000)
 rho_net(1,8,8,1) = (0.96619119548237009, 0.0000000000000000)
 rho_net(1,8,8,2) = (0.76516790079138586, 0.0000000000000000)
 rho_net(1,8,8,3) = (-2.8273840843808505E-004, 2.8273840843765397E-004)
 rho_net(1,8,8,4) = (-2.8273840843808505E-004, -2.8273840843765397E-004)
 rho_net(1,8,9,1) = (0.0000000000000000, 0.0000000000000000)
 rho_net(1,8,9,2) = (0.0000000000000000, 0.0000000000000000)
 rho_net(1,8,9,3) = (0.0000000000000000, 0.0000000000000000)
 rho_net(1,8,9,4) = (0.0000000000000000, 0.0000000000000000)
 rho_net(1,9,1,1) = (0.0000000000000000, 0.0000000000000000)
 rho_net(1,9,1,2) = (0.0000000000000000, 0.0000000000000000)
 rho_net(1,9,1,3) = (0.0000000000000000, 0.0000000000000000)
 rho_net(1,9,1,4) = (0.0000000000000000, 0.0000000000000000)
 rho_net(1,9,2,1) = (0.0000000000000000, 0.0000000000000000)
 rho_net(1,9,2,2) = (0.0000000000000000, 0.0000000000000000)
 rho_net(1,9,2,3) = (0.0000000000000000, 0.0000000000000000)
 rho_net(1,9,2,4) = (0.0000000000000000, 0.0000000000000000)
 rho_net(1,9,3,1) = (0.0000000000000000, 0.0000000000000000)
 rho_net(1,9,3,2) = (0.0000000000000000, 0.0000000000000000)
 rho_net(1,9,3,3) = (0.0000000000000000, 0.0000000000000000)
 rho_net(1,9,3,4) = (0.0000000000000000, 0.0000000000000000)
 rho_net(1,9,4,1) = (0.0000000000000000, 0.0000000000000000)
 rho_net(1,9,4,2) = (0.0000000000000000, 0.0000000000000000)
 rho_net(1,9,4,3) = (0.0000000000000000, 0.0000000000000000)
 rho_net(1,9,4,4) = (0.0000000000000000, 0.0000000000000000)
 rho_net(1,9,5,1) = (0.0000000000000000, 0.0000000000000000)
 rho_net(1,9,5,2) = (0.0000000000000000, 0.0000000000000000)
 rho_net(1,9,5,3) = (0.0000000000000000, 0.0000000000000000)
 rho_net(1,9,5,4) = (0.0000000000000000, 0.0000000000000000)
 rho_net(1,9,6,1) = (0.0000000000000000, 0.0000000000000000)
 rho_net(1,9,6,2) = (0.0000000000000000, 0.0000000000000000)
 rho_net(1,9,6,3) = (0.0000000000000000, 0.0000000000000000)
 rho_net(1,9,6,4) = (0.0000000000000000, 0.0000000000000000)
 rho_net(1,9,7,1) = (0.0000000000000000, 0.0000000000000000)
 rho_net(1,9,7,2) = (0.0000000000000000, 0.0000000000000000)
 rho_net(1,9,7,3) = (0.0000000000000000, 0.0000000000000000)
 rho_net(1,9,7,4) = (0.0000000000000000, 0.0000000000000000)
 rho_net(1,9,8,1) = (0.0000000000000000, 0.0000000000000000)
 rho_net(1,9,8,2) = (0.0000000000000000, 0.0000000000000000)
 rho_net(1,9,8,3) = (0.0000000000000000, 0.0000000000000000)
 rho_net(1,9,8,4) = (0.0000000000000000, 0.0000000000000000)
 rho_net(1,9,9,1) = (0.96121029615088938, 0.0000000000000000)
 rho_net(1,9,9,2) = (0.92728870911459171, 0.0000000000000000)
 rho_net(1,9,9,3) = (-2.5496984970023483E-004, 2.5496984970006651E-004)
 rho_net(1,9,9,4) = (-2.5496984970023483E-004, -2.5496984970006651E-004)
 /
