&charge
 q_mul(1,1,0) = 0.43010132047063954
 q_mul(1,1,1) = 0.43654998995103439
 q_mul(1,2,0) = 0.14065632447762200
 q_mul(1,2,1) = 0.16164784003179072
 q_mul(1,3,0) = 4.9421573400928533
 q_mul(1,3,1) = 1.9010020048530321
 q_mul(2,1,0) = 0.48274951669980698
 q_mul(2,1,1) = 0.43702106380914701
 q_mul(2,2,0) = 0.16911468487806974
 q_mul(2,2,1) = 0.16401089552956918
 q_mul(2,3,0) = 4.9557757412945636
 q_mul(2,3,1) = 1.7883920754593121
 q_mul(3,1,0) = 0.47759936919888357
 q_mul(3,1,1) = 0.43796984506335690
 q_mul(3,2,0) = 0.17455853369891206
 q_mul(3,2,1) = 0.16350606166796991
 q_mul(3,3,0) = 4.9537221230680331
 q_mul(3,3,1) = 1.7895226800701416
 q_mul(4,1,0) = 0.47759936923176532
 q_mul(4,1,1) = 0.43796984508991998
 q_mul(4,2,0) = 0.17455853371007241
 q_mul(4,2,1) = 0.16350606162598644
 q_mul(4,3,0) = 4.9537221230804267
 q_mul(4,3,1) = 1.7895226800166673
 q_mul(5,1,0) = 0.48274951657927240
 q_mul(5,1,1) = 0.43702106368479154
 q_mul(5,2,0) = 0.16911468478833067
 q_mul(5,2,1) = 0.16401089543057476
 q_mul(5,3,0) = 4.9557757412628147
 q_mul(5,3,1) = 1.7883920759899192
 rho_net(1,1,1,1) = (0.31041573533635675, 0.0000000000000000)
 rho_net(1,1,1,2) = (0.31355652786337440, 0.0000000000000000)
 rho_net(1,1,2,1) = (0.0000000000000000, 0.0000000000000000)
 rho_net(1,1,2,2) = (0.0000000000000000, 0.0000000000000000)
 rho_net(1,1,3,1) = (0.0000000000000000, 0.0000000000000000)
 rho_net(1,1,3,2) = (0.0000000000000000, 0.0000000000000000)
 rho_net(1,1,4,1) = (0.0000000000000000, 0.0000000000000000)
 rho_net(1,1,4,2) = (0.0000000000000000, 0.0000000000000000)
 rho_net(1,1,5,1) = (0.0000000000000000, 0.0000000000000000)
 rho_net(1,1,5,2) = (0.0000000000000000, 0.0000000000000000)
 rho_net(1,1,6,1) = (0.0000000000000000, 0.0000000000000000)
 rho_net(1,1,6,2) = (0.0000000000000000, 0.0000000000000000)
 rho_net(1,1,7,1) = (0.0000000000000000, 0.0000000000000000)
 rho_net(1,1,7,2) = (0.0000000000000000, 0.0000000000000000)
 rho_net(1,1,8,1) = (0.0000000000000000, 0.0000000000000000)
 rho_net(1,1,8,2) = (0.0000000000000000, 0.0000000000000000)
 rho_net(1,1,9,1) = (0.0000000000000000, 0.0000000000000000)
 rho_net(1,1,9,2) = (0.0000000000000000, 0.0000000000000000)
 rho_net(1,2,1,1) = (0.0000000000000000, 0.0000000000000000)
 rho_net(1,2,1,2) = (0.0000000000000000, 0.0000000000000000)
 rho_net(1,2,2,1) = (5.8654589495607508E-003, 0.0000000000000000)
 rho_net(1,2,2,2) = (1.3003514871203471E-002, 0.0000000000000000)
 rho_net(1,2,3,1) = (0.0000000000000000, 0.0000000000000000)
 rho_net(1,2,3,2) = (0.0000000000000000, 0.0000000000000000)
 rho_net(1,2,4,1) = (0.0000000000000000, 0.0000000000000000)
 rho_net(1,2,4,2) = (0.0000000000000000, 0.0000000000000000)
 rho_net(1,2,5,1) = (0.0000000000000000, 0.0000000000000000)
 rho_net(1,2,5,2) = (0.0000000000000000, 0.0000000000000000)
 rho_net(1,2,6,1) = (0.0000000000000000, 0.0000000000000000)
 rho_net(1,2,6,2) = (0.0000000000000000, 0.0000000000000000)
 rho_net(1,2,7,1) = (0.0000000000000000, 0.0000000000000000)
 rho_net(1,2,7,2) = (0.0000000000000000, 0.0000000000000000)
 rho_net(1,2,8,1) = (0.0000000000000000, 0.0000000000000000)
 rho_net(1,2,8,2) = (0.0000000000000000, 0.0000000000000000)
 rho_net(1,2,9,1) = (0.0000000000000000, 0.0000000000000000)
 rho_net(1,2,9,2) = (0.0000000000000000, 0.0000000000000000)
 rho_net(1,3,1,1) = (0.0000000000000000, 0.0000000000000000)
 rho_net(1,3,1,2) = (0.0000000000000000, 0.0000000000000000)
 rho_net(1,3,2,1) = (0.0000000000000000, 0.0000000000000000)
 rho_net(1,3,2,2) = (0.0000000000000000, 0.0000000000000000)
 rho_net(1,3,3,1) = (5.8654589495607473E-003, 0.0000000000000000)
 rho_net(1,3,3,2) = (1.3003514871203435E-002, 0.0000000000000000)
 rho_net(1,3,4,1) = (0.0000000000000000, 0.0000000000000000)
 rho_net(1,3,4,2) = (0.0000000000000000, 0.0000000000000000)
 rho_net(1,3,5,1) = (0.0000000000000000, 0.0000000000000000)
 rho_net(1,3,5,2) = (0.0000000000000000, 0.0000000000000000)
 rho_net(1,3,6,1) = (0.0000000000000000, 0.0000000000000000)
 rho_net(1,3,6,2) = (0.0000000000000000, 0.0000000000000000)
 rho_net(1,3,7,1) = (0.0000000000000000, 0.0000000000000000)
 rho_net(1,3,7,2) = (0.0000000000000000, 0.0000000000000000)
 rho_net(1,3,8,1) = (0.0000000000000000, 0.0000000000000000)
 rho_net(1,3,8,2) = (0.0000000000000000, 0.0000000000000000)
 rho_net(1,3,9,1) = (0.0000000000000000, 0.0000000000000000)
 rho_net(1,3,9,2) = (0.0000000000000000, 0.0000000000000000)
 rho_net(1,4,1,1) = (0.0000000000000000, 0.0000000000000000)
 rho_net(1,4,1,2) = (0.0000000000000000, 0.0000000000000000)
 rho_net(1,4,2,1) = (0.0000000000000000, 0.0000000000000000)
 rho_net(1,4,2,2) = (0.0000000000000000, 0.0000000000000000)
 rho_net(1,4,3,1) = (0.0000000000000000, 0.0000000000000000)
 rho_net(1,4,3,2) = (0.0000000000000000, 0.0000000000000000)
 rho_net(1,4,4,1) = (5.7835033982842302E-002, 0.0000000000000000)
 rho_net(1,4,4,2) = (6.5628917374188300E-002, 0.0000000000000000)
 rho_net(1,4,5,1) = (0.0000000000000000, 0.0000000000000000)
 rho_net(1,4,5,2) = (0.0000000000000000, 0.0000000000000000)
 rho_net(1,4,6,1) = (0.0000000000000000, 0.0000000000000000)
 rho_net(1,4,6,2) = (0.0000000000000000, 0.0000000000000000)
 rho_net(1,4,7,1) = (0.0000000000000000, 0.0000000000000000)
 rho_net(1,4,7,2) = (0.0000000000000000, 0.0000000000000000)
 rho_net(1,4,8,1) = (0.0000000000000000, 0.0000000000000000)
 rho_net(1,4,8,2) = (0.0000000000000000, 0.0000000000000000)
 rho_net(1,4,9,1) = (0.0000000000000000, 0.0000000000000000)
 rho_net(1,4,9,2) = (0.0000000000000000, 0.0000000000000000)
 rho_net(1,5,1,1) = (0.0000000000000000, 0.0000000000000000)
 rho_net(1,5,1,2) = (0.0000000000000000, 0.0000000000000000)
 rho_net(1,5,2,1) = (0.0000000000000000, 0.0000000000000000)
 rho_net(1,5,2,2) = (0.0000000000000000, 0.0000000000000000)
 rho_net(1,5,3,1) = (0.0000000000000000, 0.0000000000000000)
 rho_net(1,5,3,2) = (0.0000000000000000, 0.0000000000000000)
 rho_net(1,5,4,1) = (0.0000000000000000, 0.0000000000000000)
 rho_net(1,5,4,2) = (0.0000000000000000, 0.0000000000000000)
 rho_net(1,5,5,1) = (1.0001678855774523, 0.0000000000000000)
 rho_net(1,5,5,2) = (0.20215711738288494, 0.0000000000000000)
 rho_net(1,5,6,1) = (0.0000000000000000, 0.0000000000000000)
 rho_net(1,5,6,2) = (0.0000000000000000, 0.0000000000000000)
 rho_net(1,5,7,1) = (0.0000000000000000, 0.0000000000000000)
 rho_net(1,5,7,2) = (0.0000000000000000, 0.0000000000000000)
 rho_net(1,5,8,1) = (0.0000000000000000, 0.0000000000000000)
 rho_net(1,5,8,2) = (0.0000000000000000, 0.0000000000000000)
 rho_net(1,5,9,1) = (0.0000000000000000, 0.0000000000000000)
 rho_net(1,5,9,2) = (0.0000000000000000, 0.0000000000000000)
 rho_net(1,6,1,1) = (0.0000000000000000, 0.0000000000000000)
 rho_net(1,6,1,2) = (0.0000000000000000, 0.0000000000000000)
 rho_net(1,6,2,1) = (0.0000000000000000, 0.0000000000000000)
 rho_net(1,6,2,2) = (0.0000000000000000, 0.0000000000000000)
 rho_net(1,6,3,1) = (0.0000000000000000, 0.0000000000000000)
 rho_net(1,6,3,2) = (0.0000000000000000, 0.0000000000000000)
 rho_net(1,6,4,1) = (0.0000000000000000, 0.0000000000000000)
 rho_net(1,6,4,2) = (0.0000000000000000, 0.0000000000000000)
 rho_net(1,6,5,1) = (0.0000000000000000, 0.0000000000000000)
 rho_net(1,6,5,2) = (0.0000000000000000, 0.0000000000000000)
 rho_net(1,6,6,1) = (0.96317851846310165, 0.0000000000000000)
 rho_net(1,6,6,2) = (0.50747288835159299, 0.0000000000000000)
 rho_net(1,6,7,1) = (0.0000000000000000, 0.0000000000000000)
 rho_net(1,6,7,2) = (0.0000000000000000, 0.0000000000000000)
 rho_net(1,6,8,1) = (0.0000000000000000, 0.0000000000000000)
 rho_net(1,6,8,2) = (0.0000000000000000, 0.0000000000000000)
 rho_net(1,6,9,1) = (0.0000000000000000, 0.0000000000000000)
 rho_net(1,6,9,2) = (0.0000000000000000, 0.0000000000000000)
 rho_net(1,7,1,1) = (0.0000000000000000, 0.0000000000000000)
 rho_net(1,7,1,2) = (0.0000000000000000, 0.0000000000000000)
 rho_net(1,7,2,1) = (0.0000000000000000, 0.0000000000000000)
 rho_net(1,7,2,2) = (0.0000000000000000, 0.0000000000000000)
 rho_net(1,7,3,1) = (0.0000000000000000, 0.0000000000000000)
 rho_net(1,7,3,2) = (0.0000000000000000, 0.0000000000000000)
 rho_net(1,7,4,1) = (0.0000000000000000, 0.0000000000000000)
 rho_net(1,7,4,2) = (0.0000000000000000, 0.0000000000000000)
 rho_net(1,7,5,1) = (0.0000000000000000, 0.0000000000000000)
 rho_net(1,7,5,2) = (0.0000000000000000, 0.0000000000000000)
 rho_net(1,7,6,1) = (0.0000000000000000, 0.0000000000000000)
 rho_net(1,7,6,2) = (0.0000000000000000, 0.0000000000000000)
 rho_net(1,7,7,1) = (0.96317851846310187, 0.0000000000000000)
 rho_net(1,7,7,2) = (0.50747288835159343, 0.0000000000000000)
 rho_net(1,7,8,1) = (0.0000000000000000, 0.0000000000000000)
 rho_net(1,7,8,2) = (0.0000000000000000, 0.0000000000000000)
 rho_net(1,7,9,1) = (0.0000000000000000, 0.0000000000000000)
 rho_net(1,7,9,2) = (0.0000000000000000, 0.0000000000000000)
 rho_net(1,8,1,1) = (0.0000000000000000, 0.0000000000000000)
 rho_net(1,8,1,2) = (0.0000000000000000, 0.0000000000000000)
 rho_net(1,8,2,1) = (0.0000000000000000, 0.0000000000000000)
 rho_net(1,8,2,2) = (0.0000000000000000, 0.0000000000000000)
 rho_net(1,8,3,1) = (0.0000000000000000, 0.0000000000000000)
 rho_net(1,8,3,2) = (0.0000000000000000, 0.0000000000000000)
 rho_net(1,8,4,1) = (0.0000000000000000, 0.0000000000000000)
 rho_net(1,8,4,2) = (0.0000000000000000, 0.0000000000000000)
 rho_net(1,8,5,1) = (0.0000000000000000, 0.0000000000000000)
 rho_net(1,8,5,2) = (0.0000000000000000, 0.0000000000000000)
 rho_net(1,8,6,1) = (0.0000000000000000, 0.0000000000000000)
 rho_net(1,8,6,2) = (0.0000000000000000, 0.0000000000000000)
 rho_net(1,8,7,1) = (0.0000000000000000, 0.0000000000000000)
 rho_net(1,8,7,2) = (0.0000000000000000, 0.0000000000000000)
 rho_net(1,8,8,1) = (1.0001678855774543, 0.0000000000000000)
 rho_net(1,8,8,2) = (0.20215711738288419, 0.0000000000000000)
 rho_net(1,8,9,1) = (0.0000000000000000, 0.0000000000000000)
 rho_net(1,8,9,2) = (0.0000000000000000, 0.0000000000000000)
 rho_net(1,9,1,1) = (0.0000000000000000, 0.0000000000000000)
 rho_net(1,9,1,2) = (0.0000000000000000, 0.0000000000000000)
 rho_net(1,9,2,1) = (0.0000000000000000, 0.0000000000000000)
 rho_net(1,9,2,2) = (0.0000000000000000, 0.0000000000000000)
 rho_net(1,9,3,1) = (0.0000000000000000, 0.0000000000000000)
 rho_net(1,9,3,2) = (0.0000000000000000, 0.0000000000000000)
 rho_net(1,9,4,1) = (0.0000000000000000, 0.0000000000000000)
 rho_net(1,9,4,2) = (0.0000000000000000, 0.0000000000000000)
 rho_net(1,9,5,1) = (0.0000000000000000, 0.0000000000000000)
 rho_net(1,9,5,2) = (0.0000000000000000, 0.0000000000000000)
 rho_net(1,9,6,1) = (0.0000000000000000, 0.0000000000000000)
 rho_net(1,9,6,2) = (0.0000000000000000, 0.0000000000000000)
 rho_net(1,9,7,1) = (0.0000000000000000, 0.0000000000000000)
 rho_net(1,9,7,2) = (0.0000000000000000, 0.0000000000000000)
 rho_net(1,9,8,1) = (0.0000000000000000, 0.0000000000000000)
 rho_net(1,9,8,2) = (0.0000000000000000, 0.0000000000000000)
 rho_net(1,9,9,1) = (0.99548125647703933, 0.0000000000000000)
 rho_net(1,9,9,2) = (0.42245972467795362, 0.0000000000000000)
 rho_net(2,1,1,1) = (0.35964539812226465, 0.0000000000000000)
 rho_net(2,1,1,2) = (0.31404492361943809, 0.0000000000000000)
 rho_net(2,1,2,1) = (0.0000000000000000, 0.0000000000000000)
 rho_net(2,1,2,2) = (0.0000000000000000, 0.0000000000000000)
 rho_net(2,1,3,1) = (0.0000000000000000, 0.0000000000000000)
 rho_net(2,1,3,2) = (0.0000000000000000, 0.0000000000000000)
 rho_net(2,1,4,1) = (0.0000000000000000, 0.0000000000000000)
 rho_net(2,1,4,2) = (0.0000000000000000, 0.0000000000000000)
 rho_net(2,1,5,1) = (0.0000000000000000, 0.0000000000000000)
 rho_net(2,1,5,2) = (0.0000000000000000, 0.0000000000000000)
 rho_net(2,1,6,1) = (0.0000000000000000, 0.0000000000000000)
 rho_net(2,1,6,2) = (0.0000000000000000, 0.0000000000000000)
 rho_net(2,1,7,1) = (0.0000000000000000, 0.0000000000000000)
 rho_net(2,1,7,2) = (0.0000000000000000, 0.0000000000000000)
 rho_net(2,1,8,1) = (0.0000000000000000, 0.0000000000000000)
 rho_net(2,1,8,2) = (0.0000000000000000, 0.0000000000000000)
 rho_net(2,1,9,1) = (0.0000000000000000, 0.0000000000000000)
 rho_net(2,1,9,2) = (0.0000000000000000, 0.0000000000000000)
 rho_net(2,2,1,1) = (0.0000000000000000, 0.0000000000000000)
 rho_net(2,2,1,2) = (0.0000000000000000, 0.0000000000000000)
 rho_net(2,2,2,1) = (8.8092349051253765E-003, 0.0000000000000000)
 rho_net(2,2,2,2) = (1.3326421155054825E-002, 0.0000000000000000)
 rho_net(2,2,3,1) = (0.0000000000000000, 0.0000000000000000)
 rho_net(2,2,3,2) = (0.0000000000000000, 0.0000000000000000)
 rho_net(2,2,4,1) = (0.0000000000000000, 0.0000000000000000)
 rho_net(2,2,4,2) = (0.0000000000000000, 0.0000000000000000)
 rho_net(2,2,5,1) = (0.0000000000000000, 0.0000000000000000)
 rho_net(2,2,5,2) = (0.0000000000000000, 0.0000000000000000)
 rho_net(2,2,6,1) = (0.0000000000000000, 0.0000000000000000)
 rho_net(2,2,6,2) = (0.0000000000000000, 0.0000000000000000)
 rho_net(2,2,7,1) = (0.0000000000000000, 0.0000000000000000)
 rho_net(2,2,7,2) = (0.0000000000000000, 0.0000000000000000)
 rho_net(2,2,8,1) = (0.0000000000000000, 0.0000000000000000)
 rho_net(2,2,8,2) = (0.0000000000000000, 0.0000000000000000)
 rho_net(2,2,9,1) = (0.0000000000000000, 0.0000000000000000)
 rho_net(2,2,9,2) = (0.0000000000000000, 0.0000000000000000)
 rho_net(2,3,1,1) = (0.0000000000000000, 0.0000000000000000)
 rho_net(2,3,1,2) = (0.0000000000000000, 0.0000000000000000)
 rho_net(2,3,2,1) = (0.0000000000000000, 0.0000000000000000)
 rho_net(2,3,2,2) = (0.0000000000000000, 0.0000000000000000)
 rho_net(2,3,3,1) = (8.8092349051254182E-003, 0.0000000000000000)
 rho_net(2,3,3,2) = (1.3326421155054828E-002, 0.0000000000000000)
 rho_net(2,3,4,1) = (0.0000000000000000, 0.0000000000000000)
 rho_net(2,3,4,2) = (0.0000000000000000, 0.0000000000000000)
 rho_net(2,3,5,1) = (0.0000000000000000, 0.0000000000000000)
 rho_net(2,3,5,2) = (0.0000000000000000, 0.0000000000000000)
 rho_net(2,3,6,1) = (0.0000000000000000, 0.0000000000000000)
 rho_net(2,3,6,2) = (0.0000000000000000, 0.0000000000000000)
 rho_net(2,3,7,1) = (0.0000000000000000, 0.0000000000000000)
 rho_net(2,3,7,2) = (0.0000000000000000, 0.0000000000000000)
 rho_net(2,3,8,1) = (0.0000000000000000, 0.0000000000000000)
 rho_net(2,3,8,2) = (0.0000000000000000, 0.0000000000000000)
 rho_net(2,3,9,1) = (0.0000000000000000, 0.0000000000000000)
 rho_net(2,3,9,2) = (0.0000000000000000, 0.0000000000000000)
 rho_net(2,4,1,1) = (0.0000000000000000, 0.0000000000000000)
 rho_net(2,4,1,2) = (0.0000000000000000, 0.0000000000000000)
 rho_net(2,4,2,1) = (0.0000000000000000, 0.0000000000000000)
 rho_net(2,4,2,2) = (0.0000000000000000, 0.0000000000000000)
 rho_net(2,4,3,1) = (0.0000000000000000, 0.0000000000000000)
 rho_net(2,4,3,2) = (0.0000000000000000, 0.0000000000000000)
 rho_net(2,4,4,1) = (7.0697539223535985E-002, 0.0000000000000000)
 rho_net(2,4,4,2) = (6.6403868490237439E-002, 0.0000000000000000)
 rho_net(2,4,5,1) = (0.0000000000000000, 0.0000000000000000)
 rho_net(2,4,5,2) = (0.0000000000000000, 0.0000000000000000)
 rho_net(2,4,6,1) = (0.0000000000000000, 0.0000000000000000)
 rho_net(2,4,6,2) = (0.0000000000000000, 0.0000000000000000)
 rho_net(2,4,7,1) = (0.0000000000000000, 0.0000000000000000)
 rho_net(2,4,7,2) = (0.0000000000000000, 0.0000000000000000)
 rho_net(2,4,8,1) = (0.0000000000000000, 0.0000000000000000)
 rho_net(2,4,8,2) = (0.0000000000000000, 0.0000000000000000)
 rho_net(2,4,9,1) = (0.0000000000000000, 0.0000000000000000)
 rho_net(2,4,9,2) = (0.0000000000000000, 0.0000000000000000)
 rho_net(2,5,1,1) = (0.0000000000000000, 0.0000000000000000)
 rho_net(2,5,1,2) = (0.0000000000000000, 0.0000000000000000)
 rho_net(2,5,2,1) = (0.0000000000000000, 0.0000000000000000)
 rho_net(2,5,2,2) = (0.0000000000000000, 0.0000000000000000)
 rho_net(2,5,3,1) = (0.0000000000000000, 0.0000000000000000)
 rho_net(2,5,3,2) = (0.0000000000000000, 0.0000000000000000)
 rho_net(2,5,4,1) = (0.0000000000000000, 0.0000000000000000)
 rho_net(2,5,4,2) = (0.0000000000000000, 0.0000000000000000)
 rho_net(2,5,5,1) = (1.0001678855740364, 0.0000000000000000)
 rho_net(2,5,5,2) = (0.16871889852750116, 0.0000000000000000)
 rho_net(2,5,6,1) = (0.0000000000000000, 0.0000000000000000)
 rho_net(2,5,6,2) = (0.0000000000000000, 0.0000000000000000)
 rho_net(2,5,7,1) = (0.0000000000000000, 0.0000000000000000)
 rho_net(2,5,7,2) = (0.0000000000000000, 0.0000000000000000)
 rho_net(2,5,8,1) = (0.0000000000000000, 0.0000000000000000)
 rho_net(2,5,8,2) = (0.0000000000000000, 0.0000000000000000)
 rho_net(2,5,9,1) = (0.0000000000000000, 0.0000000000000000)
 rho_net(2,5,9,2) = (0.0000000000000000, 0.0000000000000000)
 rho_net(2,6,1,1) = (0.0000000000000000, 0.0000000000000000)
 rho_net(2,6,1,2) = (0.0000000000000000, 0.0000000000000000)
 rho_net(2,6,2,1) = (0.0000000000000000, 0.0000000000000000)
 rho_net(2,6,2,2) = (0.0000000000000000, 0.0000000000000000)
 rho_net(2,6,3,1) = (0.0000000000000000, 0.0000000000000000)
 rho_net(2,6,3,2) = (0.0000000000000000, 0.0000000000000000)
 rho_net(2,6,4,1) = (0.0000000000000000, 0.0000000000000000)
 rho_net(2,6,4,2) = (0.0000000000000000, 0.0000000000000000)
 rho_net(2,6,5,1) = (0.0000000000000000, 0.0000000000000000)
 rho_net(2,6,5,2) = (0.0000000000000000, 0.0000000000000000)
 rho_net(2,6,6,1) = (0.97154821149444071, 0.0000000000000000)
 rho_net(2,6,6,2) = (0.49341172302153102, 0.0000000000000000)
 rho_net(2,6,7,1) = (0.0000000000000000, 0.0000000000000000)
 rho_net(2,6,7,2) = (0.0000000000000000, 0.0000000000000000)
 rho_net(2,6,8,1) = (0.0000000000000000, 0.0000000000000000)
 rho_net(2,6,8,2) = (0.0000000000000000, 0.0000000000000000)
 rho_net(2,6,9,1) = (0.0000000000000000, 0.0000000000000000)
 rho_net(2,6,9,2) = (0.0000000000000000, 0.0000000000000000)
 rho_net(2,7,1,1) = (0.0000000000000000, 0.0000000000000000)
 rho_net(2,7,1,2) = (0.0000000000000000, 0.0000000000000000)
 rho_net(2,7,2,1) = (0.0000000000000000, 0.0000000000000000)
 rho_net(2,7,2,2) = (0.0000000000000000, 0.0000000000000000)
 rho_net(2,7,3,1) = (0.0000000000000000, 0.0000000000000000)
 rho_net(2,7,3,2) = (0.0000000000000000, 0.0000000000000000)
 rho_net(2,7,4,1) = (0.0000000000000000, 0.0000000000000000)
 rho_net(2,7,4,2) = (0.0000000000000000, 0.0000000000000000)
 rho_net(2,7,5,1) = (0.0000000000000000, 0.0000000000000000)
 rho_net(2,7,5,2) = (0.0000000000000000, 0.0000000000000000)
 rho_net(2,7,6,1) = (0.0000000000000000, 0.0000000000000000)
 rho_net(2,7,6,2) = (0.0000000000000000, 0.0000000000000000)
 rho_net(2,7,7,1) = (0.97154821149444048, 0.0000000000000000)
 rho_net(2,7,7,2) = (0.49341172302153075, 0.0000000000000000)
 rho_net(2,7,8,1) = (0.0000000000000000, 0.0000000000000000)
 rho_net(2,7,8,2) = (0.0000000000000000, 0.0000000000000000)
 rho_net(2,7,9,1) = (0.0000000000000000, 0.0000000000000000)
 rho_net(2,7,9,2) = (0.0000000000000000, 0.0000000000000000)
 rho_net(2,8,1,1) = (0.0000000000000000, 0.0000000000000000)
 rho_net(2,8,1,2) = (0.0000000000000000, 0.0000000000000000)
 rho_net(2,8,2,1) = (0.0000000000000000, 0.0000000000000000)
 rho_net(2,8,2,2) = (0.0000000000000000, 0.0000000000000000)
 rho_net(2,8,3,1) = (0.0000000000000000, 0.0000000000000000)
 rho_net(2,8,3,2) = (0.0000000000000000, 0.0000000000000000)
 rho_net(2,8,4,1) = (0.0000000000000000, 0.0000000000000000)
 rho_net(2,8,4,2) = (0.0000000000000000, 0.0000000000000000)
 rho_net(2,8,5,1) = (0.0000000000000000, 0.0000000000000000)
 rho_net(2,8,5,2) = (0.0000000000000000, 0.0000000000000000)
 rho_net(2,8,6,1) = (0.0000000000000000, 0.0000000000000000)
 rho_net(2,8,6,2) = (0.0000000000000000, 0.0000000000000000)
 rho_net(2,8,7,1) = (0.0000000000000000, 0.0000000000000000)
 rho_net(2,8,7,2) = (0.0000000000000000, 0.0000000000000000)
 rho_net(2,8,8,1) = (1.0001678855740368, 0.0000000000000000)
 rho_net(2,8,8,2) = (0.16871889852750049, 0.0000000000000000)
 rho_net(2,8,9,1) = (0.0000000000000000, 0.0000000000000000)
 rho_net(2,8,9,2) = (0.0000000000000000, 0.0000000000000000)
 rho_net(2,9,1,1) = (0.0000000000000000, 0.0000000000000000)
 rho_net(2,9,1,2) = (0.0000000000000000, 0.0000000000000000)
 rho_net(2,9,2,1) = (0.0000000000000000, 0.0000000000000000)
 rho_net(2,9,2,2) = (0.0000000000000000, 0.0000000000000000)
 rho_net(2,9,3,1) = (0.0000000000000000, 0.0000000000000000)
 rho_net(2,9,3,2) = (0.0000000000000000, 0.0000000000000000)
 rho_net(2,9,4,1) = (0.0000000000000000, 0.0000000000000000)
 rho_net(2,9,4,2) = (0.0000000000000000, 0.0000000000000000)
 rho_net(2,9,5,1) = (0.0000000000000000, 0.0000000000000000)
 rho_net(2,9,5,2) = (0.0000000000000000, 0.0000000000000000)
 rho_net(2,9,6,1) = (0.0000000000000000, 0.0000000000000000)
 rho_net(2,9,6,2) = (0.0000000000000000, 0.0000000000000000)
 rho_net(2,9,7,1) = (0.0000000000000000, 0.0000000000000000)
 rho_net(2,9,7,2) = (0.0000000000000000, 0.0000000000000000)
 rho_net(2,9,8,1) = (0.0000000000000000, 0.0000000000000000)
 rho_net(2,9,8,2) = (0.0000000000000000, 0.0000000000000000)
 rho_net(2,9,9,1) = (0.99671236434124544, 0.0000000000000000)
 rho_net(2,9,9,2) = (0.40578867101521998, 0.0000000000000000)
 rho_net(3,1,1,1) = (0.35303788110547824, 0.0000000000000000)
 rho_net(3,1,1,2) = (0.31479718041531995, 0.0000000000000000)
 rho_net(3,1,2,1) = (0.0000000000000000, 0.0000000000000000)
 rho_net(3,1,2,2) = (0.0000000000000000, 0.0000000000000000)
 rho_net(3,1,3,1) = (0.0000000000000000, 0.0000000000000000)
 rho_net(3,1,3,2) = (0.0000000000000000, 0.0000000000000000)
 rho_net(3,1,4,1) = (0.0000000000000000, 0.0000000000000000)
 rho_net(3,1,4,2) = (0.0000000000000000, 0.0000000000000000)
 rho_net(3,1,5,1) = (0.0000000000000000, 0.0000000000000000)
 rho_net(3,1,5,2) = (0.0000000000000000, 0.0000000000000000)
 rho_net(3,1,6,1) = (0.0000000000000000, 0.0000000000000000)
 rho_net(3,1,6,2) = (0.0000000000000000, 0.0000000000000000)
 rho_net(3,1,7,1) = (0.0000000000000000, 0.0000000000000000)
 rho_net(3,1,7,2) = (0.0000000000000000, 0.0000000000000000)
 rho_net(3,1,8,1) = (0.0000000000000000, 0.0000000000000000)
 rho_net(3,1,8,2) = (0.0000000000000000, 0.0000000000000000)
 rho_net(3,1,9,1) = (0.0000000000000000, 0.0000000000000000)
 rho_net(3,1,9,2) = (0.0000000000000000, 0.0000000000000000)
 rho_net(3,2,1,1) = (0.0000000000000000, 0.0000000000000000)
 rho_net(3,2,1,2) = (0.0000000000000000, 0.0000000000000000)
 rho_net(3,2,2,1) = (7.7926861697316307E-003, 0.0000000000000000)
 rho_net(3,2,2,2) = (1.3152441421451538E-002, 0.0000000000000000)
 rho_net(3,2,3,1) = (0.0000000000000000, 0.0000000000000000)
 rho_net(3,2,3,2) = (0.0000000000000000, 0.0000000000000000)
 rho_net(3,2,4,1) = (0.0000000000000000, 0.0000000000000000)
 rho_net(3,2,4,2) = (0.0000000000000000, 0.0000000000000000)
 rho_net(3,2,5,1) = (0.0000000000000000, 0.0000000000000000)
 rho_net(3,2,5,2) = (0.0000000000000000, 0.0000000000000000)
 rho_net(3,2,6,1) = (0.0000000000000000, 0.0000000000000000)
 rho_net(3,2,6,2) = (0.0000000000000000, 0.0000000000000000)
 rho_net(3,2,7,1) = (0.0000000000000000, 0.0000000000000000)
 rho_net(3,2,7,2) = (0.0000000000000000, 0.0000000000000000)
 rho_net(3,2,8,1) = (0.0000000000000000, 0.0000000000000000)
 rho_net(3,2,8,2) = (0.0000000000000000, 0.0000000000000000)
 rho_net(3,2,9,1) = (0.0000000000000000, 0.0000000000000000)
 rho_net(3,2,9,2) = (0.0000000000000000, 0.0000000000000000)
 rho_net(3,3,1,1) = (0.0000000000000000, 0.0000000000000000)
 rho_net(3,3,1,2) = (0.0000000000000000, 0.0000000000000000)
 rho_net(3,3,2,1) = (0.0000000000000000, 0.0000000000000000)
 rho_net(3,3,2,2) = (0.0000000000000000, 0.0000000000000000)
 rho_net(3,3,3,1) = (7.7926861697316325E-003, 0.0000000000000000)
 rho_net(3,3,3,2) = (1.3152441421451539E-002, 0.0000000000000000)
 rho_net(3,3,4,1) = (0.0000000000000000, 0.0000000000000000)
 rho_net(3,3,4,2) = (0.0000000000000000, 0.0000000000000000)
 rho_net(3,3,5,1) = (0.0000000000000000, 0.0000000000000000)
 rho_net(3,3,5,2) = (0.0000000000000000, 0.0000000000000000)
 rho_net(3,3,6,1) = (0.0000000000000000, 0.0000000000000000)
 rho_net(3,3,6,2) = (0.0000000000000000, 0.0000000000000000)
 rho_net(3,3,7,1) = (0.0000000000000000, 0.0000000000000000)
 rho_net(3,3,7,2) = (0.0000000000000000, 0.0000000000000000)
 rho_net(3,3,8,1) = (0.0000000000000000, 0.0000000000000000)
 rho_net(3,3,8,2) = (0.0000000000000000, 0.0000000000000000)
 rho_net(3,3,9,1) = (0.0000000000000000, 0.0000000000000000)
 rho_net(3,3,9,2) = (0.0000000000000000, 0.0000000000000000)
 rho_net(3,4,1,1) = (0.0000000000000000, 0.0000000000000000)
 rho_net(3,4,1,2) = (0.0000000000000000, 0.0000000000000000)
 rho_net(3,4,2,1) = (0.0000000000000000, 0.0000000000000000)
 rho_net(3,4,2,2) = (0.0000000000000000, 0.0000000000000000)
 rho_net(3,4,3,1) = (0.0000000000000000, 0.0000000000000000)
 rho_net(3,4,3,2) = (0.0000000000000000, 0.0000000000000000)
 rho_net(3,4,4,1) = (7.4923597074433732E-002, 0.0000000000000000)
 rho_net(3,4,4,2) = (6.6512562329931552E-002, 0.0000000000000000)
 rho_net(3,4,5,1) = (0.0000000000000000, 0.0000000000000000)
 rho_net(3,4,5,2) = (0.0000000000000000, 0.0000000000000000)
 rho_net(3,4,6,1) = (0.0000000000000000, 0.0000000000000000)
 rho_net(3,4,6,2) = (0.0000000000000000, 0.0000000000000000)
 rho_net(3,4,7,1) = (0.0000000000000000, 0.0000000000000000)
 rho_net(3,4,7,2) = (0.0000000000000000, 0.0000000000000000)
 rho_net(3,4,8,1) = (0.0000000000000000, 0.0000000000000000)
 rho_net(3,4,8,2) = (0.0000000000000000, 0.0000000000000000)
 rho_net(3,4,9,1) = (0.0000000000000000, 0.0000000000000000)
 rho_net(3,4,9,2) = (0.0000000000000000, 0.0000000000000000)
 rho_net(3,5,1,1) = (0.0000000000000000, 0.0000000000000000)
 rho_net(3,5,1,2) = (0.0000000000000000, 0.0000000000000000)
 rho_net(3,5,2,1) = (0.0000000000000000, 0.0000000000000000)
 rho_net(3,5,2,2) = (0.0000000000000000, 0.0000000000000000)
 rho_net(3,5,3,1) = (0.0000000000000000, 0.0000000000000000)
 rho_net(3,5,3,2) = (0.0000000000000000, 0.0000000000000000)
 rho_net(3,5,4,1) = (0.0000000000000000, 0.0000000000000000)
 rho_net(3,5,4,2) = (0.0000000000000000, 0.0000000000000000)
 rho_net(3,5,5,1) = (1.0001678855740335, 0.0000000000000000)
 rho_net(3,5,5,2) = (0.16106299896756471, 0.0000000000000000)
 rho_net(3,5,6,1) = (0.0000000000000000, 0.0000000000000000)
 rho_net(3,5,6,2) = (0.0000000000000000, 0.0000000000000000)
 rho_net(3,5,7,1) = (0.0000000000000000, 0.0000000000000000)
 rho_net(3,5,7,2) = (0.0000000000000000, 0.0000000000000000)
 rho_net(3,5,8,1) = (0.0000000000000000, 0.0000000000000000)
 rho_net(3,5,8,2) = (0.0000000000000000, 0.0000000000000000)
 rho_net(3,5,9,1) = (0.0000000000000000, 0.0000000000000000)
 rho_net(3,5,9,2) = (0.0000000000000000, 0.0000000000000000)
 rho_net(3,6,1,1) = (0.0000000000000000, 0.0000000000000000)
 rho_net(3,6,1,2) = (0.0000000000000000, 0.0000000000000000)
 rho_net(3,6,2,1) = (0.0000000000000000, 0.0000000000000000)
 rho_net(3,6,2,2) = (0.0000000000000000, 0.0000000000000000)
 rho_net(3,6,3,1) = (0.0000000000000000, 0.0000000000000000)
 rho_net(3,6,3,2) = (0.0000000000000000, 0.0000000000000000)
 rho_net(3,6,4,1) = (0.0000000000000000, 0.0000000000000000)
 rho_net(3,6,4,2) = (0.0000000000000000, 0.0000000000000000)
 rho_net(3,6,5,1) = (0.0000000000000000, 0.0000000000000000)
 rho_net(3,6,5,2) = (0.0000000000000000, 0.0000000000000000)
 rho_net(3,6,6,1) = (0.96994808876468264, 0.0000000000000000)
 rho_net(3,6,6,2) = (0.49855767017172781, 0.0000000000000000)
 rho_net(3,6,7,1) = (0.0000000000000000, 0.0000000000000000)
 rho_net(3,6,7,2) = (0.0000000000000000, 0.0000000000000000)
 rho_net(3,6,8,1) = (0.0000000000000000, 0.0000000000000000)
 rho_net(3,6,8,2) = (0.0000000000000000, 0.0000000000000000)
 rho_net(3,6,9,1) = (0.0000000000000000, 0.0000000000000000)
 rho_net(3,6,9,2) = (0.0000000000000000, 0.0000000000000000)
 rho_net(3,7,1,1) = (0.0000000000000000, 0.0000000000000000)
 rho_net(3,7,1,2) = (0.0000000000000000, 0.0000000000000000)
 rho_net(3,7,2,1) = (0.0000000000000000, 0.0000000000000000)
 rho_net(3,7,2,2) = (0.0000000000000000, 0.0000000000000000)
 rho_net(3,7,3,1) = (0.0000000000000000, 0.0000000000000000)
 rho_net(3,7,3,2) = (0.0000000000000000, 0.0000000000000000)
 rho_net(3,7,4,1) = (0.0000000000000000, 0.0000000000000000)
 rho_net(3,7,4,2) = (0.0000000000000000, 0.0000000000000000)
 rho_net(3,7,5,1) = (0.0000000000000000, 0.0000000000000000)
 rho_net(3,7,5,2) = (0.0000000000000000, 0.0000000000000000)
 rho_net(3,7,6,1) = (0.0000000000000000, 0.0000000000000000)
 rho_net(3,7,6,2) = (0.0000000000000000, 0.0000000000000000)
 rho_net(3,7,7,1) = (0.96994808876468164, 0.0000000000000000)
 rho_net(3,7,7,2) = (0.49855767017172725, 0.0000000000000000)
 rho_net(3,7,8,1) = (0.0000000000000000, 0.0000000000000000)
 rho_net(3,7,8,2) = (0.0000000000000000, 0.0000000000000000)
 rho_net(3,7,9,1) = (0.0000000000000000, 0.0000000000000000)
 rho_net(3,7,9,2) = (0.0000000000000000, 0.0000000000000000)
 rho_net(3,8,1,1) = (0.0000000000000000, 0.0000000000000000)
 rho_net(3,8,1,2) = (0.0000000000000000, 0.0000000000000000)
 rho_net(3,8,2,1) = (0.0000000000000000, 0.0000000000000000)
 rho_net(3,8,2,2) = (0.0000000000000000, 0.0000000000000000)
 rho_net(3,8,3,1) = (0.0000000000000000, 0.0000000000000000)
 rho_net(3,8,3,2) = (0.0000000000000000, 0.0000000000000000)
 rho_net(3,8,4,1) = (0.0000000000000000, 0.0000000000000000)
 rho_net(3,8,4,2) = (0.0000000000000000, 0.0000000000000000)
 rho_net(3,8,5,1) = (0.0000000000000000, 0.0000000000000000)
 rho_net(3,8,5,2) = (0.0000000000000000, 0.0000000000000000)
 rho_net(3,8,6,1) = (0.0000000000000000, 0.0000000000000000)
 rho_net(3,8,6,2) = (0.0000000000000000, 0.0000000000000000)
 rho_net(3,8,7,1) = (0.0000000000000000, 0.0000000000000000)
 rho_net(3,8,7,2) = (0.0000000000000000, 0.0000000000000000)
 rho_net(3,8,8,1) = (1.0001678855740317, 0.0000000000000000)
 rho_net(3,8,8,2) = (0.16106299896756440, 0.0000000000000000)
 rho_net(3,8,9,1) = (0.0000000000000000, 0.0000000000000000)
 rho_net(3,8,9,2) = (0.0000000000000000, 0.0000000000000000)
 rho_net(3,9,1,1) = (0.0000000000000000, 0.0000000000000000)
 rho_net(3,9,1,2) = (0.0000000000000000, 0.0000000000000000)
 rho_net(3,9,2,1) = (0.0000000000000000, 0.0000000000000000)
 rho_net(3,9,2,2) = (0.0000000000000000, 0.0000000000000000)
 rho_net(3,9,3,1) = (0.0000000000000000, 0.0000000000000000)
 rho_net(3,9,3,2) = (0.0000000000000000, 0.0000000000000000)
 rho_net(3,9,4,1) = (0.0000000000000000, 0.0000000000000000)
 rho_net(3,9,4,2) = (0.0000000000000000, 0.0000000000000000)
 rho_net(3,9,5,1) = (0.0000000000000000, 0.0000000000000000)
 rho_net(3,9,5,2) = (0.0000000000000000, 0.0000000000000000)
 rho_net(3,9,6,1) = (0.0000000000000000, 0.0000000000000000)
 rho_net(3,9,6,2) = (0.0000000000000000, 0.0000000000000000)
 rho_net(3,9,7,1) = (0.0000000000000000, 0.0000000000000000)
 rho_net(3,9,7,2) = (0.0000000000000000, 0.0000000000000000)
 rho_net(3,9,8,1) = (0.0000000000000000, 0.0000000000000000)
 rho_net(3,9,8,2) = (0.0000000000000000, 0.0000000000000000)
 rho_net(3,9,9,1) = (0.99681104247325003, 0.0000000000000000)
 rho_net(3,9,9,2) = (0.41207868633420836, 0.0000000000000000)
 rho_net(4,1,1,1) = (0.35303788114120049, 0.0000000000000000)
 rho_net(4,1,1,2) = (0.31479718044581700, 0.0000000000000000)
 rho_net(4,1,2,1) = (0.0000000000000000, 0.0000000000000000)
 rho_net(4,1,2,2) = (0.0000000000000000, 0.0000000000000000)
 rho_net(4,1,3,1) = (0.0000000000000000, 0.0000000000000000)
 rho_net(4,1,3,2) = (0.0000000000000000, 0.0000000000000000)
 rho_net(4,1,4,1) = (0.0000000000000000, 0.0000000000000000)
 rho_net(4,1,4,2) = (0.0000000000000000, 0.0000000000000000)
 rho_net(4,1,5,1) = (0.0000000000000000, 0.0000000000000000)
 rho_net(4,1,5,2) = (0.0000000000000000, 0.0000000000000000)
 rho_net(4,1,6,1) = (0.0000000000000000, 0.0000000000000000)
 rho_net(4,1,6,2) = (0.0000000000000000, 0.0000000000000000)
 rho_net(4,1,7,1) = (0.0000000000000000, 0.0000000000000000)
 rho_net(4,1,7,2) = (0.0000000000000000, 0.0000000000000000)
 rho_net(4,1,8,1) = (0.0000000000000000, 0.0000000000000000)
 rho_net(4,1,8,2) = (0.0000000000000000, 0.0000000000000000)
 rho_net(4,1,9,1) = (0.0000000000000000, 0.0000000000000000)
 rho_net(4,1,9,2) = (0.0000000000000000, 0.0000000000000000)
 rho_net(4,2,1,1) = (0.0000000000000000, 0.0000000000000000)
 rho_net(4,2,1,2) = (0.0000000000000000, 0.0000000000000000)
 rho_net(4,2,2,1) = (7.7926861745428646E-003, 0.0000000000000000)
 rho_net(4,2,2,2) = (1.3152441411885776E-002, 0.0000000000000000)
 rho_net(4,2,3,1) = (0.0000000000000000, 0.0000000000000000)
 rho_net(4,2,3,2) = (0.0000000000000000, 0.0000000000000000)
 rho_net(4,2,4,1) = (0.0000000000000000, 0.0000000000000000)
 rho_net(4,2,4,2) = (0.0000000000000000, 0.0000000000000000)
 rho_net(4,2,5,1) = (0.0000000000000000, 0.0000000000000000)
 rho_net(4,2,5,2) = (0.0000000000000000, 0.0000000000000000)
 rho_net(4,2,6,1) = (0.0000000000000000, 0.0000000000000000)
 rho_net(4,2,6,2) = (0.0000000000000000, 0.0000000000000000)
 rho_net(4,2,7,1) = (0.0000000000000000, 0.0000000000000000)
 rho_net(4,2,7,2) = (0.0000000000000000, 0.0000000000000000)
 rho_net(4,2,8,1) = (0.0000000000000000, 0.0000000000000000)
 rho_net(4,2,8,2) = (0.0000000000000000, 0.0000000000000000)
 rho_net(4,2,9,1) = (0.0000000000000000, 0.0000000000000000)
 rho_net(4,2,9,2) = (0.0000000000000000, 0.0000000000000000)
 rho_net(4,3,1,1) = (0.0000000000000000, 0.0000000000000000)
 rho_net(4,3,1,2) = (0.0000000000000000, 0.0000000000000000)
 rho_net(4,3,2,1) = (0.0000000000000000, 0.0000000000000000)
 rho_net(4,3,2,2) = (0.0000000000000000, 0.0000000000000000)
 rho_net(4,3,3,1) = (7.7926861745428854E-003, 0.0000000000000000)
 rho_net(4,3,3,2) = (1.3152441411885782E-002, 0.0000000000000000)
 rho_net(4,3,4,1) = (0.0000000000000000, 0.0000000000000000)
 rho_net(4,3,4,2) = (0.0000000000000000, 0.0000000000000000)
 rho_net(4,3,5,1) = (0.0000000000000000, 0.0000000000000000)
 rho_net(4,3,5,2) = (0.0000000000000000, 0.0000000000000000)
 rho_net(4,3,6,1) = (0.0000000000000000, 0.0000000000000000)
 rho_net(4,3,6,2) = (0.0000000000000000, 0.0000000000000000)
 rho_net(4,3,7,1) = (0.0000000000000000, 0.0000000000000000)
 rho_net(4,3,7,2) = (0.0000000000000000, 0.0000000000000000)
 rho_net(4,3,8,1) = (0.0000000000000000, 0.0000000000000000)
 rho_net(4,3,8,2) = (0.0000000000000000, 0.0000000000000000)
 rho_net(4,3,9,1) = (0.0000000000000000, 0.0000000000000000)
 rho_net(4,3,9,2) = (0.0000000000000000, 0.0000000000000000)
 rho_net(4,4,1,1) = (0.0000000000000000, 0.0000000000000000)
 rho_net(4,4,1,2) = (0.0000000000000000, 0.0000000000000000)
 rho_net(4,4,2,1) = (0.0000000000000000, 0.0000000000000000)
 rho_net(4,4,2,2) = (0.0000000000000000, 0.0000000000000000)
 rho_net(4,4,3,1) = (0.0000000000000000, 0.0000000000000000)
 rho_net(4,4,3,2) = (0.0000000000000000, 0.0000000000000000)
 rho_net(4,4,4,1) = (7.4923597075058065E-002, 0.0000000000000000)
 rho_net(4,4,4,2) = (6.6512562328261873E-002, 0.0000000000000000)
 rho_net(4,4,5,1) = (0.0000000000000000, 0.0000000000000000)
 rho_net(4,4,5,2) = (0.0000000000000000, 0.0000000000000000)
 rho_net(4,4,6,1) = (0.0000000000000000, 0.0000000000000000)
 rho_net(4,4,6,2) = (0.0000000000000000, 0.0000000000000000)
 rho_net(4,4,7,1) = (0.0000000000000000, 0.0000000000000000)
 rho_net(4,4,7,2) = (0.0000000000000000, 0.0000000000000000)
 rho_net(4,4,8,1) = (0.0000000000000000, 0.0000000000000000)
 rho_net(4,4,8,2) = (0.0000000000000000, 0.0000000000000000)
 rho_net(4,4,9,1) = (0.0000000000000000, 0.0000000000000000)
 rho_net(4,4,9,2) = (0.0000000000000000, 0.0000000000000000)
 rho_net(4,5,1,1) = (0.0000000000000000, 0.0000000000000000)
 rho_net(4,5,1,2) = (0.0000000000000000, 0.0000000000000000)
 rho_net(4,5,2,1) = (0.0000000000000000, 0.0000000000000000)
 rho_net(4,5,2,2) = (0.0000000000000000, 0.0000000000000000)
 rho_net(4,5,3,1) = (0.0000000000000000, 0.0000000000000000)
 rho_net(4,5,3,2) = (0.0000000000000000, 0.0000000000000000)
 rho_net(4,5,4,1) = (0.0000000000000000, 0.0000000000000000)
 rho_net(4,5,4,2) = (0.0000000000000000, 0.0000000000000000)
 rho_net(4,5,5,1) = (1.0001678855740361, 0.0000000000000000)
 rho_net(4,5,5,2) = (0.16106299883750697, 0.0000000000000000)
 rho_net(4,5,6,1) = (0.0000000000000000, 0.0000000000000000)
 rho_net(4,5,6,2) = (0.0000000000000000, 0.0000000000000000)
 rho_net(4,5,7,1) = (0.0000000000000000, 0.0000000000000000)
 rho_net(4,5,7,2) = (0.0000000000000000, 0.0000000000000000)
 rho_net(4,5,8,1) = (0.0000000000000000, 0.0000000000000000)
 rho_net(4,5,8,2) = (0.0000000000000000, 0.0000000000000000)
 rho_net(4,5,9,1) = (0.0000000000000000, 0.0000000000000000)
 rho_net(4,5,9,2) = (0.0000000000000000, 0.0000000000000000)
 rho_net(4,6,1,1) = (0.0000000000000000, 0.0000000000000000)
 rho_net(4,6,1,2) = (0.0000000000000000, 0.0000000000000000)
 rho_net(4,6,2,1) = (0.0000000000000000, 0.0000000000000000)
 rho_net(4,6,2,2) = (0.0000000000000000, 0.0000000000000000)
 rho_net(4,6,3,1) = (0.0000000000000000, 0.0000000000000000)
 rho_net(4,6,3,2) = (0.0000000000000000, 0.0000000000000000)
 rho_net(4,6,4,1) = (0.0000000000000000, 0.0000000000000000)
 rho_net(4,6,4,2) = (0.0000000000000000, 0.0000000000000000)
 rho_net(4,6,5,1) = (0.0000000000000000, 0.0000000000000000)
 rho_net(4,6,5,2) = (0.0000000000000000, 0.0000000000000000)
 rho_net(4,6,6,1) = (0.96994808877334460, 0.0000000000000000)
 rho_net(4,6,6,2) = (0.49855767023661746, 0.0000000000000000)
 rho_net(4,6,7,1) = (0.0000000000000000, 0.0000000000000000)
 rho_net(4,6,7,2) = (0.0000000000000000, 0.0000000000000000)
 rho_net(4,6,8,1) = (0.0000000000000000, 0.0000000000000000)
 rho_net(4,6,8,2) = (0.0000000000000000, 0.0000000000000000)
 rho_net(4,6,9,1) = (0.0000000000000000, 0.0000000000000000)
 rho_net(4,6,9,2) = (0.0000000000000000, 0.0000000000000000)
 rho_net(4,7,1,1) = (0.0000000000000000, 0.0000000000000000)
 rho_net(4,7,1,2) = (0.0000000000000000, 0.0000000000000000)
 rho_net(4,7,2,1) = (0.0000000000000000, 0.0000000000000000)
 rho_net(4,7,2,2) = (0.0000000000000000, 0.0000000000000000)
 rho_net(4,7,3,1) = (0.0000000000000000, 0.0000000000000000)
 rho_net(4,7,3,2) = (0.0000000000000000, 0.0000000000000000)
 rho_net(4,7,4,1) = (0.0000000000000000, 0.0000000000000000)
 rho_net(4,7,4,2) = (0.0000000000000000, 0.0000000000000000)
 rho_net(4,7,5,1) = (0.0000000000000000, 0.0000000000000000)
 rho_net(4,7,5,2) = (0.0000000000000000, 0.0000000000000000)
 rho_net(4,7,6,1) = (0.0000000000000000, 0.0000000000000000)
 rho_net(4,7,6,2) = (0.0000000000000000, 0.0000000000000000)
 rho_net(4,7,7,1) = (0.96994808877334648, 0.0000000000000000)
 rho_net(4,7,7,2) = (0.49855767023661685, 0.0000000000000000)
 rho_net(4,7,8,1) = (0.0000000000000000, 0.0000000000000000)
 rho_net(4,7,8,2) = (0.0000000000000000, 0.0000000000000000)
 rho_net(4,7,9,1) = (0.0000000000000000, 0.0000000000000000)
 rho_net(4,7,9,2) = (0.0000000000000000, 0.0000000000000000)
 rho_net(4,8,1,1) = (0.0000000000000000, 0.0000000000000000)
 rho_net(4,8,1,2) = (0.0000000000000000, 0.0000000000000000)
 rho_net(4,8,2,1) = (0.0000000000000000, 0.0000000000000000)
 rho_net(4,8,2,2) = (0.0000000000000000, 0.0000000000000000)
 rho_net(4,8,3,1) = (0.0000000000000000, 0.0000000000000000)
 rho_net(4,8,3,2) = (0.0000000000000000, 0.0000000000000000)
 rho_net(4,8,4,1) = (0.0000000000000000, 0.0000000000000000)
 rho_net(4,8,4,2) = (0.0000000000000000, 0.0000000000000000)
 rho_net(4,8,5,1) = (0.0000000000000000, 0.0000000000000000)
 rho_net(4,8,5,2) = (0.0000000000000000, 0.0000000000000000)
 rho_net(4,8,6,1) = (0.0000000000000000, 0.0000000000000000)
 rho_net(4,8,6,2) = (0.0000000000000000, 0.0000000000000000)
 rho_net(4,8,7,1) = (0.0000000000000000, 0.0000000000000000)
 rho_net(4,8,7,2) = (0.0000000000000000, 0.0000000000000000)
 rho_net(4,8,8,1) = (1.0001678855740361, 0.0000000000000000)
 rho_net(4,8,8,2) = (0.16106299883750605, 0.0000000000000000)
 rho_net(4,8,9,1) = (0.0000000000000000, 0.0000000000000000)
 rho_net(4,8,9,2) = (0.0000000000000000, 0.0000000000000000)
 rho_net(4,9,1,1) = (0.0000000000000000, 0.0000000000000000)
 rho_net(4,9,1,2) = (0.0000000000000000, 0.0000000000000000)
 rho_net(4,9,2,1) = (0.0000000000000000, 0.0000000000000000)
 rho_net(4,9,2,2) = (0.0000000000000000, 0.0000000000000000)
 rho_net(4,9,3,1) = (0.0000000000000000, 0.0000000000000000)
 rho_net(4,9,3,2) = (0.0000000000000000, 0.0000000000000000)
 rho_net(4,9,4,1) = (0.0000000000000000, 0.0000000000000000)
 rho_net(4,9,4,2) = (0.0000000000000000, 0.0000000000000000)
 rho_net(4,9,5,1) = (0.0000000000000000, 0.0000000000000000)
 rho_net(4,9,5,2) = (0.0000000000000000, 0.0000000000000000)
 rho_net(4,9,6,1) = (0.0000000000000000, 0.0000000000000000)
 rho_net(4,9,6,2) = (0.0000000000000000, 0.0000000000000000)
 rho_net(4,9,7,1) = (0.0000000000000000, 0.0000000000000000)
 rho_net(4,9,7,2) = (0.0000000000000000, 0.0000000000000000)
 rho_net(4,9,8,1) = (0.0000000000000000, 0.0000000000000000)
 rho_net(4,9,8,2) = (0.0000000000000000, 0.0000000000000000)
 rho_net(4,9,9,1) = (0.99681104247348062, 0.0000000000000000)
 rho_net(4,9,9,2) = (0.41207868641493650, 0.0000000000000000)
 rho_net(5,1,1,1) = (0.35964539801192691, 0.0000000000000000)
 rho_net(5,1,1,2) = (0.31404492351285873, 0.0000000000000000)
 rho_net(5,1,2,1) = (0.0000000000000000, 0.0000000000000000)
 rho_net(5,1,2,2) = (0.0000000000000000, 0.0000000000000000)
 rho_net(5,1,3,1) = (0.0000000000000000, 0.0000000000000000)
 rho_net(5,1,3,2) = (0.0000000000000000, 0.0000000000000000)
 rho_net(5,1,4,1) = (0.0000000000000000, 0.0000000000000000)
 rho_net(5,1,4,2) = (0.0000000000000000, 0.0000000000000000)
 rho_net(5,1,5,1) = (0.0000000000000000, 0.0000000000000000)
 rho_net(5,1,5,2) = (0.0000000000000000, 0.0000000000000000)
 rho_net(5,1,6,1) = (0.0000000000000000, 0.0000000000000000)
 rho_net(5,1,6,2) = (0.0000000000000000, 0.0000000000000000)
 rho_net(5,1,7,1) = (0.0000000000000000, 0.0000000000000000)
 rho_net(5,1,7,2) = (0.0000000000000000, 0.0000000000000000)
 rho_net(5,1,8,1) = (0.0000000000000000, 0.0000000000000000)
 rho_net(5,1,8,2) = (0.0000000000000000, 0.0000000000000000)
 rho_net(5,1,9,1) = (0.0000000000000000, 0.0000000000000000)
 rho_net(5,1,9,2) = (0.0000000000000000, 0.0000000000000000)
 rho_net(5,2,1,1) = (0.0000000000000000, 0.0000000000000000)
 rho_net(5,2,1,2) = (0.0000000000000000, 0.0000000000000000)
 rho_net(5,2,2,1) = (8.8092348987638212E-003, 0.0000000000000000)
 rho_net(5,2,2,2) = (1.3326421142070692E-002, 0.0000000000000000)
 rho_net(5,2,3,1) = (0.0000000000000000, 0.0000000000000000)
 rho_net(5,2,3,2) = (0.0000000000000000, 0.0000000000000000)
 rho_net(5,2,4,1) = (0.0000000000000000, 0.0000000000000000)
 rho_net(5,2,4,2) = (0.0000000000000000, 0.0000000000000000)
 rho_net(5,2,5,1) = (0.0000000000000000, 0.0000000000000000)
 rho_net(5,2,5,2) = (0.0000000000000000, 0.0000000000000000)
 rho_net(5,2,6,1) = (0.0000000000000000, 0.0000000000000000)
 rho_net(5,2,6,2) = (0.0000000000000000, 0.0000000000000000)
 rho_net(5,2,7,1) = (0.0000000000000000, 0.0000000000000000)
 rho_net(5,2,7,2) = (0.0000000000000000, 0.0000000000000000)
 rho_net(5,2,8,1) = (0.0000000000000000, 0.0000000000000000)
 rho_net(5,2,8,2) = (0.0000000000000000, 0.0000000000000000)
 rho_net(5,2,9,1) = (0.0000000000000000, 0.0000000000000000)
 rho_net(5,2,9,2) = (0.0000000000000000, 0.0000000000000000)
 rho_net(5,3,1,1) = (0.0000000000000000, 0.0000000000000000)
 rho_net(5,3,1,2) = (0.0000000000000000, 0.0000000000000000)
 rho_net(5,3,2,1) = (0.0000000000000000, 0.0000000000000000)
 rho_net(5,3,2,2) = (0.0000000000000000, 0.0000000000000000)
 rho_net(5,3,3,1) = (8.8092348987638281E-003, 0.0000000000000000)
 rho_net(5,3,3,2) = (1.3326421142070662E-002, 0.0000000000000000)
 rho_net(5,3,4,1) = (0.0000000000000000, 0.0000000000000000)
 rho_net(5,3,4,2) = (0.0000000000000000, 0.0000000000000000)
 rho_net(5,3,5,1) = (0.0000000000000000, 0.0000000000000000)
 rho_net(5,3,5,2) = (0.0000000000000000, 0.0000000000000000)
 rho_net(5,3,6,1) = (0.0000000000000000, 0.0000000000000000)
 rho_net(5,3,6,2) = (0.0000000000000000, 0.0000000000000000)
 rho_net(5,3,7,1) = (0.0000000000000000, 0.0000000000000000)
 rho_net(5,3,7,2) = (0.0000000000000000, 0.0000000000000000)
 rho_net(5,3,8,1) = (0.0000000000000000, 0.0000000000000000)
 rho_net(5,3,8,2) = (0.0000000000000000, 0.0000000000000000)
 rho_net(5,3,9,1) = (0.0000000000000000, 0.0000000000000000)
 rho_net(5,3,9,2) = (0.0000000000000000, 0.0000000000000000)
 rho_net(5,4,1,1) = (0.0000000000000000, 0.0000000000000000)
 rho_net(5,4,1,2) = (0.0000000000000000, 0.0000000000000000)
 rho_net(5,4,2,1) = (0.0000000000000000, 0.0000000000000000)
 rho_net(5,4,2,2) = (0.0000000000000000, 0.0000000000000000)
 rho_net(5,4,3,1) = (0.0000000000000000, 0.0000000000000000)
 rho_net(5,4,3,2) = (0.0000000000000000, 0.0000000000000000)
 rho_net(5,4,4,1) = (7.0697539179662497E-002, 0.0000000000000000)
 rho_net(5,4,4,2) = (6.6403868451440917E-002, 0.0000000000000000)
 rho_net(5,4,5,1) = (0.0000000000000000, 0.0000000000000000)
 rho_net(5,4,5,2) = (0.0000000000000000, 0.0000000000000000)
 rho_net(5,4,6,1) = (0.0000000000000000, 0.0000000000000000)
 rho_net(5,4,6,2) = (0.0000000000000000, 0.0000000000000000)
 rho_net(5,4,7,1) = (0.0000000000000000, 0.0000000000000000)
 rho_net(5,4,7,2) = (0.0000000000000000, 0.0000000000000000)
 rho_net(5,4,8,1) = (0.0000000000000000, 0.0000000000000000)
 rho_net(5,4,8,2) = (0.0000000000000000, 0.0000000000000000)
 rho_net(5,4,9,1) = (0.0000000000000000, 0.0000000000000000)
 rho_net(5,4,9,2) = (0.0000000000000000, 0.0000000000000000)
 rho_net(5,5,1,1) = (0.0000000000000000, 0.0000000000000000)
 rho_net(5,5,1,2) = (0.0000000000000000, 0.0000000000000000)
 rho_net(5,5,2,1) = (0.0000000000000000, 0.0000000000000000)
 rho_net(5,5,2,2) = (0.0000000000000000, 0.0000000000000000)
 rho_net(5,5,3,1) = (0.0000000000000000, 0.0000000000000000)
 rho_net(5,5,3,2) = (0.0000000000000000, 0.0000000000000000)
 rho_net(5,5,4,1) = (0.0000000000000000, 0.0000000000000000)
 rho_net(5,5,4,2) = (0.0000000000000000, 0.0000000000000000)
 rho_net(5,5,5,1) = (1.0001678855740379, 0.0000000000000000)
 rho_net(5,5,5,2) = (0.16871889914581262, 0.0000000000000000)
 rho_net(5,5,6,1) = (0.0000000000000000, 0.0000000000000000)
 rho_net(5,5,6,2) = (0.0000000000000000, 0.0000000000000000)
 rho_net(5,5,7,1) = (0.0000000000000000, 0.0000000000000000)
 rho_net(5,5,7,2) = (0.0000000000000000, 0.0000000000000000)
 rho_net(5,5,8,1) = (0.0000000000000000, 0.0000000000000000)
 rho_net(5,5,8,2) = (0.0000000000000000, 0.0000000000000000)
 rho_net(5,5,9,1) = (0.0000000000000000, 0.0000000000000000)
 rho_net(5,5,9,2) = (0.0000000000000000, 0.0000000000000000)
 rho_net(5,6,1,1) = (0.0000000000000000, 0.0000000000000000)
 rho_net(5,6,1,2) = (0.0000000000000000, 0.0000000000000000)
 rho_net(5,6,2,1) = (0.0000000000000000, 0.0000000000000000)
 rho_net(5,6,2,2) = (0.0000000000000000, 0.0000000000000000)
 rho_net(5,6,3,1) = (0.0000000000000000, 0.0000000000000000)
 rho_net(5,6,3,2) = (0.0000000000000000, 0.0000000000000000)
 rho_net(5,6,4,1) = (0.0000000000000000, 0.0000000000000000)
 rho_net(5,6,4,2) = (0.0000000000000000, 0.0000000000000000)
 rho_net(5,6,5,1) = (0.0000000000000000, 0.0000000000000000)
 rho_net(5,6,5,2) = (0.0000000000000000, 0.0000000000000000)
 rho_net(5,6,6,1) = (0.97154821147464598, 0.0000000000000000)
 rho_net(5,6,6,2) = (0.49341172276362866, 0.0000000000000000)
 rho_net(5,6,7,1) = (0.0000000000000000, 0.0000000000000000)
 rho_net(5,6,7,2) = (0.0000000000000000, 0.0000000000000000)
 rho_net(5,6,8,1) = (0.0000000000000000, 0.0000000000000000)
 rho_net(5,6,8,2) = (0.0000000000000000, 0.0000000000000000)
 rho_net(5,6,9,1) = (0.0000000000000000, 0.0000000000000000)
 rho_net(5,6,9,2) = (0.0000000000000000, 0.0000000000000000)
 rho_net(5,7,1,1) = (0.0000000000000000, 0.0000000000000000)
 rho_net(5,7,1,2) = (0.0000000000000000, 0.0000000000000000)
 rho_net(5,7,2,1) = (0.0000000000000000, 0.0000000000000000)
 rho_net(5,7,2,2) = (0.0000000000000000, 0.0000000000000000)
 rho_net(5,7,3,1) = (0.0000000000000000, 0.0000000000000000)
 rho_net(5,7,3,2) = (0.0000000000000000, 0.0000000000000000)
 rho_net(5,7,4,1) = (0.0000000000000000, 0.0000000000000000)
 rho_net(5,7,4,2) = (0.0000000000000000, 0.0000000000000000)
 rho_net(5,7,5,1) = (0.0000000000000000, 0.0000000000000000)
 rho_net(5,7,5,2) = (0.0000000000000000, 0.0000000000000000)
 rho_net(5,7,6,1) = (0.0000000000000000, 0.0000000000000000)
 rho_net(5,7,6,2) = (0.0000000000000000, 0.0000000000000000)
 rho_net(5,7,7,1) = (0.97154821147464510, 0.0000000000000000)
 rho_net(5,7,7,2) = (0.49341172276362882, 0.0000000000000000)
 rho_net(5,7,8,1) = (0.0000000000000000, 0.0000000000000000)
 rho_net(5,7,8,2) = (0.0000000000000000, 0.0000000000000000)
 rho_net(5,7,9,1) = (0.0000000000000000, 0.0000000000000000)
 rho_net(5,7,9,2) = (0.0000000000000000, 0.0000000000000000)
 rho_net(5,8,1,1) = (0.0000000000000000, 0.0000000000000000)
 rho_net(5,8,1,2) = (0.0000000000000000, 0.0000000000000000)
 rho_net(5,8,2,1) = (0.0000000000000000, 0.0000000000000000)
 rho_net(5,8,2,2) = (0.0000000000000000, 0.0000000000000000)
 rho_net(5,8,3,1) = (0.0000000000000000, 0.0000000000000000)
 rho_net(5,8,3,2) = (0.0000000000000000, 0.0000000000000000)
 rho_net(5,8,4,1) = (0.0000000000000000, 0.0000000000000000)
 rho_net(5,8,4,2) = (0.0000000000000000, 0.0000000000000000)
 rho_net(5,8,5,1) = (0.0000000000000000, 0.0000000000000000)
 rho_net(5,8,5,2) = (0.0000000000000000, 0.0000000000000000)
 rho_net(5,8,6,1) = (0.0000000000000000, 0.0000000000000000)
 rho_net(5,8,6,2) = (0.0000000000000000, 0.0000000000000000)
 rho_net(5,8,7,1) = (0.0000000000000000, 0.0000000000000000)
 rho_net(5,8,7,2) = (0.0000000000000000, 0.0000000000000000)
 rho_net(5,8,8,1) = (1.0001678855740377, 0.0000000000000000)
 rho_net(5,8,8,2) = (0.16871889914581137, 0.0000000000000000)
 rho_net(5,8,9,1) = (0.0000000000000000, 0.0000000000000000)
 rho_net(5,8,9,2) = (0.0000000000000000, 0.0000000000000000)
 rho_net(5,9,1,1) = (0.0000000000000000, 0.0000000000000000)
 rho_net(5,9,1,2) = (0.0000000000000000, 0.0000000000000000)
 rho_net(5,9,2,1) = (0.0000000000000000, 0.0000000000000000)
 rho_net(5,9,2,2) = (0.0000000000000000, 0.0000000000000000)
 rho_net(5,9,3,1) = (0.0000000000000000, 0.0000000000000000)
 rho_net(5,9,3,2) = (0.0000000000000000, 0.0000000000000000)
 rho_net(5,9,4,1) = (0.0000000000000000, 0.0000000000000000)
 rho_net(5,9,4,2) = (0.0000000000000000, 0.0000000000000000)
 rho_net(5,9,5,1) = (0.0000000000000000, 0.0000000000000000)
 rho_net(5,9,5,2) = (0.0000000000000000, 0.0000000000000000)
 rho_net(5,9,6,1) = (0.0000000000000000, 0.0000000000000000)
 rho_net(5,9,6,2) = (0.0000000000000000, 0.0000000000000000)
 rho_net(5,9,7,1) = (0.0000000000000000, 0.0000000000000000)
 rho_net(5,9,7,2) = (0.0000000000000000, 0.0000000000000000)
 rho_net(5,9,8,1) = (0.0000000000000000, 0.0000000000000000)
 rho_net(5,9,8,2) = (0.0000000000000000, 0.0000000000000000)
 rho_net(5,9,9,1) = (0.99671236433836374, 0.0000000000000000)
 rho_net(5,9,9,2) = (0.40578867085910708, 0.0000000000000000)
 /
