&charge
 q_mul(1,1,0) = 0.45691703464248884
 q_mul(1,1,1) = -6.3538244158308692E-008
 q_mul(1,1,2) = 6.4756008430015505E-018
 q_mul(1,1,3) = -3.3164396858221153E-019
 q_mul(1,2,0) = 0.57193354674110986
 q_mul(1,2,1) = 7.0524379843318185E-007
 q_mul(1,2,2) = -1.6279859913265390E-016
 q_mul(1,2,3) = -3.1611493952856333E-017
 q_mul(1,3,0) = 7.0175058561209518
 q_mul(1,3,1) = -4.4684086784111115E-006
 q_mul(1,3,2) = 3.6651906669669176E-014
 q_mul(1,3,3) = 1.1521936514794519E-014
 q_mul(2,1,0) = 0.79963193899738449
 q_mul(2,1,1) = -5.9886228504309458E-008
 q_mul(2,1,2) = -1.4218322139450072E-016
 q_mul(2,1,3) = -1.1368149893676670E-016
 q_mul(2,2,0) = 0.81541806807088379
 q_mul(2,2,1) = 7.2143196763263325E-007
 q_mul(2,2,2) = -7.1041723445782667E-016
 q_mul(2,2,3) = -2.6027882590315164E-016
 q_mul(2,3,0) = 8.3385935550455148
 q_mul(2,3,1) = 3.1702930687617009E-006
 q_mul(2,3,2) = 3.8078115537376430E-015
 q_mul(2,3,3) = -3.2121241248619287E-016
 rho_net(1,1,1,1) = (0.12675913909602421, 0.0000000000000000)
 rho_net(1,1,1,2) = (0.12675913909602415, 0.0000000000000000)
 rho_net(1,1,1,3) = (-8.1162620448109329E-008, 3.0082628697038859E-018)
 rho_net(1,1,1,4) = (-8.1162620448109329E-008, -3.0082628697038859E-018)
 rho_net(1,1,2,1) = (0.0000000000000000, 0.0000000000000000)
 rho_net(1,1,2,2) = (0.0000000000000000, 0.0000000000000000)
 rho_net(1,1,2,3) = (0.0000000000000000, 0.0000000000000000)
 rho_net(1,1,2,4) = (0.0000000000000000, 0.0000000000000000)
 rho_net(1,1,3,1) = (0.0000000000000000, 0.0000000000000000)
 rho_net(1,1,3,2) = (0.0000000000000000, 0.0000000000000000)
 rho_net(1,1,3,3) = (0.0000000000000000, 0.0000000000000000)
 rho_net(1,1,3,4) = (0.0000000000000000, 0.0000000000000000)
 rho_net(1,1,4,1) = (0.0000000000000000, 0.0000000000000000)
 rho_net(1,1,4,2) = (0.0000000000000000, 0.0000000000000000)
 rho_net(1,1,4,3) = (0.0000000000000000, 0.0000000000000000)
 rho_net(1,1,4,4) = (0.0000000000000000, 0.0000000000000000)
 rho_net(1,1,5,1) = (0.0000000000000000, 0.0000000000000000)
 rho_net(1,1,5,2) = (0.0000000000000000, 0.0000000000000000)
 rho_net(1,1,5,3) = (0.0000000000000000, 0.0000000000000000)
 rho_net(1,1,5,4) = (0.0000000000000000, 0.0000000000000000)
 rho_net(1,1,6,1) = (0.0000000000000000, 0.0000000000000000)
 rho_net(1,1,6,2) = (0.0000000000000000, 0.0000000000000000)
 rho_net(1,1,6,3) = (0.0000000000000000, 0.0000000000000000)
 rho_net(1,1,6,4) = (0.0000000000000000, 0.0000000000000000)
 rho_net(1,1,7,1) = (0.0000000000000000, 0.0000000000000000)
 rho_net(1,1,7,2) = (0.0000000000000000, 0.0000000000000000)
 rho_net(1,1,7,3) = (0.0000000000000000, 0.0000000000000000)
 rho_net(1,1,7,4) = (0.0000000000000000, 0.0000000000000000)
 rho_net(1,1,8,1) = (0.0000000000000000, 0.0000000000000000)
 rho_net(1,1,8,2) = (0.0000000000000000, 0.0000000000000000)
 rho_net(1,1,8,3) = (0.0000000000000000, 0.0000000000000000)
 rho_net(1,1,8,4) = (0.0000000000000000, 0.0000000000000000)
 rho_net(1,1,9,1) = (0.0000000000000000, 0.0000000000000000)
 rho_net(1,1,9,2) = (0.0000000000000000, 0.0000000000000000)
 rho_net(1,1,9,3) = (0.0000000000000000, 0.0000000000000000)
 rho_net(1,1,9,4) = (0.0000000000000000, 0.0000000000000000)
 rho_net(1,2,1,1) = (0.0000000000000000, 0.0000000000000000)
 rho_net(1,2,1,2) = (0.0000000000000000, 0.0000000000000000)
 rho_net(1,2,1,3) = (0.0000000000000000, 0.0000000000000000)
 rho_net(1,2,1,4) = (0.0000000000000000, 0.0000000000000000)
 rho_net(1,2,2,1) = (4.9558458131393958E-002, 0.0000000000000000)
 rho_net(1,2,2,2) = (4.9558458131394000E-002, 0.0000000000000000)
 rho_net(1,2,2,3) = (-2.5633434535466040E-008, 6.3873581444422006E-018)
 rho_net(1,2,2,4) = (-2.5633434535466040E-008, -6.3873581444422006E-018)
 rho_net(1,2,3,1) = (0.0000000000000000, 0.0000000000000000)
 rho_net(1,2,3,2) = (0.0000000000000000, 0.0000000000000000)
 rho_net(1,2,3,3) = (0.0000000000000000, 0.0000000000000000)
 rho_net(1,2,3,4) = (0.0000000000000000, 0.0000000000000000)
 rho_net(1,2,4,1) = (0.0000000000000000, 0.0000000000000000)
 rho_net(1,2,4,2) = (0.0000000000000000, 0.0000000000000000)
 rho_net(1,2,4,3) = (0.0000000000000000, 0.0000000000000000)
 rho_net(1,2,4,4) = (0.0000000000000000, 0.0000000000000000)
 rho_net(1,2,5,1) = (0.0000000000000000, 0.0000000000000000)
 rho_net(1,2,5,2) = (0.0000000000000000, 0.0000000000000000)
 rho_net(1,2,5,3) = (0.0000000000000000, 0.0000000000000000)
 rho_net(1,2,5,4) = (0.0000000000000000, 0.0000000000000000)
 rho_net(1,2,6,1) = (0.0000000000000000, 0.0000000000000000)
 rho_net(1,2,6,2) = (0.0000000000000000, 0.0000000000000000)
 rho_net(1,2,6,3) = (0.0000000000000000, 0.0000000000000000)
 rho_net(1,2,6,4) = (0.0000000000000000, 0.0000000000000000)
 rho_net(1,2,7,1) = (0.0000000000000000, 0.0000000000000000)
 rho_net(1,2,7,2) = (0.0000000000000000, 0.0000000000000000)
 rho_net(1,2,7,3) = (0.0000000000000000, 0.0000000000000000)
 rho_net(1,2,7,4) = (0.0000000000000000, 0.0000000000000000)
 rho_net(1,2,8,1) = (0.0000000000000000, 0.0000000000000000)
 rho_net(1,2,8,2) = (0.0000000000000000, 0.0000000000000000)
 rho_net(1,2,8,3) = (0.0000000000000000, 0.0000000000000000)
 rho_net(1,2,8,4) = (0.0000000000000000, 0.0000000000000000)
 rho_net(1,2,9,1) = (0.0000000000000000, 0.0000000000000000)
 rho_net(1,2,9,2) = (0.0000000000000000, 0.0000000000000000)
 rho_net(1,2,9,3) = (0.0000000000000000, 0.0000000000000000)
 rho_net(1,2,9,4) = (0.0000000000000000, 0.0000000000000000)
 rho_net(1,3,1,1) = (0.0000000000000000, 0.0000000000000000)
 rho_net(1,3,1,2) = (0.0000000000000000, 0.0000000000000000)
 rho_net(1,3,1,3) = (0.0000000000000000, 0.0000000000000000)
 rho_net(1,3,1,4) = (0.0000000000000000, 0.0000000000000000)
 rho_net(1,3,2,1) = (0.0000000000000000, 0.0000000000000000)
 rho_net(1,3,2,2) = (0.0000000000000000, 0.0000000000000000)
 rho_net(1,3,2,3) = (0.0000000000000000, 0.0000000000000000)
 rho_net(1,3,2,4) = (0.0000000000000000, 0.0000000000000000)
 rho_net(1,3,3,1) = (4.9558426242051187E-002, 0.0000000000000000)
 rho_net(1,3,3,2) = (4.9558426242050896E-002, 0.0000000000000000)
 rho_net(1,3,3,3) = (-7.2613234378144775E-009, 3.3460268399933624E-018)
 rho_net(1,3,3,4) = (-7.2613234378144775E-009, -3.3460268399933624E-018)
 rho_net(1,3,4,1) = (0.0000000000000000, 0.0000000000000000)
 rho_net(1,3,4,2) = (0.0000000000000000, 0.0000000000000000)
 rho_net(1,3,4,3) = (0.0000000000000000, 0.0000000000000000)
 rho_net(1,3,4,4) = (0.0000000000000000, 0.0000000000000000)
 rho_net(1,3,5,1) = (0.0000000000000000, 0.0000000000000000)
 rho_net(1,3,5,2) = (0.0000000000000000, 0.0000000000000000)
 rho_net(1,3,5,3) = (0.0000000000000000, 0.0000000000000000)
 rho_net(1,3,5,4) = (0.0000000000000000, 0.0000000000000000)
 rho_net(1,3,6,1) = (0.0000000000000000, 0.0000000000000000)
 rho_net(1,3,6,2) = (0.0000000000000000, 0.0000000000000000)
 rho_net(1,3,6,3) = (0.0000000000000000, 0.0000000000000000)
 rho_net(1,3,6,4) = (0.0000000000000000, 0.0000000000000000)
 rho_net(1,3,7,1) = (0.0000000000000000, 0.0000000000000000)
 rho_net(1,3,7,2) = (0.0000000000000000, 0.0000000000000000)
 rho_net(1,3,7,3) = (0.0000000000000000, 0.0000000000000000)
 rho_net(1,3,7,4) = (0.0000000000000000, 0.0000000000000000)
 rho_net(1,3,8,1) = (0.0000000000000000, 0.0000000000000000)
 rho_net(1,3,8,2) = (0.0000000000000000, 0.0000000000000000)
 rho_net(1,3,8,3) = (0.0000000000000000, 0.0000000000000000)
 rho_net(1,3,8,4) = (0.0000000000000000, 0.0000000000000000)
 rho_net(1,3,9,1) = (0.0000000000000000, 0.0000000000000000)
 rho_net(1,3,9,2) = (0.0000000000000000, 0.0000000000000000)
 rho_net(1,3,9,3) = (0.0000000000000000, 0.0000000000000000)
 rho_net(1,3,9,4) = (0.0000000000000000, 0.0000000000000000)
 rho_net(1,4,1,1) = (0.0000000000000000, 0.0000000000000000)
 rho_net(1,4,1,2) = (0.0000000000000000, 0.0000000000000000)
 rho_net(1,4,1,3) = (0.0000000000000000, 0.0000000000000000)
 rho_net(1,4,1,4) = (0.0000000000000000, 0.0000000000000000)
 rho_net(1,4,2,1) = (0.0000000000000000, 0.0000000000000000)
 rho_net(1,4,2,2) = (0.0000000000000000, 0.0000000000000000)
 rho_net(1,4,2,3) = (0.0000000000000000, 0.0000000000000000)
 rho_net(1,4,2,4) = (0.0000000000000000, 0.0000000000000000)
 rho_net(1,4,3,1) = (0.0000000000000000, 0.0000000000000000)
 rho_net(1,4,3,2) = (0.0000000000000000, 0.0000000000000000)
 rho_net(1,4,3,3) = (0.0000000000000000, 0.0000000000000000)
 rho_net(1,4,3,4) = (0.0000000000000000, 0.0000000000000000)
 rho_net(1,4,4,1) = (5.0553536581603019E-002, 0.0000000000000000)
 rho_net(1,4,4,2) = (5.0553536581602866E-002, 0.0000000000000000)
 rho_net(1,4,4,3) = (1.9235411019139009E-007, -2.2177064728103394E-017)
 rho_net(1,4,4,4) = (1.9235411019139009E-007, 2.2177064728103394E-017)
 rho_net(1,4,5,1) = (0.0000000000000000, 0.0000000000000000)
 rho_net(1,4,5,2) = (0.0000000000000000, 0.0000000000000000)
 rho_net(1,4,5,3) = (0.0000000000000000, 0.0000000000000000)
 rho_net(1,4,5,4) = (0.0000000000000000, 0.0000000000000000)
 rho_net(1,4,6,1) = (0.0000000000000000, 0.0000000000000000)
 rho_net(1,4,6,2) = (0.0000000000000000, 0.0000000000000000)
 rho_net(1,4,6,3) = (0.0000000000000000, 0.0000000000000000)
 rho_net(1,4,6,4) = (0.0000000000000000, 0.0000000000000000)
 rho_net(1,4,7,1) = (0.0000000000000000, 0.0000000000000000)
 rho_net(1,4,7,2) = (0.0000000000000000, 0.0000000000000000)
 rho_net(1,4,7,3) = (0.0000000000000000, 0.0000000000000000)
 rho_net(1,4,7,4) = (0.0000000000000000, 0.0000000000000000)
 rho_net(1,4,8,1) = (0.0000000000000000, 0.0000000000000000)
 rho_net(1,4,8,2) = (0.0000000000000000, 0.0000000000000000)
 rho_net(1,4,8,3) = (0.0000000000000000, 0.0000000000000000)
 rho_net(1,4,8,4) = (0.0000000000000000, 0.0000000000000000)
 rho_net(1,4,9,1) = (0.0000000000000000, 0.0000000000000000)
 rho_net(1,4,9,2) = (0.0000000000000000, 0.0000000000000000)
 rho_net(1,4,9,3) = (0.0000000000000000, 0.0000000000000000)
 rho_net(1,4,9,4) = (0.0000000000000000, 0.0000000000000000)
 rho_net(1,5,1,1) = (0.0000000000000000, 0.0000000000000000)
 rho_net(1,5,1,2) = (0.0000000000000000, 0.0000000000000000)
 rho_net(1,5,1,3) = (0.0000000000000000, 0.0000000000000000)
 rho_net(1,5,1,4) = (0.0000000000000000, 0.0000000000000000)
 rho_net(1,5,2,1) = (0.0000000000000000, 0.0000000000000000)
 rho_net(1,5,2,2) = (0.0000000000000000, 0.0000000000000000)
 rho_net(1,5,2,3) = (0.0000000000000000, 0.0000000000000000)
 rho_net(1,5,2,4) = (0.0000000000000000, 0.0000000000000000)
 rho_net(1,5,3,1) = (0.0000000000000000, 0.0000000000000000)
 rho_net(1,5,3,2) = (0.0000000000000000, 0.0000000000000000)
 rho_net(1,5,3,3) = (0.0000000000000000, 0.0000000000000000)
 rho_net(1,5,3,4) = (0.0000000000000000, 0.0000000000000000)
 rho_net(1,5,4,1) = (0.0000000000000000, 0.0000000000000000)
 rho_net(1,5,4,2) = (0.0000000000000000, 0.0000000000000000)
 rho_net(1,5,4,3) = (0.0000000000000000, 0.0000000000000000)
 rho_net(1,5,4,4) = (0.0000000000000000, 0.0000000000000000)
 rho_net(1,5,5,1) = (0.73964829245832953, 0.0000000000000000)
 rho_net(1,5,5,2) = (0.73964829245832686, 0.0000000000000000)
 rho_net(1,5,5,3) = (6.2464117561414519E-006, -5.0460917290193035E-015)
 rho_net(1,5,5,4) = (6.2464117561414519E-006, 5.0460917290193035E-015)
 rho_net(1,5,6,1) = (0.0000000000000000, 0.0000000000000000)
 rho_net(1,5,6,2) = (0.0000000000000000, 0.0000000000000000)
 rho_net(1,5,6,3) = (0.0000000000000000, 0.0000000000000000)
 rho_net(1,5,6,4) = (0.0000000000000000, 0.0000000000000000)
 rho_net(1,5,7,1) = (0.0000000000000000, 0.0000000000000000)
 rho_net(1,5,7,2) = (0.0000000000000000, 0.0000000000000000)
 rho_net(1,5,7,3) = (0.0000000000000000, 0.0000000000000000)
 rho_net(1,5,7,4) = (0.0000000000000000, 0.0000000000000000)
 rho_net(1,5,8,1) = (0.0000000000000000, 0.0000000000000000)
 rho_net(1,5,8,2) = (0.0000000000000000, 0.0000000000000000)
 rho_net(1,5,8,3) = (0.0000000000000000, 0.0000000000000000)
 rho_net(1,5,8,4) = (0.0000000000000000, 0.0000000000000000)
 rho_net(1,5,9,1) = (0.0000000000000000, 0.0000000000000000)
 rho_net(1,5,9,2) = (0.0000000000000000, 0.0000000000000000)
 rho_net(1,5,9,3) = (0.0000000000000000, 0.0000000000000000)
 rho_net(1,5,9,4) = (0.0000000000000000, 0.0000000000000000)
 rho_net(1,6,1,1) = (0.0000000000000000, 0.0000000000000000)
 rho_net(1,6,1,2) = (0.0000000000000000, 0.0000000000000000)
 rho_net(1,6,1,3) = (0.0000000000000000, 0.0000000000000000)
 rho_net(1,6,1,4) = (0.0000000000000000, 0.0000000000000000)
 rho_net(1,6,2,1) = (0.0000000000000000, 0.0000000000000000)
 rho_net(1,6,2,2) = (0.0000000000000000, 0.0000000000000000)
 rho_net(1,6,2,3) = (0.0000000000000000, 0.0000000000000000)
 rho_net(1,6,2,4) = (0.0000000000000000, 0.0000000000000000)
 rho_net(1,6,3,1) = (0.0000000000000000, 0.0000000000000000)
 rho_net(1,6,3,2) = (0.0000000000000000, 0.0000000000000000)
 rho_net(1,6,3,3) = (0.0000000000000000, 0.0000000000000000)
 rho_net(1,6,3,4) = (0.0000000000000000, 0.0000000000000000)
 rho_net(1,6,4,1) = (0.0000000000000000, 0.0000000000000000)
 rho_net(1,6,4,2) = (0.0000000000000000, 0.0000000000000000)
 rho_net(1,6,4,3) = (0.0000000000000000, 0.0000000000000000)
 rho_net(1,6,4,4) = (0.0000000000000000, 0.0000000000000000)
 rho_net(1,6,5,1) = (0.0000000000000000, 0.0000000000000000)
 rho_net(1,6,5,2) = (0.0000000000000000, 0.0000000000000000)
 rho_net(1,6,5,3) = (0.0000000000000000, 0.0000000000000000)
 rho_net(1,6,5,4) = (0.0000000000000000, 0.0000000000000000)
 rho_net(1,6,6,1) = (0.60522120927038647, 0.0000000000000000)
 rho_net(1,6,6,2) = (0.60522120927038359, 0.0000000000000000)
 rho_net(1,6,6,3) = (7.4079924212191194E-007, -3.5132065792172543E-015)
 rho_net(1,6,6,4) = (7.4079924212191194E-007, 3.5132065792172543E-015)
 rho_net(1,6,7,1) = (0.0000000000000000, 0.0000000000000000)
 rho_net(1,6,7,2) = (0.0000000000000000, 0.0000000000000000)
 rho_net(1,6,7,3) = (0.0000000000000000, 0.0000000000000000)
 rho_net(1,6,7,4) = (0.0000000000000000, 0.0000000000000000)
 rho_net(1,6,8,1) = (0.0000000000000000, 0.0000000000000000)
 rho_net(1,6,8,2) = (0.0000000000000000, 0.0000000000000000)
 rho_net(1,6,8,3) = (0.0000000000000000, 0.0000000000000000)
 rho_net(1,6,8,4) = (0.0000000000000000, 0.0000000000000000)
 rho_net(1,6,9,1) = (0.0000000000000000, 0.0000000000000000)
 rho_net(1,6,9,2) = (0.0000000000000000, 0.0000000000000000)
 rho_net(1,6,9,3) = (0.0000000000000000, 0.0000000000000000)
 rho_net(1,6,9,4) = (0.0000000000000000, 0.0000000000000000)
 rho_net(1,7,1,1) = (0.0000000000000000, 0.0000000000000000)
 rho_net(1,7,1,2) = (0.0000000000000000, 0.0000000000000000)
 rho_net(1,7,1,3) = (0.0000000000000000, 0.0000000000000000)
 rho_net(1,7,1,4) = (0.0000000000000000, 0.0000000000000000)
 rho_net(1,7,2,1) = (0.0000000000000000, 0.0000000000000000)
 rho_net(1,7,2,2) = (0.0000000000000000, 0.0000000000000000)
 rho_net(1,7,2,3) = (0.0000000000000000, 0.0000000000000000)
 rho_net(1,7,2,4) = (0.0000000000000000, 0.0000000000000000)
 rho_net(1,7,3,1) = (0.0000000000000000, 0.0000000000000000)
 rho_net(1,7,3,2) = (0.0000000000000000, 0.0000000000000000)
 rho_net(1,7,3,3) = (0.0000000000000000, 0.0000000000000000)
 rho_net(1,7,3,4) = (0.0000000000000000, 0.0000000000000000)
 rho_net(1,7,4,1) = (0.0000000000000000, 0.0000000000000000)
 rho_net(1,7,4,2) = (0.0000000000000000, 0.0000000000000000)
 rho_net(1,7,4,3) = (0.0000000000000000, 0.0000000000000000)
 rho_net(1,7,4,4) = (0.0000000000000000, 0.0000000000000000)
 rho_net(1,7,5,1) = (0.0000000000000000, 0.0000000000000000)
 rho_net(1,7,5,2) = (0.0000000000000000, 0.0000000000000000)
 rho_net(1,7,5,3) = (0.0000000000000000, 0.0000000000000000)
 rho_net(1,7,5,4) = (0.0000000000000000, 0.0000000000000000)
 rho_net(1,7,6,1) = (0.0000000000000000, 0.0000000000000000)
 rho_net(1,7,6,2) = (0.0000000000000000, 0.0000000000000000)
 rho_net(1,7,6,3) = (0.0000000000000000, 0.0000000000000000)
 rho_net(1,7,6,4) = (0.0000000000000000, 0.0000000000000000)
 rho_net(1,7,7,1) = (0.60522132231873982, 0.0000000000000000)
 rho_net(1,7,7,2) = (0.60522132231873960, 0.0000000000000000)
 rho_net(1,7,7,3) = (1.6602560712864466E-006, -3.3508615470285123E-015)
 rho_net(1,7,7,4) = (1.6602560712864466E-006, 3.3508615470285123E-015)
 rho_net(1,7,8,1) = (0.0000000000000000, 0.0000000000000000)
 rho_net(1,7,8,2) = (0.0000000000000000, 0.0000000000000000)
 rho_net(1,7,8,3) = (0.0000000000000000, 0.0000000000000000)
 rho_net(1,7,8,4) = (0.0000000000000000, 0.0000000000000000)
 rho_net(1,7,9,1) = (0.0000000000000000, 0.0000000000000000)
 rho_net(1,7,9,2) = (0.0000000000000000, 0.0000000000000000)
 rho_net(1,7,9,3) = (0.0000000000000000, 0.0000000000000000)
 rho_net(1,7,9,4) = (0.0000000000000000, 0.0000000000000000)
 rho_net(1,8,1,1) = (0.0000000000000000, 0.0000000000000000)
 rho_net(1,8,1,2) = (0.0000000000000000, 0.0000000000000000)
 rho_net(1,8,1,3) = (0.0000000000000000, 0.0000000000000000)
 rho_net(1,8,1,4) = (0.0000000000000000, 0.0000000000000000)
 rho_net(1,8,2,1) = (0.0000000000000000, 0.0000000000000000)
 rho_net(1,8,2,2) = (0.0000000000000000, 0.0000000000000000)
 rho_net(1,8,2,3) = (0.0000000000000000, 0.0000000000000000)
 rho_net(1,8,2,4) = (0.0000000000000000, 0.0000000000000000)
 rho_net(1,8,3,1) = (0.0000000000000000, 0.0000000000000000)
 rho_net(1,8,3,2) = (0.0000000000000000, 0.0000000000000000)
 rho_net(1,8,3,3) = (0.0000000000000000, 0.0000000000000000)
 rho_net(1,8,3,4) = (0.0000000000000000, 0.0000000000000000)
 rho_net(1,8,4,1) = (0.0000000000000000, 0.0000000000000000)
 rho_net(1,8,4,2) = (0.0000000000000000, 0.0000000000000000)
 rho_net(1,8,4,3) = (0.0000000000000000, 0.0000000000000000)
 rho_net(1,8,4,4) = (0.0000000000000000, 0.0000000000000000)
 rho_net(1,8,5,1) = (0.0000000000000000, 0.0000000000000000)
 rho_net(1,8,5,2) = (0.0000000000000000, 0.0000000000000000)
 rho_net(1,8,5,3) = (0.0000000000000000, 0.0000000000000000)
 rho_net(1,8,5,4) = (0.0000000000000000, 0.0000000000000000)
 rho_net(1,8,6,1) = (0.0000000000000000, 0.0000000000000000)
 rho_net(1,8,6,2) = (0.0000000000000000, 0.0000000000000000)
 rho_net(1,8,6,3) = (0.0000000000000000, 0.0000000000000000)
 rho_net(1,8,6,4) = (0.0000000000000000, 0.0000000000000000)
 rho_net(1,8,7,1) = (0.0000000000000000, 0.0000000000000000)
 rho_net(1,8,7,2) = (0.0000000000000000, 0.0000000000000000)
 rho_net(1,8,7,3) = (0.0000000000000000, 0.0000000000000000)
 rho_net(1,8,7,4) = (0.0000000000000000, 0.0000000000000000)
 rho_net(1,8,8,1) = (0.72210447221631857, 0.0000000000000000)
 rho_net(1,8,8,2) = (0.72210447221631724, 0.0000000000000000)
 rho_net(1,8,8,3) = (-1.0776901501852552E-005, -2.5182395534823943E-015)
 rho_net(1,8,8,4) = (-1.0776901501852552E-005, 2.5182395534823943E-015)
 rho_net(1,8,9,1) = (0.0000000000000000, 0.0000000000000000)
 rho_net(1,8,9,2) = (0.0000000000000000, 0.0000000000000000)
 rho_net(1,8,9,3) = (0.0000000000000000, 0.0000000000000000)
 rho_net(1,8,9,4) = (0.0000000000000000, 0.0000000000000000)
 rho_net(1,9,1,1) = (0.0000000000000000, 0.0000000000000000)
 rho_net(1,9,1,2) = (0.0000000000000000, 0.0000000000000000)
 rho_net(1,9,1,3) = (0.0000000000000000, 0.0000000000000000)
 rho_net(1,9,1,4) = (0.0000000000000000, 0.0000000000000000)
 rho_net(1,9,2,1) = (0.0000000000000000, 0.0000000000000000)
 rho_net(1,9,2,2) = (0.0000000000000000, 0.0000000000000000)
 rho_net(1,9,2,3) = (0.0000000000000000, 0.0000000000000000)
 rho_net(1,9,2,4) = (0.0000000000000000, 0.0000000000000000)
 rho_net(1,9,3,1) = (0.0000000000000000, 0.0000000000000000)
 rho_net(1,9,3,2) = (0.0000000000000000, 0.0000000000000000)
 rho_net(1,9,3,3) = (0.0000000000000000, 0.0000000000000000)
 rho_net(1,9,3,4) = (0.0000000000000000, 0.0000000000000000)
 rho_net(1,9,4,1) = (0.0000000000000000, 0.0000000000000000)
 rho_net(1,9,4,2) = (0.0000000000000000, 0.0000000000000000)
 rho_net(1,9,4,3) = (0.0000000000000000, 0.0000000000000000)
 rho_net(1,9,4,4) = (0.0000000000000000, 0.0000000000000000)
 rho_net(1,9,5,1) = (0.0000000000000000, 0.0000000000000000)
 rho_net(1,9,5,2) = (0.0000000000000000, 0.0000000000000000)
 rho_net(1,9,5,3) = (0.0000000000000000, 0.0000000000000000)
 rho_net(1,9,5,4) = (0.0000000000000000, 0.0000000000000000)
 rho_net(1,9,6,1) = (0.0000000000000000, 0.0000000000000000)
 rho_net(1,9,6,2) = (0.0000000000000000, 0.0000000000000000)
 rho_net(1,9,6,3) = (0.0000000000000000, 0.0000000000000000)
 rho_net(1,9,6,4) = (0.0000000000000000, 0.0000000000000000)
 rho_net(1,9,7,1) = (0.0000000000000000, 0.0000000000000000)
 rho_net(1,9,7,2) = (0.0000000000000000, 0.0000000000000000)
 rho_net(1,9,7,3) = (0.0000000000000000, 0.0000000000000000)
 rho_net(1,9,7,4) = (0.0000000000000000, 0.0000000000000000)
 rho_net(1,9,8,1) = (0.0000000000000000, 0.0000000000000000)
 rho_net(1,9,8,2) = (0.0000000000000000, 0.0000000000000000)
 rho_net(1,9,8,3) = (0.0000000000000000, 0.0000000000000000)
 rho_net(1,9,8,4) = (0.0000000000000000, 0.0000000000000000)
 rho_net(1,9,9,1) = (0.77883823788335271, 0.0000000000000000)
 rho_net(1,9,9,2) = (0.77883823788335071, 0.0000000000000000)
 rho_net(1,9,9,3) = (6.1118601480468601E-008, -4.4288534202541981E-015)
 rho_net(1,9,9,4) = (6.1118601480468601E-008, 4.4288534202541981E-015)
 rho_net(2,1,1,1) = (0.26869725618758106, 0.0000000000000000)
 rho_net(2,1,1,2) = (0.26869725618758117, 0.0000000000000000)
 rho_net(2,1,1,3) = (-8.1560610688654766E-008, 9.9226160240735488E-017)
 rho_net(2,1,1,4) = (-8.1560610688654766E-008, -9.9226160240735488E-017)
 rho_net(2,1,2,1) = (0.0000000000000000, 0.0000000000000000)
 rho_net(2,1,2,2) = (0.0000000000000000, 0.0000000000000000)
 rho_net(2,1,2,3) = (0.0000000000000000, 0.0000000000000000)
 rho_net(2,1,2,4) = (0.0000000000000000, 0.0000000000000000)
 rho_net(2,1,3,1) = (0.0000000000000000, 0.0000000000000000)
 rho_net(2,1,3,2) = (0.0000000000000000, 0.0000000000000000)
 rho_net(2,1,3,3) = (0.0000000000000000, 0.0000000000000000)
 rho_net(2,1,3,4) = (0.0000000000000000, 0.0000000000000000)
 rho_net(2,1,4,1) = (0.0000000000000000, 0.0000000000000000)
 rho_net(2,1,4,2) = (0.0000000000000000, 0.0000000000000000)
 rho_net(2,1,4,3) = (0.0000000000000000, 0.0000000000000000)
 rho_net(2,1,4,4) = (0.0000000000000000, 0.0000000000000000)
 rho_net(2,1,5,1) = (0.0000000000000000, 0.0000000000000000)
 rho_net(2,1,5,2) = (0.0000000000000000, 0.0000000000000000)
 rho_net(2,1,5,3) = (0.0000000000000000, 0.0000000000000000)
 rho_net(2,1,5,4) = (0.0000000000000000, 0.0000000000000000)
 rho_net(2,1,6,1) = (0.0000000000000000, 0.0000000000000000)
 rho_net(2,1,6,2) = (0.0000000000000000, 0.0000000000000000)
 rho_net(2,1,6,3) = (0.0000000000000000, 0.0000000000000000)
 rho_net(2,1,6,4) = (0.0000000000000000, 0.0000000000000000)
 rho_net(2,1,7,1) = (0.0000000000000000, 0.0000000000000000)
 rho_net(2,1,7,2) = (0.0000000000000000, 0.0000000000000000)
 rho_net(2,1,7,3) = (0.0000000000000000, 0.0000000000000000)
 rho_net(2,1,7,4) = (0.0000000000000000, 0.0000000000000000)
 rho_net(2,1,8,1) = (0.0000000000000000, 0.0000000000000000)
 rho_net(2,1,8,2) = (0.0000000000000000, 0.0000000000000000)
 rho_net(2,1,8,3) = (0.0000000000000000, 0.0000000000000000)
 rho_net(2,1,8,4) = (0.0000000000000000, 0.0000000000000000)
 rho_net(2,1,9,1) = (0.0000000000000000, 0.0000000000000000)
 rho_net(2,1,9,2) = (0.0000000000000000, 0.0000000000000000)
 rho_net(2,1,9,3) = (0.0000000000000000, 0.0000000000000000)
 rho_net(2,1,9,4) = (0.0000000000000000, 0.0000000000000000)
 rho_net(2,2,1,1) = (0.0000000000000000, 0.0000000000000000)
 rho_net(2,2,1,2) = (0.0000000000000000, 0.0000000000000000)
 rho_net(2,2,1,3) = (0.0000000000000000, 0.0000000000000000)
 rho_net(2,2,1,4) = (0.0000000000000000, 0.0000000000000000)
 rho_net(2,2,2,1) = (6.6334639909848669E-002, 0.0000000000000000)
 rho_net(2,2,2,2) = (6.6334639909849141E-002, 0.0000000000000000)
 rho_net(2,2,2,3) = (-3.4676378660321296E-008, 6.0723305163356441E-017)
 rho_net(2,2,2,4) = (-3.4676378660321296E-008, -6.0723305163356441E-017)
 rho_net(2,2,3,1) = (0.0000000000000000, 0.0000000000000000)
 rho_net(2,2,3,2) = (0.0000000000000000, 0.0000000000000000)
 rho_net(2,2,3,3) = (0.0000000000000000, 0.0000000000000000)
 rho_net(2,2,3,4) = (0.0000000000000000, 0.0000000000000000)
 rho_net(2,2,4,1) = (0.0000000000000000, 0.0000000000000000)
 rho_net(2,2,4,2) = (0.0000000000000000, 0.0000000000000000)
 rho_net(2,2,4,3) = (0.0000000000000000, 0.0000000000000000)
 rho_net(2,2,4,4) = (0.0000000000000000, 0.0000000000000000)
 rho_net(2,2,5,1) = (0.0000000000000000, 0.0000000000000000)
 rho_net(2,2,5,2) = (0.0000000000000000, 0.0000000000000000)
 rho_net(2,2,5,3) = (0.0000000000000000, 0.0000000000000000)
 rho_net(2,2,5,4) = (0.0000000000000000, 0.0000000000000000)
 rho_net(2,2,6,1) = (0.0000000000000000, 0.0000000000000000)
 rho_net(2,2,6,2) = (0.0000000000000000, 0.0000000000000000)
 rho_net(2,2,6,3) = (0.0000000000000000, 0.0000000000000000)
 rho_net(2,2,6,4) = (0.0000000000000000, 0.0000000000000000)
 rho_net(2,2,7,1) = (0.0000000000000000, 0.0000000000000000)
 rho_net(2,2,7,2) = (0.0000000000000000, 0.0000000000000000)
 rho_net(2,2,7,3) = (0.0000000000000000, 0.0000000000000000)
 rho_net(2,2,7,4) = (0.0000000000000000, 0.0000000000000000)
 rho_net(2,2,8,1) = (0.0000000000000000, 0.0000000000000000)
 rho_net(2,2,8,2) = (0.0000000000000000, 0.0000000000000000)
 rho_net(2,2,8,3) = (0.0000000000000000, 0.0000000000000000)
 rho_net(2,2,8,4) = (0.0000000000000000, 0.0000000000000000)
 rho_net(2,2,9,1) = (0.0000000000000000, 0.0000000000000000)
 rho_net(2,2,9,2) = (0.0000000000000000, 0.0000000000000000)
 rho_net(2,2,9,3) = (0.0000000000000000, 0.0000000000000000)
 rho_net(2,2,9,4) = (0.0000000000000000, 0.0000000000000000)
 rho_net(2,3,1,1) = (0.0000000000000000, 0.0000000000000000)
 rho_net(2,3,1,2) = (0.0000000000000000, 0.0000000000000000)
 rho_net(2,3,1,3) = (0.0000000000000000, 0.0000000000000000)
 rho_net(2,3,1,4) = (0.0000000000000000, 0.0000000000000000)
 rho_net(2,3,2,1) = (0.0000000000000000, 0.0000000000000000)
 rho_net(2,3,2,2) = (0.0000000000000000, 0.0000000000000000)
 rho_net(2,3,2,3) = (0.0000000000000000, 0.0000000000000000)
 rho_net(2,3,2,4) = (0.0000000000000000, 0.0000000000000000)
 rho_net(2,3,3,1) = (6.6334652252762666E-002, 0.0000000000000000)
 rho_net(2,3,3,2) = (6.6334652252762860E-002, 0.0000000000000000)
 rho_net(2,3,3,3) = (-5.0703983280009763E-008, 6.1809702535461952E-017)
 rho_net(2,3,3,4) = (-5.0703983280009763E-008, -6.1809702535461952E-017)
 rho_net(2,3,4,1) = (0.0000000000000000, 0.0000000000000000)
 rho_net(2,3,4,2) = (0.0000000000000000, 0.0000000000000000)
 rho_net(2,3,4,3) = (0.0000000000000000, 0.0000000000000000)
 rho_net(2,3,4,4) = (0.0000000000000000, 0.0000000000000000)
 rho_net(2,3,5,1) = (0.0000000000000000, 0.0000000000000000)
 rho_net(2,3,5,2) = (0.0000000000000000, 0.0000000000000000)
 rho_net(2,3,5,3) = (0.0000000000000000, 0.0000000000000000)
 rho_net(2,3,5,4) = (0.0000000000000000, 0.0000000000000000)
 rho_net(2,3,6,1) = (0.0000000000000000, 0.0000000000000000)
 rho_net(2,3,6,2) = (0.0000000000000000, 0.0000000000000000)
 rho_net(2,3,6,3) = (0.0000000000000000, 0.0000000000000000)
 rho_net(2,3,6,4) = (0.0000000000000000, 0.0000000000000000)
 rho_net(2,3,7,1) = (0.0000000000000000, 0.0000000000000000)
 rho_net(2,3,7,2) = (0.0000000000000000, 0.0000000000000000)
 rho_net(2,3,7,3) = (0.0000000000000000, 0.0000000000000000)
 rho_net(2,3,7,4) = (0.0000000000000000, 0.0000000000000000)
 rho_net(2,3,8,1) = (0.0000000000000000, 0.0000000000000000)
 rho_net(2,3,8,2) = (0.0000000000000000, 0.0000000000000000)
 rho_net(2,3,8,3) = (0.0000000000000000, 0.0000000000000000)
 rho_net(2,3,8,4) = (0.0000000000000000, 0.0000000000000000)
 rho_net(2,3,9,1) = (0.0000000000000000, 0.0000000000000000)
 rho_net(2,3,9,2) = (0.0000000000000000, 0.0000000000000000)
 rho_net(2,3,9,3) = (0.0000000000000000, 0.0000000000000000)
 rho_net(2,3,9,4) = (0.0000000000000000, 0.0000000000000000)
 rho_net(2,4,1,1) = (0.0000000000000000, 0.0000000000000000)
 rho_net(2,4,1,2) = (0.0000000000000000, 0.0000000000000000)
 rho_net(2,4,1,3) = (0.0000000000000000, 0.0000000000000000)
 rho_net(2,4,1,4) = (0.0000000000000000, 0.0000000000000000)
 rho_net(2,4,2,1) = (0.0000000000000000, 0.0000000000000000)
 rho_net(2,4,2,2) = (0.0000000000000000, 0.0000000000000000)
 rho_net(2,4,2,3) = (0.0000000000000000, 0.0000000000000000)
 rho_net(2,4,2,4) = (0.0000000000000000, 0.0000000000000000)
 rho_net(2,4,3,1) = (0.0000000000000000, 0.0000000000000000)
 rho_net(2,4,3,2) = (0.0000000000000000, 0.0000000000000000)
 rho_net(2,4,3,3) = (0.0000000000000000, 0.0000000000000000)
 rho_net(2,4,3,4) = (0.0000000000000000, 0.0000000000000000)
 rho_net(2,4,4,1) = (6.8288232697701567E-002, 0.0000000000000000)
 rho_net(2,4,4,2) = (6.8288232697701540E-002, 0.0000000000000000)
 rho_net(2,4,4,3) = (2.0594489009683218E-007, 5.6128664189184621E-017)
 rho_net(2,4,4,4) = (2.0594489009683218E-007, -5.6128664189184621E-017)
 rho_net(2,4,5,1) = (0.0000000000000000, 0.0000000000000000)
 rho_net(2,4,5,2) = (0.0000000000000000, 0.0000000000000000)
 rho_net(2,4,5,3) = (0.0000000000000000, 0.0000000000000000)
 rho_net(2,4,5,4) = (0.0000000000000000, 0.0000000000000000)
 rho_net(2,4,6,1) = (0.0000000000000000, 0.0000000000000000)
 rho_net(2,4,6,2) = (0.0000000000000000, 0.0000000000000000)
 rho_net(2,4,6,3) = (0.0000000000000000, 0.0000000000000000)
 rho_net(2,4,6,4) = (0.0000000000000000, 0.0000000000000000)
 rho_net(2,4,7,1) = (0.0000000000000000, 0.0000000000000000)
 rho_net(2,4,7,2) = (0.0000000000000000, 0.0000000000000000)
 rho_net(2,4,7,3) = (0.0000000000000000, 0.0000000000000000)
 rho_net(2,4,7,4) = (0.0000000000000000, 0.0000000000000000)
 rho_net(2,4,8,1) = (0.0000000000000000, 0.0000000000000000)
 rho_net(2,4,8,2) = (0.0000000000000000, 0.0000000000000000)
 rho_net(2,4,8,3) = (0.0000000000000000, 0.0000000000000000)
 rho_net(2,4,8,4) = (0.0000000000000000, 0.0000000000000000)
 rho_net(2,4,9,1) = (0.0000000000000000, 0.0000000000000000)
 rho_net(2,4,9,2) = (0.0000000000000000, 0.0000000000000000)
 rho_net(2,4,9,3) = (0.0000000000000000, 0.0000000000000000)
 rho_net(2,4,9,4) = (0.0000000000000000, 0.0000000000000000)
 rho_net(2,5,1,1) = (0.0000000000000000, 0.0000000000000000)
 rho_net(2,5,1,2) = (0.0000000000000000, 0.0000000000000000)
 rho_net(2,5,1,3) = (0.0000000000000000, 0.0000000000000000)
 rho_net(2,5,1,4) = (0.0000000000000000, 0.0000000000000000)
 rho_net(2,5,2,1) = (0.0000000000000000, 0.0000000000000000)
 rho_net(2,5,2,2) = (0.0000000000000000, 0.0000000000000000)
 rho_net(2,5,2,3) = (0.0000000000000000, 0.0000000000000000)
 rho_net(2,5,2,4) = (0.0000000000000000, 0.0000000000000000)
 rho_net(2,5,3,1) = (0.0000000000000000, 0.0000000000000000)
 rho_net(2,5,3,2) = (0.0000000000000000, 0.0000000000000000)
 rho_net(2,5,3,3) = (0.0000000000000000, 0.0000000000000000)
 rho_net(2,5,3,4) = (0.0000000000000000, 0.0000000000000000)
 rho_net(2,5,4,1) = (0.0000000000000000, 0.0000000000000000)
 rho_net(2,5,4,2) = (0.0000000000000000, 0.0000000000000000)
 rho_net(2,5,4,3) = (0.0000000000000000, 0.0000000000000000)
 rho_net(2,5,4,4) = (0.0000000000000000, 0.0000000000000000)
 rho_net(2,5,5,1) = (0.89640661737912053, 0.0000000000000000)
 rho_net(2,5,5,2) = (0.89640661737911786, 0.0000000000000000)
 rho_net(2,5,5,3) = (-6.9544906241215144E-007, -5.2794610451058364E-016)
 rho_net(2,5,5,4) = (-6.9544906241215144E-007, 5.2794610451058364E-016)
 rho_net(2,5,6,1) = (0.0000000000000000, 0.0000000000000000)
 rho_net(2,5,6,2) = (0.0000000000000000, 0.0000000000000000)
 rho_net(2,5,6,3) = (0.0000000000000000, 0.0000000000000000)
 rho_net(2,5,6,4) = (0.0000000000000000, 0.0000000000000000)
 rho_net(2,5,7,1) = (0.0000000000000000, 0.0000000000000000)
 rho_net(2,5,7,2) = (0.0000000000000000, 0.0000000000000000)
 rho_net(2,5,7,3) = (0.0000000000000000, 0.0000000000000000)
 rho_net(2,5,7,4) = (0.0000000000000000, 0.0000000000000000)
 rho_net(2,5,8,1) = (0.0000000000000000, 0.0000000000000000)
 rho_net(2,5,8,2) = (0.0000000000000000, 0.0000000000000000)
 rho_net(2,5,8,3) = (0.0000000000000000, 0.0000000000000000)
 rho_net(2,5,8,4) = (0.0000000000000000, 0.0000000000000000)
 rho_net(2,5,9,1) = (0.0000000000000000, 0.0000000000000000)
 rho_net(2,5,9,2) = (0.0000000000000000, 0.0000000000000000)
 rho_net(2,5,9,3) = (0.0000000000000000, 0.0000000000000000)
 rho_net(2,5,9,4) = (0.0000000000000000, 0.0000000000000000)
 rho_net(2,6,1,1) = (0.0000000000000000, 0.0000000000000000)
 rho_net(2,6,1,2) = (0.0000000000000000, 0.0000000000000000)
 rho_net(2,6,1,3) = (0.0000000000000000, 0.0000000000000000)
 rho_net(2,6,1,4) = (0.0000000000000000, 0.0000000000000000)
 rho_net(2,6,2,1) = (0.0000000000000000, 0.0000000000000000)
 rho_net(2,6,2,2) = (0.0000000000000000, 0.0000000000000000)
 rho_net(2,6,2,3) = (0.0000000000000000, 0.0000000000000000)
 rho_net(2,6,2,4) = (0.0000000000000000, 0.0000000000000000)
 rho_net(2,6,3,1) = (0.0000000000000000, 0.0000000000000000)
 rho_net(2,6,3,2) = (0.0000000000000000, 0.0000000000000000)
 rho_net(2,6,3,3) = (0.0000000000000000, 0.0000000000000000)
 rho_net(2,6,3,4) = (0.0000000000000000, 0.0000000000000000)
 rho_net(2,6,4,1) = (0.0000000000000000, 0.0000000000000000)
 rho_net(2,6,4,2) = (0.0000000000000000, 0.0000000000000000)
 rho_net(2,6,4,3) = (0.0000000000000000, 0.0000000000000000)
 rho_net(2,6,4,4) = (0.0000000000000000, 0.0000000000000000)
 rho_net(2,6,5,1) = (0.0000000000000000, 0.0000000000000000)
 rho_net(2,6,5,2) = (0.0000000000000000, 0.0000000000000000)
 rho_net(2,6,5,3) = (0.0000000000000000, 0.0000000000000000)
 rho_net(2,6,5,4) = (0.0000000000000000, 0.0000000000000000)
 rho_net(2,6,6,1) = (0.80989783287968364, 0.0000000000000000)
 rho_net(2,6,6,2) = (0.80989783287968342, 0.0000000000000000)
 rho_net(2,6,6,3) = (-7.6830759236995893E-007, -3.2856807610309441E-016)
 rho_net(2,6,6,4) = (-7.6830759236995893E-007, 3.2856807610309441E-016)
 rho_net(2,6,7,1) = (0.0000000000000000, 0.0000000000000000)
 rho_net(2,6,7,2) = (0.0000000000000000, 0.0000000000000000)
 rho_net(2,6,7,3) = (0.0000000000000000, 0.0000000000000000)
 rho_net(2,6,7,4) = (0.0000000000000000, 0.0000000000000000)
 rho_net(2,6,8,1) = (0.0000000000000000, 0.0000000000000000)
 rho_net(2,6,8,2) = (0.0000000000000000, 0.0000000000000000)
 rho_net(2,6,8,3) = (0.0000000000000000, 0.0000000000000000)
 rho_net(2,6,8,4) = (0.0000000000000000, 0.0000000000000000)
 rho_net(2,6,9,1) = (0.0000000000000000, 0.0000000000000000)
 rho_net(2,6,9,2) = (0.0000000000000000, 0.0000000000000000)
 rho_net(2,6,9,3) = (0.0000000000000000, 0.0000000000000000)
 rho_net(2,6,9,4) = (0.0000000000000000, 0.0000000000000000)
 rho_net(2,7,1,1) = (0.0000000000000000, 0.0000000000000000)
 rho_net(2,7,1,2) = (0.0000000000000000, 0.0000000000000000)
 rho_net(2,7,1,3) = (0.0000000000000000, 0.0000000000000000)
 rho_net(2,7,1,4) = (0.0000000000000000, 0.0000000000000000)
 rho_net(2,7,2,1) = (0.0000000000000000, 0.0000000000000000)
 rho_net(2,7,2,2) = (0.0000000000000000, 0.0000000000000000)
 rho_net(2,7,2,3) = (0.0000000000000000, 0.0000000000000000)
 rho_net(2,7,2,4) = (0.0000000000000000, 0.0000000000000000)
 rho_net(2,7,3,1) = (0.0000000000000000, 0.0000000000000000)
 rho_net(2,7,3,2) = (0.0000000000000000, 0.0000000000000000)
 rho_net(2,7,3,3) = (0.0000000000000000, 0.0000000000000000)
 rho_net(2,7,3,4) = (0.0000000000000000, 0.0000000000000000)
 rho_net(2,7,4,1) = (0.0000000000000000, 0.0000000000000000)
 rho_net(2,7,4,2) = (0.0000000000000000, 0.0000000000000000)
 rho_net(2,7,4,3) = (0.0000000000000000, 0.0000000000000000)
 rho_net(2,7,4,4) = (0.0000000000000000, 0.0000000000000000)
 rho_net(2,7,5,1) = (0.0000000000000000, 0.0000000000000000)
 rho_net(2,7,5,2) = (0.0000000000000000, 0.0000000000000000)
 rho_net(2,7,5,3) = (0.0000000000000000, 0.0000000000000000)
 rho_net(2,7,5,4) = (0.0000000000000000, 0.0000000000000000)
 rho_net(2,7,6,1) = (0.0000000000000000, 0.0000000000000000)
 rho_net(2,7,6,2) = (0.0000000000000000, 0.0000000000000000)
 rho_net(2,7,6,3) = (0.0000000000000000, 0.0000000000000000)
 rho_net(2,7,6,4) = (0.0000000000000000, 0.0000000000000000)
 rho_net(2,7,7,1) = (0.80989776964293203, 0.0000000000000000)
 rho_net(2,7,7,2) = (0.80989776964293358, 0.0000000000000000)
 rho_net(2,7,7,3) = (-7.6801640884977343E-007, -3.5859698762830221E-016)
 rho_net(2,7,7,4) = (-7.6801640884977343E-007, 3.5859698762830221E-016)
 rho_net(2,7,8,1) = (0.0000000000000000, 0.0000000000000000)
 rho_net(2,7,8,2) = (0.0000000000000000, 0.0000000000000000)
 rho_net(2,7,8,3) = (0.0000000000000000, 0.0000000000000000)
 rho_net(2,7,8,4) = (0.0000000000000000, 0.0000000000000000)
 rho_net(2,7,9,1) = (0.0000000000000000, 0.0000000000000000)
 rho_net(2,7,9,2) = (0.0000000000000000, 0.0000000000000000)
 rho_net(2,7,9,3) = (0.0000000000000000, 0.0000000000000000)
 rho_net(2,7,9,4) = (0.0000000000000000, 0.0000000000000000)
 rho_net(2,8,1,1) = (0.0000000000000000, 0.0000000000000000)
 rho_net(2,8,1,2) = (0.0000000000000000, 0.0000000000000000)
 rho_net(2,8,1,3) = (0.0000000000000000, 0.0000000000000000)
 rho_net(2,8,1,4) = (0.0000000000000000, 0.0000000000000000)
 rho_net(2,8,2,1) = (0.0000000000000000, 0.0000000000000000)
 rho_net(2,8,2,2) = (0.0000000000000000, 0.0000000000000000)
 rho_net(2,8,2,3) = (0.0000000000000000, 0.0000000000000000)
 rho_net(2,8,2,4) = (0.0000000000000000, 0.0000000000000000)
 rho_net(2,8,3,1) = (0.0000000000000000, 0.0000000000000000)
 rho_net(2,8,3,2) = (0.0000000000000000, 0.0000000000000000)
 rho_net(2,8,3,3) = (0.0000000000000000, 0.0000000000000000)
 rho_net(2,8,3,4) = (0.0000000000000000, 0.0000000000000000)
 rho_net(2,8,4,1) = (0.0000000000000000, 0.0000000000000000)
 rho_net(2,8,4,2) = (0.0000000000000000, 0.0000000000000000)
 rho_net(2,8,4,3) = (0.0000000000000000, 0.0000000000000000)
 rho_net(2,8,4,4) = (0.0000000000000000, 0.0000000000000000)
 rho_net(2,8,5,1) = (0.0000000000000000, 0.0000000000000000)
 rho_net(2,8,5,2) = (0.0000000000000000, 0.0000000000000000)
 rho_net(2,8,5,3) = (0.0000000000000000, 0.0000000000000000)
 rho_net(2,8,5,4) = (0.0000000000000000, 0.0000000000000000)
 rho_net(2,8,6,1) = (0.0000000000000000, 0.0000000000000000)
 rho_net(2,8,6,2) = (0.0000000000000000, 0.0000000000000000)
 rho_net(2,8,6,3) = (0.0000000000000000, 0.0000000000000000)
 rho_net(2,8,6,4) = (0.0000000000000000, 0.0000000000000000)
 rho_net(2,8,7,1) = (0.0000000000000000, 0.0000000000000000)
 rho_net(2,8,7,2) = (0.0000000000000000, 0.0000000000000000)
 rho_net(2,8,7,3) = (0.0000000000000000, 0.0000000000000000)
 rho_net(2,8,7,4) = (0.0000000000000000, 0.0000000000000000)
 rho_net(2,8,8,1) = (0.72757644281197797, 0.0000000000000000)
 rho_net(2,8,8,2) = (0.72757644281197775, 0.0000000000000000)
 rho_net(2,8,8,3) = (2.1528083323213060E-006, -2.5942167214895480E-016)
 rho_net(2,8,8,4) = (2.1528083323213060E-006, 2.5942167214895480E-016)
 rho_net(2,8,9,1) = (0.0000000000000000, 0.0000000000000000)
 rho_net(2,8,9,2) = (0.0000000000000000, 0.0000000000000000)
 rho_net(2,8,9,3) = (0.0000000000000000, 0.0000000000000000)
 rho_net(2,8,9,4) = (0.0000000000000000, 0.0000000000000000)
 rho_net(2,9,1,1) = (0.0000000000000000, 0.0000000000000000)
 rho_net(2,9,1,2) = (0.0000000000000000, 0.0000000000000000)
 rho_net(2,9,1,3) = (0.0000000000000000, 0.0000000000000000)
 rho_net(2,9,1,4) = (0.0000000000000000, 0.0000000000000000)
 rho_net(2,9,2,1) = (0.0000000000000000, 0.0000000000000000)
 rho_net(2,9,2,2) = (0.0000000000000000, 0.0000000000000000)
 rho_net(2,9,2,3) = (0.0000000000000000, 0.0000000000000000)
 rho_net(2,9,2,4) = (0.0000000000000000, 0.0000000000000000)
 rho_net(2,9,3,1) = (0.0000000000000000, 0.0000000000000000)
 rho_net(2,9,3,2) = (0.0000000000000000, 0.0000000000000000)
 rho_net(2,9,3,3) = (0.0000000000000000, 0.0000000000000000)
 rho_net(2,9,3,4) = (0.0000000000000000, 0.0000000000000000)
 rho_net(2,9,4,1) = (0.0000000000000000, 0.0000000000000000)
 rho_net(2,9,4,2) = (0.0000000000000000, 0.0000000000000000)
 rho_net(2,9,4,3) = (0.0000000000000000, 0.0000000000000000)
 rho_net(2,9,4,4) = (0.0000000000000000, 0.0000000000000000)
 rho_net(2,9,5,1) = (0.0000000000000000, 0.0000000000000000)
 rho_net(2,9,5,2) = (0.0000000000000000, 0.0000000000000000)
 rho_net(2,9,5,3) = (0.0000000000000000, 0.0000000000000000)
 rho_net(2,9,5,4) = (0.0000000000000000, 0.0000000000000000)
 rho_net(2,9,6,1) = (0.0000000000000000, 0.0000000000000000)
 rho_net(2,9,6,2) = (0.0000000000000000, 0.0000000000000000)
 rho_net(2,9,6,3) = (0.0000000000000000, 0.0000000000000000)
 rho_net(2,9,6,4) = (0.0000000000000000, 0.0000000000000000)
 rho_net(2,9,7,1) = (0.0000000000000000, 0.0000000000000000)
 rho_net(2,9,7,2) = (0.0000000000000000, 0.0000000000000000)
 rho_net(2,9,7,3) = (0.0000000000000000, 0.0000000000000000)
 rho_net(2,9,7,4) = (0.0000000000000000, 0.0000000000000000)
 rho_net(2,9,8,1) = (0.0000000000000000, 0.0000000000000000)
 rho_net(2,9,8,2) = (0.0000000000000000, 0.0000000000000000)
 rho_net(2,9,8,3) = (0.0000000000000000, 0.0000000000000000)
 rho_net(2,9,8,4) = (0.0000000000000000, 0.0000000000000000)
 rho_net(2,9,9,1) = (0.84796839045278960, 0.0000000000000000)
 rho_net(2,9,9,2) = (0.84796839045278938, 0.0000000000000000)
 rho_net(2,9,9,3) = (1.8053046550756171E-006, -6.0981431684259631E-016)
 rho_net(2,9,9,4) = (1.8053046550756171E-006, 6.0981431684259631E-016)
 /
