&charge
 q_mul(1,1,0) = 0.97715170298669229
 q_mul(1,2,0) = 0.46092007948662533
 q_mul(1,3,0) = 8.5619282174085463
 q_mul(2,1,0) = 0.97715170298669207
 q_mul(2,2,0) = 0.46092007948662594
 q_mul(2,3,0) = 8.5619282174085480
 q_mul(3,1,0) = 0.97715170298669229
 q_mul(3,2,0) = 0.46092007948662617
 q_mul(3,3,0) = 8.5619282174085480
 rho_net(1,1,1,1) = (0.71347004069039477, 0.0000000000000000)
 rho_net(1,1,2,1) = (0.0000000000000000, 0.0000000000000000)
 rho_net(1,1,3,1) = (0.0000000000000000, 0.0000000000000000)
 rho_net(1,1,4,1) = (0.0000000000000000, 0.0000000000000000)
 rho_net(1,1,5,1) = (0.0000000000000000, 0.0000000000000000)
 rho_net(1,1,6,1) = (0.0000000000000000, 0.0000000000000000)
 rho_net(1,1,7,1) = (0.0000000000000000, 0.0000000000000000)
 rho_net(1,1,8,1) = (0.0000000000000000, 0.0000000000000000)
 rho_net(1,1,9,1) = (0.0000000000000000, 0.0000000000000000)
 rho_net(1,2,1,1) = (0.0000000000000000, 0.0000000000000000)
 rho_net(1,2,2,1) = (5.7571181520460868E-002, 0.0000000000000000)
 rho_net(1,2,3,1) = (0.0000000000000000, 0.0000000000000000)
 rho_net(1,2,4,1) = (0.0000000000000000, 0.0000000000000000)
 rho_net(1,2,5,1) = (0.0000000000000000, 0.0000000000000000)
 rho_net(1,2,6,1) = (0.0000000000000000, 0.0000000000000000)
 rho_net(1,2,7,1) = (0.0000000000000000, 0.0000000000000000)
 rho_net(1,2,8,1) = (0.0000000000000000, 0.0000000000000000)
 rho_net(1,2,9,1) = (0.0000000000000000, 0.0000000000000000)
 rho_net(1,3,1,1) = (0.0000000000000000, 0.0000000000000000)
 rho_net(1,3,2,1) = (0.0000000000000000, 0.0000000000000000)
 rho_net(1,3,3,1) = (8.2959915408902948E-002, 0.0000000000000000)
 rho_net(1,3,4,1) = (0.0000000000000000, 0.0000000000000000)
 rho_net(1,3,5,1) = (0.0000000000000000, 0.0000000000000000)
 rho_net(1,3,6,1) = (0.0000000000000000, 0.0000000000000000)
 rho_net(1,3,7,1) = (0.0000000000000000, 0.0000000000000000)
 rho_net(1,3,8,1) = (0.0000000000000000, 0.0000000000000000)
 rho_net(1,3,9,1) = (0.0000000000000000, 0.0000000000000000)
 rho_net(1,4,1,1) = (0.0000000000000000, 0.0000000000000000)
 rho_net(1,4,2,1) = (0.0000000000000000, 0.0000000000000000)
 rho_net(1,4,3,1) = (0.0000000000000000, 0.0000000000000000)
 rho_net(1,4,4,1) = (5.4526596666376423E-002, 0.0000000000000000)
 rho_net(1,4,5,1) = (0.0000000000000000, 0.0000000000000000)
 rho_net(1,4,6,1) = (0.0000000000000000, 0.0000000000000000)
 rho_net(1,4,7,1) = (0.0000000000000000, 0.0000000000000000)
 rho_net(1,4,8,1) = (0.0000000000000000, 0.0000000000000000)
 rho_net(1,4,9,1) = (0.0000000000000000, 0.0000000000000000)
 rho_net(1,5,1,1) = (0.0000000000000000, 0.0000000000000000)
 rho_net(1,5,2,1) = (0.0000000000000000, 0.0000000000000000)
 rho_net(1,5,3,1) = (0.0000000000000000, 0.0000000000000000)
 rho_net(1,5,4,1) = (0.0000000000000000, 0.0000000000000000)
 rho_net(1,5,5,1) = (2.0449308939837878, 0.0000000000000000)
 rho_net(1,5,6,1) = (0.0000000000000000, 0.0000000000000000)
 rho_net(1,5,7,1) = (0.0000000000000000, 0.0000000000000000)
 rho_net(1,5,8,1) = (0.0000000000000000, 0.0000000000000000)
 rho_net(1,5,9,1) = (0.0000000000000000, 0.0000000000000000)
 rho_net(1,6,1,1) = (0.0000000000000000, 0.0000000000000000)
 rho_net(1,6,2,1) = (0.0000000000000000, 0.0000000000000000)
 rho_net(1,6,3,1) = (0.0000000000000000, 0.0000000000000000)
 rho_net(1,6,4,1) = (0.0000000000000000, 0.0000000000000000)
 rho_net(1,6,5,1) = (0.0000000000000000, 0.0000000000000000)
 rho_net(1,6,6,1) = (1.4095381271283114, 0.0000000000000000)
 rho_net(1,6,7,1) = (0.0000000000000000, 0.0000000000000000)
 rho_net(1,6,8,1) = (0.0000000000000000, 0.0000000000000000)
 rho_net(1,6,9,1) = (0.0000000000000000, 0.0000000000000000)
 rho_net(1,7,1,1) = (0.0000000000000000, 0.0000000000000000)
 rho_net(1,7,2,1) = (0.0000000000000000, 0.0000000000000000)
 rho_net(1,7,3,1) = (0.0000000000000000, 0.0000000000000000)
 rho_net(1,7,4,1) = (0.0000000000000000, 0.0000000000000000)
 rho_net(1,7,5,1) = (0.0000000000000000, 0.0000000000000000)
 rho_net(1,7,6,1) = (0.0000000000000000, 0.0000000000000000)
 rho_net(1,7,7,1) = (1.9529924451753926, 0.0000000000000000)
 rho_net(1,7,8,1) = (0.0000000000000000, 0.0000000000000000)
 rho_net(1,7,9,1) = (0.0000000000000000, 0.0000000000000000)
 rho_net(1,8,1,1) = (0.0000000000000000, 0.0000000000000000)
 rho_net(1,8,2,1) = (0.0000000000000000, 0.0000000000000000)
 rho_net(1,8,3,1) = (0.0000000000000000, 0.0000000000000000)
 rho_net(1,8,4,1) = (0.0000000000000000, 0.0000000000000000)
 rho_net(1,8,5,1) = (0.0000000000000000, 0.0000000000000000)
 rho_net(1,8,6,1) = (0.0000000000000000, 0.0000000000000000)
 rho_net(1,8,7,1) = (0.0000000000000000, 0.0000000000000000)
 rho_net(1,8,8,1) = (1.7688756335532481, 0.0000000000000000)
 rho_net(1,8,9,1) = (0.0000000000000000, 0.0000000000000000)
 rho_net(1,9,1,1) = (0.0000000000000000, 0.0000000000000000)
 rho_net(1,9,2,1) = (0.0000000000000000, 0.0000000000000000)
 rho_net(1,9,3,1) = (0.0000000000000000, 0.0000000000000000)
 rho_net(1,9,4,1) = (0.0000000000000000, 0.0000000000000000)
 rho_net(1,9,5,1) = (0.0000000000000000, 0.0000000000000000)
 rho_net(1,9,6,1) = (0.0000000000000000, 0.0000000000000000)
 rho_net(1,9,7,1) = (0.0000000000000000, 0.0000000000000000)
 rho_net(1,9,8,1) = (0.0000000000000000, 0.0000000000000000)
 rho_net(1,9,9,1) = (1.2486460253853495, 0.0000000000000000)
 rho_net(2,1,1,1) = (0.71347004069039544, 0.0000000000000000)
 rho_net(2,1,2,1) = (0.0000000000000000, 0.0000000000000000)
 rho_net(2,1,3,1) = (0.0000000000000000, 0.0000000000000000)
 rho_net(2,1,4,1) = (0.0000000000000000, 0.0000000000000000)
 rho_net(2,1,5,1) = (0.0000000000000000, 0.0000000000000000)
 rho_net(2,1,6,1) = (0.0000000000000000, 0.0000000000000000)
 rho_net(2,1,7,1) = (0.0000000000000000, 0.0000000000000000)
 rho_net(2,1,8,1) = (0.0000000000000000, 0.0000000000000000)
 rho_net(2,1,9,1) = (0.0000000000000000, 0.0000000000000000)
 rho_net(2,2,1,1) = (0.0000000000000000, 0.0000000000000000)
 rho_net(2,2,2,1) = (5.7571181520460854E-002, 0.0000000000000000)
 rho_net(2,2,3,1) = (0.0000000000000000, 0.0000000000000000)
 rho_net(2,2,4,1) = (0.0000000000000000, 0.0000000000000000)
 rho_net(2,2,5,1) = (0.0000000000000000, 0.0000000000000000)
 rho_net(2,2,6,1) = (0.0000000000000000, 0.0000000000000000)
 rho_net(2,2,7,1) = (0.0000000000000000, 0.0000000000000000)
 rho_net(2,2,8,1) = (0.0000000000000000, 0.0000000000000000)
 rho_net(2,2,9,1) = (0.0000000000000000, 0.0000000000000000)
 rho_net(2,3,1,1) = (0.0000000000000000, 0.0000000000000000)
 rho_net(2,3,2,1) = (0.0000000000000000, 0.0000000000000000)
 rho_net(2,3,3,1) = (4.0309937295113396E-002, 0.0000000000000000)
 rho_net(2,3,4,1) = (0.0000000000000000, 0.0000000000000000)
 rho_net(2,3,5,1) = (0.0000000000000000, 0.0000000000000000)
 rho_net(2,3,6,1) = (0.0000000000000000, 0.0000000000000000)
 rho_net(2,3,7,1) = (0.0000000000000000, 0.0000000000000000)
 rho_net(2,3,8,1) = (0.0000000000000000, 0.0000000000000000)
 rho_net(2,3,9,1) = (0.0000000000000000, 0.0000000000000000)
 rho_net(2,4,1,1) = (0.0000000000000000, 0.0000000000000000)
 rho_net(2,4,2,1) = (0.0000000000000000, 0.0000000000000000)
 rho_net(2,4,3,1) = (0.0000000000000000, 0.0000000000000000)
 rho_net(2,4,4,1) = (9.7176574780165947E-002, 0.0000000000000000)
 rho_net(2,4,5,1) = (0.0000000000000000, 0.0000000000000000)
 rho_net(2,4,6,1) = (0.0000000000000000, 0.0000000000000000)
 rho_net(2,4,7,1) = (0.0000000000000000, 0.0000000000000000)
 rho_net(2,4,8,1) = (0.0000000000000000, 0.0000000000000000)
 rho_net(2,4,9,1) = (0.0000000000000000, 0.0000000000000000)
 rho_net(2,5,1,1) = (0.0000000000000000, 0.0000000000000000)
 rho_net(2,5,2,1) = (0.0000000000000000, 0.0000000000000000)
 rho_net(2,5,3,1) = (0.0000000000000000, 0.0000000000000000)
 rho_net(2,5,4,1) = (0.0000000000000000, 0.0000000000000000)
 rho_net(2,5,5,1) = (1.9070232207711946, 0.0000000000000000)
 rho_net(2,5,6,1) = (0.0000000000000000, 0.0000000000000000)
 rho_net(2,5,7,1) = (0.0000000000000000, 0.0000000000000000)
 rho_net(2,5,8,1) = (0.0000000000000000, 0.0000000000000000)
 rho_net(2,5,9,1) = (0.0000000000000000, 0.0000000000000000)
 rho_net(2,6,1,1) = (0.0000000000000000, 0.0000000000000000)
 rho_net(2,6,2,1) = (0.0000000000000000, 0.0000000000000000)
 rho_net(2,6,3,1) = (0.0000000000000000, 0.0000000000000000)
 rho_net(2,6,4,1) = (0.0000000000000000, 0.0000000000000000)
 rho_net(2,6,5,1) = (0.0000000000000000, 0.0000000000000000)
 rho_net(2,6,6,1) = (1.0803136381609630, 0.0000000000000000)
 rho_net(2,6,7,1) = (0.0000000000000000, 0.0000000000000000)
 rho_net(2,6,8,1) = (0.0000000000000000, 0.0000000000000000)
 rho_net(2,6,9,1) = (0.0000000000000000, 0.0000000000000000)
 rho_net(2,7,1,1) = (0.0000000000000000, 0.0000000000000000)
 rho_net(2,7,2,1) = (0.0000000000000000, 0.0000000000000000)
 rho_net(2,7,3,1) = (0.0000000000000000, 0.0000000000000000)
 rho_net(2,7,4,1) = (0.0000000000000000, 0.0000000000000000)
 rho_net(2,7,5,1) = (0.0000000000000000, 0.0000000000000000)
 rho_net(2,7,6,1) = (0.0000000000000000, 0.0000000000000000)
 rho_net(2,7,7,1) = (2.0909001183879874, 0.0000000000000000)
 rho_net(2,7,8,1) = (0.0000000000000000, 0.0000000000000000)
 rho_net(2,7,9,1) = (0.0000000000000000, 0.0000000000000000)
 rho_net(2,8,1,1) = (0.0000000000000000, 0.0000000000000000)
 rho_net(2,8,2,1) = (0.0000000000000000, 0.0000000000000000)
 rho_net(2,8,3,1) = (0.0000000000000000, 0.0000000000000000)
 rho_net(2,8,4,1) = (0.0000000000000000, 0.0000000000000000)
 rho_net(2,8,5,1) = (0.0000000000000000, 0.0000000000000000)
 rho_net(2,8,6,1) = (0.0000000000000000, 0.0000000000000000)
 rho_net(2,8,7,1) = (0.0000000000000000, 0.0000000000000000)
 rho_net(2,8,8,1) = (1.5488958860220663, 0.0000000000000000)
 rho_net(2,8,9,1) = (0.0000000000000000, 0.0000000000000000)
 rho_net(2,9,1,1) = (0.0000000000000000, 0.0000000000000000)
 rho_net(2,9,2,1) = (0.0000000000000000, 0.0000000000000000)
 rho_net(2,9,3,1) = (0.0000000000000000, 0.0000000000000000)
 rho_net(2,9,4,1) = (0.0000000000000000, 0.0000000000000000)
 rho_net(2,9,5,1) = (0.0000000000000000, 0.0000000000000000)
 rho_net(2,9,6,1) = (0.0000000000000000, 0.0000000000000000)
 rho_net(2,9,7,1) = (0.0000000000000000, 0.0000000000000000)
 rho_net(2,9,8,1) = (0.0000000000000000, 0.0000000000000000)
 rho_net(2,9,9,1) = (1.7978502618838810, 0.0000000000000000)
 rho_net(3,1,1,1) = (0.71347004069039444, 0.0000000000000000)
 rho_net(3,1,2,1) = (0.0000000000000000, 0.0000000000000000)
 rho_net(3,1,3,1) = (0.0000000000000000, 0.0000000000000000)
 rho_net(3,1,4,1) = (0.0000000000000000, 0.0000000000000000)
 rho_net(3,1,5,1) = (0.0000000000000000, 0.0000000000000000)
 rho_net(3,1,6,1) = (0.0000000000000000, 0.0000000000000000)
 rho_net(3,1,7,1) = (0.0000000000000000, 0.0000000000000000)
 rho_net(3,1,8,1) = (0.0000000000000000, 0.0000000000000000)
 rho_net(3,1,9,1) = (0.0000000000000000, 0.0000000000000000)
 rho_net(3,2,1,1) = (0.0000000000000000, 0.0000000000000000)
 rho_net(3,2,2,1) = (5.7571181520460965E-002, 0.0000000000000000)
 rho_net(3,2,3,1) = (0.0000000000000000, 0.0000000000000000)
 rho_net(3,2,4,1) = (0.0000000000000000, 0.0000000000000000)
 rho_net(3,2,5,1) = (0.0000000000000000, 0.0000000000000000)
 rho_net(3,2,6,1) = (0.0000000000000000, 0.0000000000000000)
 rho_net(3,2,7,1) = (0.0000000000000000, 0.0000000000000000)
 rho_net(3,2,8,1) = (0.0000000000000000, 0.0000000000000000)
 rho_net(3,2,9,1) = (0.0000000000000000, 0.0000000000000000)
 rho_net(3,3,1,1) = (0.0000000000000000, 0.0000000000000000)
 rho_net(3,3,2,1) = (0.0000000000000000, 0.0000000000000000)
 rho_net(3,3,3,1) = (8.2959915408902796E-002, 0.0000000000000000)
 rho_net(3,3,4,1) = (0.0000000000000000, 0.0000000000000000)
 rho_net(3,3,5,1) = (0.0000000000000000, 0.0000000000000000)
 rho_net(3,3,6,1) = (0.0000000000000000, 0.0000000000000000)
 rho_net(3,3,7,1) = (0.0000000000000000, 0.0000000000000000)
 rho_net(3,3,8,1) = (0.0000000000000000, 0.0000000000000000)
 rho_net(3,3,9,1) = (0.0000000000000000, 0.0000000000000000)
 rho_net(3,4,1,1) = (0.0000000000000000, 0.0000000000000000)
 rho_net(3,4,2,1) = (0.0000000000000000, 0.0000000000000000)
 rho_net(3,4,3,1) = (0.0000000000000000, 0.0000000000000000)
 rho_net(3,4,4,1) = (5.4526596666376492E-002, 0.0000000000000000)
 rho_net(3,4,5,1) = (0.0000000000000000, 0.0000000000000000)
 rho_net(3,4,6,1) = (0.0000000000000000, 0.0000000000000000)
 rho_net(3,4,7,1) = (0.0000000000000000, 0.0000000000000000)
 rho_net(3,4,8,1) = (0.0000000000000000, 0.0000000000000000)
 rho_net(3,4,9,1) = (0.0000000000000000, 0.0000000000000000)
 rho_net(3,5,1,1) = (0.0000000000000000, 0.0000000000000000)
 rho_net(3,5,2,1) = (0.0000000000000000, 0.0000000000000000)
 rho_net(3,5,3,1) = (0.0000000000000000, 0.0000000000000000)
 rho_net(3,5,4,1) = (0.0000000000000000, 0.0000000000000000)
 rho_net(3,5,5,1) = (2.0449308939837882, 0.0000000000000000)
 rho_net(3,5,6,1) = (0.0000000000000000, 0.0000000000000000)
 rho_net(3,5,7,1) = (0.0000000000000000, 0.0000000000000000)
 rho_net(3,5,8,1) = (0.0000000000000000, 0.0000000000000000)
 rho_net(3,5,9,1) = (0.0000000000000000, 0.0000000000000000)
 rho_net(3,6,1,1) = (0.0000000000000000, 0.0000000000000000)
 rho_net(3,6,2,1) = (0.0000000000000000, 0.0000000000000000)
 rho_net(3,6,3,1) = (0.0000000000000000, 0.0000000000000000)
 rho_net(3,6,4,1) = (0.0000000000000000, 0.0000000000000000)
 rho_net(3,6,5,1) = (0.0000000000000000, 0.0000000000000000)
 rho_net(3,6,6,1) = (1.4095381271283121, 0.0000000000000000)
 rho_net(3,6,7,1) = (0.0000000000000000, 0.0000000000000000)
 rho_net(3,6,8,1) = (0.0000000000000000, 0.0000000000000000)
 rho_net(3,6,9,1) = (0.0000000000000000, 0.0000000000000000)
 rho_net(3,7,1,1) = (0.0000000000000000, 0.0000000000000000)
 rho_net(3,7,2,1) = (0.0000000000000000, 0.0000000000000000)
 rho_net(3,7,3,1) = (0.0000000000000000, 0.0000000000000000)
 rho_net(3,7,4,1) = (0.0000000000000000, 0.0000000000000000)
 rho_net(3,7,5,1) = (0.0000000000000000, 0.0000000000000000)
 rho_net(3,7,6,1) = (0.0000000000000000, 0.0000000000000000)
 rho_net(3,7,7,1) = (1.9529924451753924, 0.0000000000000000)
 rho_net(3,7,8,1) = (0.0000000000000000, 0.0000000000000000)
 rho_net(3,7,9,1) = (0.0000000000000000, 0.0000000000000000)
 rho_net(3,8,1,1) = (0.0000000000000000, 0.0000000000000000)
 rho_net(3,8,2,1) = (0.0000000000000000, 0.0000000000000000)
 rho_net(3,8,3,1) = (0.0000000000000000, 0.0000000000000000)
 rho_net(3,8,4,1) = (0.0000000000000000, 0.0000000000000000)
 rho_net(3,8,5,1) = (0.0000000000000000, 0.0000000000000000)
 rho_net(3,8,6,1) = (0.0000000000000000, 0.0000000000000000)
 rho_net(3,8,7,1) = (0.0000000000000000, 0.0000000000000000)
 rho_net(3,8,8,1) = (1.7688756335532489, 0.0000000000000000)
 rho_net(3,8,9,1) = (0.0000000000000000, 0.0000000000000000)
 rho_net(3,9,1,1) = (0.0000000000000000, 0.0000000000000000)
 rho_net(3,9,2,1) = (0.0000000000000000, 0.0000000000000000)
 rho_net(3,9,3,1) = (0.0000000000000000, 0.0000000000000000)
 rho_net(3,9,4,1) = (0.0000000000000000, 0.0000000000000000)
 rho_net(3,9,5,1) = (0.0000000000000000, 0.0000000000000000)
 rho_net(3,9,6,1) = (0.0000000000000000, 0.0000000000000000)
 rho_net(3,9,7,1) = (0.0000000000000000, 0.0000000000000000)
 rho_net(3,9,8,1) = (0.0000000000000000, 0.0000000000000000)
 rho_net(3,9,9,1) = (1.2486460253853491, 0.0000000000000000)
 /
