&charge
 q_mul(1,1,0) = 0.770911298714644
 q_mul(1,2,0) = 0.653612380801393
 q_mul(1,3,0) = 8.60412970269680
 q_mul(2,1,0) = 0.693259226998372
 q_mul(2,2,0) = 0.723947968223334
 q_mul(2,3,0) = 8.57828279485889
 q_mul(3,1,0) = 0.694721313020583
 q_mul(3,2,0) = 0.726156957799102
 q_mul(3,3,0) = 8.57348515286765
 q_mul(4,1,0) = 0.692953850003324
 q_mul(4,2,0) = 0.726356492176083
 q_mul(4,3,0) = 8.57530634864135
 q_mul(5,1,0) = 0.693205321761010
 q_mul(5,2,0) = 0.726141514663476
 q_mul(5,3,0) = 8.57543555598785
 q_mul(6,1,0) = 0.693689346205321
 q_mul(6,2,0) = 0.726191916683562
 q_mul(6,3,0) = 8.57490466410482
 q_mul(7,1,0) = 0.693387795939222
 q_mul(7,2,0) = 0.726497574476621
 q_mul(7,3,0) = 8.57473114838819
 q_mul(8,1,0) = 0.693689359805782
 q_mul(8,2,0) = 0.726191942913442
 q_mul(8,3,0) = 8.57490470629249
 q_mul(9,1,0) = 0.693205290463032
 q_mul(9,2,0) = 0.726141475527748
 q_mul(9,3,0) = 8.57543519753713
 q_mul(10,1,0) = 0.692953864743527
 q_mul(10,2,0) = 0.726356511584364
 q_mul(10,3,0) = 8.57530682329114
 q_mul(11,1,0) = 0.694721334262664
 q_mul(11,2,0) = 0.726156971581921
 q_mul(11,3,0) = 8.57348515947213
 q_mul(12,1,0) = 0.693259210080200
 q_mul(12,2,0) = 0.723947945265324
 q_mul(12,3,0) = 8.57828265492506
 q_mul(13,1,0) = 0.770911238172705
 q_mul(13,2,0) = 0.653612455398803
 q_mul(13,3,0) = 8.60412953419703
 rho_net(1,1,1,1) = (0.515978421857358, 0.000000000000000E+000)
 rho_net(1,1,2,1) = (0.000000000000000E+000, 0.000000000000000E+000)
 rho_net(1,1,3,1) = (0.000000000000000E+000, 0.000000000000000E+000)
 rho_net(1,1,4,1) = (0.000000000000000E+000, 0.000000000000000E+000)
 rho_net(1,1,5,1) = (0.000000000000000E+000, 0.000000000000000E+000)
 rho_net(1,1,6,1) = (0.000000000000000E+000, 0.000000000000000E+000)
 rho_net(1,1,7,1) = (0.000000000000000E+000, 0.000000000000000E+000)
 rho_net(1,1,8,1) = (0.000000000000000E+000, 0.000000000000000E+000)
 rho_net(1,1,9,1) = (0.000000000000000E+000, 0.000000000000000E+000)
 rho_net(1,2,1,1) = (0.000000000000000E+000, 0.000000000000000E+000)
 rho_net(1,2,2,1) = (0.125957324790883, 0.000000000000000E+000)
 rho_net(1,2,3,1) = (0.000000000000000E+000, 0.000000000000000E+000)
 rho_net(1,2,4,1) = (0.000000000000000E+000, 0.000000000000000E+000)
 rho_net(1,2,5,1) = (0.000000000000000E+000, 0.000000000000000E+000)
 rho_net(1,2,6,1) = (0.000000000000000E+000, 0.000000000000000E+000)
 rho_net(1,2,7,1) = (0.000000000000000E+000, 0.000000000000000E+000)
 rho_net(1,2,8,1) = (0.000000000000000E+000, 0.000000000000000E+000)
 rho_net(1,2,9,1) = (0.000000000000000E+000, 0.000000000000000E+000)
 rho_net(1,3,1,1) = (0.000000000000000E+000, 0.000000000000000E+000)
 rho_net(1,3,2,1) = (0.000000000000000E+000, 0.000000000000000E+000)
 rho_net(1,3,3,1) = (0.125307270179217, 0.000000000000000E+000)
 rho_net(1,3,4,1) = (0.000000000000000E+000, 0.000000000000000E+000)
 rho_net(1,3,5,1) = (0.000000000000000E+000, 0.000000000000000E+000)
 rho_net(1,3,6,1) = (0.000000000000000E+000, 0.000000000000000E+000)
 rho_net(1,3,7,1) = (0.000000000000000E+000, 0.000000000000000E+000)
 rho_net(1,3,8,1) = (0.000000000000000E+000, 0.000000000000000E+000)
 rho_net(1,3,9,1) = (0.000000000000000E+000, 0.000000000000000E+000)
 rho_net(1,4,1,1) = (0.000000000000000E+000, 0.000000000000000E+000)
 rho_net(1,4,2,1) = (0.000000000000000E+000, 0.000000000000000E+000)
 rho_net(1,4,3,1) = (0.000000000000000E+000, 0.000000000000000E+000)
 rho_net(1,4,4,1) = (8.495124078150917E-002, 0.000000000000000E+000)
 rho_net(1,4,5,1) = (0.000000000000000E+000, 0.000000000000000E+000)
 rho_net(1,4,6,1) = (0.000000000000000E+000, 0.000000000000000E+000)
 rho_net(1,4,7,1) = (0.000000000000000E+000, 0.000000000000000E+000)
 rho_net(1,4,8,1) = (0.000000000000000E+000, 0.000000000000000E+000)
 rho_net(1,4,9,1) = (0.000000000000000E+000, 0.000000000000000E+000)
 rho_net(1,5,1,1) = (0.000000000000000E+000, 0.000000000000000E+000)
 rho_net(1,5,2,1) = (0.000000000000000E+000, 0.000000000000000E+000)
 rho_net(1,5,3,1) = (0.000000000000000E+000, 0.000000000000000E+000)
 rho_net(1,5,4,1) = (0.000000000000000E+000, 0.000000000000000E+000)
 rho_net(1,5,5,1) = (1.52178663113650, 0.000000000000000E+000)
 rho_net(1,5,6,1) = (0.000000000000000E+000, 0.000000000000000E+000)
 rho_net(1,5,7,1) = (0.000000000000000E+000, 0.000000000000000E+000)
 rho_net(1,5,8,1) = (0.000000000000000E+000, 0.000000000000000E+000)
 rho_net(1,5,9,1) = (0.000000000000000E+000, 0.000000000000000E+000)
 rho_net(1,6,1,1) = (0.000000000000000E+000, 0.000000000000000E+000)
 rho_net(1,6,2,1) = (0.000000000000000E+000, 0.000000000000000E+000)
 rho_net(1,6,3,1) = (0.000000000000000E+000, 0.000000000000000E+000)
 rho_net(1,6,4,1) = (0.000000000000000E+000, 0.000000000000000E+000)
 rho_net(1,6,5,1) = (0.000000000000000E+000, 0.000000000000000E+000)
 rho_net(1,6,6,1) = (1.81215013735188, 0.000000000000000E+000)
 rho_net(1,6,7,1) = (0.000000000000000E+000, 0.000000000000000E+000)
 rho_net(1,6,8,1) = (0.000000000000000E+000, 0.000000000000000E+000)
 rho_net(1,6,9,1) = (0.000000000000000E+000, 0.000000000000000E+000)
 rho_net(1,7,1,1) = (0.000000000000000E+000, 0.000000000000000E+000)
 rho_net(1,7,2,1) = (0.000000000000000E+000, 0.000000000000000E+000)
 rho_net(1,7,3,1) = (0.000000000000000E+000, 0.000000000000000E+000)
 rho_net(1,7,4,1) = (0.000000000000000E+000, 0.000000000000000E+000)
 rho_net(1,7,5,1) = (0.000000000000000E+000, 0.000000000000000E+000)
 rho_net(1,7,6,1) = (0.000000000000000E+000, 0.000000000000000E+000)
 rho_net(1,7,7,1) = (1.81154876976528, 0.000000000000000E+000)
 rho_net(1,7,8,1) = (0.000000000000000E+000, 0.000000000000000E+000)
 rho_net(1,7,9,1) = (0.000000000000000E+000, 0.000000000000000E+000)
 rho_net(1,8,1,1) = (0.000000000000000E+000, 0.000000000000000E+000)
 rho_net(1,8,2,1) = (0.000000000000000E+000, 0.000000000000000E+000)
 rho_net(1,8,3,1) = (0.000000000000000E+000, 0.000000000000000E+000)
 rho_net(1,8,4,1) = (0.000000000000000E+000, 0.000000000000000E+000)
 rho_net(1,8,5,1) = (0.000000000000000E+000, 0.000000000000000E+000)
 rho_net(1,8,6,1) = (0.000000000000000E+000, 0.000000000000000E+000)
 rho_net(1,8,7,1) = (0.000000000000000E+000, 0.000000000000000E+000)
 rho_net(1,8,8,1) = (1.52999230216423, 0.000000000000000E+000)
 rho_net(1,8,9,1) = (0.000000000000000E+000, 0.000000000000000E+000)
 rho_net(1,9,1,1) = (0.000000000000000E+000, 0.000000000000000E+000)
 rho_net(1,9,2,1) = (0.000000000000000E+000, 0.000000000000000E+000)
 rho_net(1,9,3,1) = (0.000000000000000E+000, 0.000000000000000E+000)
 rho_net(1,9,4,1) = (0.000000000000000E+000, 0.000000000000000E+000)
 rho_net(1,9,5,1) = (0.000000000000000E+000, 0.000000000000000E+000)
 rho_net(1,9,6,1) = (0.000000000000000E+000, 0.000000000000000E+000)
 rho_net(1,9,7,1) = (0.000000000000000E+000, 0.000000000000000E+000)
 rho_net(1,9,8,1) = (0.000000000000000E+000, 0.000000000000000E+000)
 rho_net(1,9,9,1) = (1.77380074113405, 0.000000000000000E+000)
 rho_net(2,1,1,1) = (0.428272681591856, 0.000000000000000E+000)
 rho_net(2,1,2,1) = (0.000000000000000E+000, 0.000000000000000E+000)
 rho_net(2,1,3,1) = (0.000000000000000E+000, 0.000000000000000E+000)
 rho_net(2,1,4,1) = (0.000000000000000E+000, 0.000000000000000E+000)
 rho_net(2,1,5,1) = (0.000000000000000E+000, 0.000000000000000E+000)
 rho_net(2,1,6,1) = (0.000000000000000E+000, 0.000000000000000E+000)
 rho_net(2,1,7,1) = (0.000000000000000E+000, 0.000000000000000E+000)
 rho_net(2,1,8,1) = (0.000000000000000E+000, 0.000000000000000E+000)
 rho_net(2,1,9,1) = (0.000000000000000E+000, 0.000000000000000E+000)
 rho_net(2,2,1,1) = (0.000000000000000E+000, 0.000000000000000E+000)
 rho_net(2,2,2,1) = (0.118266102145245, 0.000000000000000E+000)
 rho_net(2,2,3,1) = (0.000000000000000E+000, 0.000000000000000E+000)
 rho_net(2,2,4,1) = (0.000000000000000E+000, 0.000000000000000E+000)
 rho_net(2,2,5,1) = (0.000000000000000E+000, 0.000000000000000E+000)
 rho_net(2,2,6,1) = (0.000000000000000E+000, 0.000000000000000E+000)
 rho_net(2,2,7,1) = (0.000000000000000E+000, 0.000000000000000E+000)
 rho_net(2,2,8,1) = (0.000000000000000E+000, 0.000000000000000E+000)
 rho_net(2,2,9,1) = (0.000000000000000E+000, 0.000000000000000E+000)
 rho_net(2,3,1,1) = (0.000000000000000E+000, 0.000000000000000E+000)
 rho_net(2,3,2,1) = (0.000000000000000E+000, 0.000000000000000E+000)
 rho_net(2,3,3,1) = (0.117952427430882, 0.000000000000000E+000)
 rho_net(2,3,4,1) = (0.000000000000000E+000, 0.000000000000000E+000)
 rho_net(2,3,5,1) = (0.000000000000000E+000, 0.000000000000000E+000)
 rho_net(2,3,6,1) = (0.000000000000000E+000, 0.000000000000000E+000)
 rho_net(2,3,7,1) = (0.000000000000000E+000, 0.000000000000000E+000)
 rho_net(2,3,8,1) = (0.000000000000000E+000, 0.000000000000000E+000)
 rho_net(2,3,9,1) = (0.000000000000000E+000, 0.000000000000000E+000)
 rho_net(2,4,1,1) = (0.000000000000000E+000, 0.000000000000000E+000)
 rho_net(2,4,2,1) = (0.000000000000000E+000, 0.000000000000000E+000)
 rho_net(2,4,3,1) = (0.000000000000000E+000, 0.000000000000000E+000)
 rho_net(2,4,4,1) = (0.122360779020075, 0.000000000000000E+000)
 rho_net(2,4,5,1) = (0.000000000000000E+000, 0.000000000000000E+000)
 rho_net(2,4,6,1) = (0.000000000000000E+000, 0.000000000000000E+000)
 rho_net(2,4,7,1) = (0.000000000000000E+000, 0.000000000000000E+000)
 rho_net(2,4,8,1) = (0.000000000000000E+000, 0.000000000000000E+000)
 rho_net(2,4,9,1) = (0.000000000000000E+000, 0.000000000000000E+000)
 rho_net(2,5,1,1) = (0.000000000000000E+000, 0.000000000000000E+000)
 rho_net(2,5,2,1) = (0.000000000000000E+000, 0.000000000000000E+000)
 rho_net(2,5,3,1) = (0.000000000000000E+000, 0.000000000000000E+000)
 rho_net(2,5,4,1) = (0.000000000000000E+000, 0.000000000000000E+000)
 rho_net(2,5,5,1) = (1.65926811411909, 0.000000000000000E+000)
 rho_net(2,5,6,1) = (0.000000000000000E+000, 0.000000000000000E+000)
 rho_net(2,5,7,1) = (0.000000000000000E+000, 0.000000000000000E+000)
 rho_net(2,5,8,1) = (0.000000000000000E+000, 0.000000000000000E+000)
 rho_net(2,5,9,1) = (0.000000000000000E+000, 0.000000000000000E+000)
 rho_net(2,6,1,1) = (0.000000000000000E+000, 0.000000000000000E+000)
 rho_net(2,6,2,1) = (0.000000000000000E+000, 0.000000000000000E+000)
 rho_net(2,6,3,1) = (0.000000000000000E+000, 0.000000000000000E+000)
 rho_net(2,6,4,1) = (0.000000000000000E+000, 0.000000000000000E+000)
 rho_net(2,6,5,1) = (0.000000000000000E+000, 0.000000000000000E+000)
 rho_net(2,6,6,1) = (1.77463396802975, 0.000000000000000E+000)
 rho_net(2,6,7,1) = (0.000000000000000E+000, 0.000000000000000E+000)
 rho_net(2,6,8,1) = (0.000000000000000E+000, 0.000000000000000E+000)
 rho_net(2,6,9,1) = (0.000000000000000E+000, 0.000000000000000E+000)
 rho_net(2,7,1,1) = (0.000000000000000E+000, 0.000000000000000E+000)
 rho_net(2,7,2,1) = (0.000000000000000E+000, 0.000000000000000E+000)
 rho_net(2,7,3,1) = (0.000000000000000E+000, 0.000000000000000E+000)
 rho_net(2,7,4,1) = (0.000000000000000E+000, 0.000000000000000E+000)
 rho_net(2,7,5,1) = (0.000000000000000E+000, 0.000000000000000E+000)
 rho_net(2,7,6,1) = (0.000000000000000E+000, 0.000000000000000E+000)
 rho_net(2,7,7,1) = (1.77718777869533, 0.000000000000000E+000)
 rho_net(2,7,8,1) = (0.000000000000000E+000, 0.000000000000000E+000)
 rho_net(2,7,9,1) = (0.000000000000000E+000, 0.000000000000000E+000)
 rho_net(2,8,1,1) = (0.000000000000000E+000, 0.000000000000000E+000)
 rho_net(2,8,2,1) = (0.000000000000000E+000, 0.000000000000000E+000)
 rho_net(2,8,3,1) = (0.000000000000000E+000, 0.000000000000000E+000)
 rho_net(2,8,4,1) = (0.000000000000000E+000, 0.000000000000000E+000)
 rho_net(2,8,5,1) = (0.000000000000000E+000, 0.000000000000000E+000)
 rho_net(2,8,6,1) = (0.000000000000000E+000, 0.000000000000000E+000)
 rho_net(2,8,7,1) = (0.000000000000000E+000, 0.000000000000000E+000)
 rho_net(2,8,8,1) = (1.65948628084631, 0.000000000000000E+000)
 rho_net(2,8,9,1) = (0.000000000000000E+000, 0.000000000000000E+000)
 rho_net(2,9,1,1) = (0.000000000000000E+000, 0.000000000000000E+000)
 rho_net(2,9,2,1) = (0.000000000000000E+000, 0.000000000000000E+000)
 rho_net(2,9,3,1) = (0.000000000000000E+000, 0.000000000000000E+000)
 rho_net(2,9,4,1) = (0.000000000000000E+000, 0.000000000000000E+000)
 rho_net(2,9,5,1) = (0.000000000000000E+000, 0.000000000000000E+000)
 rho_net(2,9,6,1) = (0.000000000000000E+000, 0.000000000000000E+000)
 rho_net(2,9,7,1) = (0.000000000000000E+000, 0.000000000000000E+000)
 rho_net(2,9,8,1) = (0.000000000000000E+000, 0.000000000000000E+000)
 rho_net(2,9,9,1) = (1.54533721056212, 0.000000000000000E+000)
 rho_net(3,1,1,1) = (0.426349206658459, 0.000000000000000E+000)
 rho_net(3,1,2,1) = (0.000000000000000E+000, 0.000000000000000E+000)
 rho_net(3,1,3,1) = (0.000000000000000E+000, 0.000000000000000E+000)
 rho_net(3,1,4,1) = (0.000000000000000E+000, 0.000000000000000E+000)
 rho_net(3,1,5,1) = (0.000000000000000E+000, 0.000000000000000E+000)
 rho_net(3,1,6,1) = (0.000000000000000E+000, 0.000000000000000E+000)
 rho_net(3,1,7,1) = (0.000000000000000E+000, 0.000000000000000E+000)
 rho_net(3,1,8,1) = (0.000000000000000E+000, 0.000000000000000E+000)
 rho_net(3,1,9,1) = (0.000000000000000E+000, 0.000000000000000E+000)
 rho_net(3,2,1,1) = (0.000000000000000E+000, 0.000000000000000E+000)
 rho_net(3,2,2,1) = (0.119411228877747, 0.000000000000000E+000)
 rho_net(3,2,3,1) = (0.000000000000000E+000, 0.000000000000000E+000)
 rho_net(3,2,4,1) = (0.000000000000000E+000, 0.000000000000000E+000)
 rho_net(3,2,5,1) = (0.000000000000000E+000, 0.000000000000000E+000)
 rho_net(3,2,6,1) = (0.000000000000000E+000, 0.000000000000000E+000)
 rho_net(3,2,7,1) = (0.000000000000000E+000, 0.000000000000000E+000)
 rho_net(3,2,8,1) = (0.000000000000000E+000, 0.000000000000000E+000)
 rho_net(3,2,9,1) = (0.000000000000000E+000, 0.000000000000000E+000)
 rho_net(3,3,1,1) = (0.000000000000000E+000, 0.000000000000000E+000)
 rho_net(3,3,2,1) = (0.000000000000000E+000, 0.000000000000000E+000)
 rho_net(3,3,3,1) = (0.118940689264751, 0.000000000000000E+000)
 rho_net(3,3,4,1) = (0.000000000000000E+000, 0.000000000000000E+000)
 rho_net(3,3,5,1) = (0.000000000000000E+000, 0.000000000000000E+000)
 rho_net(3,3,6,1) = (0.000000000000000E+000, 0.000000000000000E+000)
 rho_net(3,3,7,1) = (0.000000000000000E+000, 0.000000000000000E+000)
 rho_net(3,3,8,1) = (0.000000000000000E+000, 0.000000000000000E+000)
 rho_net(3,3,9,1) = (0.000000000000000E+000, 0.000000000000000E+000)
 rho_net(3,4,1,1) = (0.000000000000000E+000, 0.000000000000000E+000)
 rho_net(3,4,2,1) = (0.000000000000000E+000, 0.000000000000000E+000)
 rho_net(3,4,3,1) = (0.000000000000000E+000, 0.000000000000000E+000)
 rho_net(3,4,4,1) = (0.118582856320667, 0.000000000000000E+000)
 rho_net(3,4,5,1) = (0.000000000000000E+000, 0.000000000000000E+000)
 rho_net(3,4,6,1) = (0.000000000000000E+000, 0.000000000000000E+000)
 rho_net(3,4,7,1) = (0.000000000000000E+000, 0.000000000000000E+000)
 rho_net(3,4,8,1) = (0.000000000000000E+000, 0.000000000000000E+000)
 rho_net(3,4,9,1) = (0.000000000000000E+000, 0.000000000000000E+000)
 rho_net(3,5,1,1) = (0.000000000000000E+000, 0.000000000000000E+000)
 rho_net(3,5,2,1) = (0.000000000000000E+000, 0.000000000000000E+000)
 rho_net(3,5,3,1) = (0.000000000000000E+000, 0.000000000000000E+000)
 rho_net(3,5,4,1) = (0.000000000000000E+000, 0.000000000000000E+000)
 rho_net(3,5,5,1) = (1.65816833706096, 0.000000000000000E+000)
 rho_net(3,5,6,1) = (0.000000000000000E+000, 0.000000000000000E+000)
 rho_net(3,5,7,1) = (0.000000000000000E+000, 0.000000000000000E+000)
 rho_net(3,5,8,1) = (0.000000000000000E+000, 0.000000000000000E+000)
 rho_net(3,5,9,1) = (0.000000000000000E+000, 0.000000000000000E+000)
 rho_net(3,6,1,1) = (0.000000000000000E+000, 0.000000000000000E+000)
 rho_net(3,6,2,1) = (0.000000000000000E+000, 0.000000000000000E+000)
 rho_net(3,6,3,1) = (0.000000000000000E+000, 0.000000000000000E+000)
 rho_net(3,6,4,1) = (0.000000000000000E+000, 0.000000000000000E+000)
 rho_net(3,6,5,1) = (0.000000000000000E+000, 0.000000000000000E+000)
 rho_net(3,6,6,1) = (1.73357966256125, 0.000000000000000E+000)
 rho_net(3,6,7,1) = (0.000000000000000E+000, 0.000000000000000E+000)
 rho_net(3,6,8,1) = (0.000000000000000E+000, 0.000000000000000E+000)
 rho_net(3,6,9,1) = (0.000000000000000E+000, 0.000000000000000E+000)
 rho_net(3,7,1,1) = (0.000000000000000E+000, 0.000000000000000E+000)
 rho_net(3,7,2,1) = (0.000000000000000E+000, 0.000000000000000E+000)
 rho_net(3,7,3,1) = (0.000000000000000E+000, 0.000000000000000E+000)
 rho_net(3,7,4,1) = (0.000000000000000E+000, 0.000000000000000E+000)
 rho_net(3,7,5,1) = (0.000000000000000E+000, 0.000000000000000E+000)
 rho_net(3,7,6,1) = (0.000000000000000E+000, 0.000000000000000E+000)
 rho_net(3,7,7,1) = (1.73139333809043, 0.000000000000000E+000)
 rho_net(3,7,8,1) = (0.000000000000000E+000, 0.000000000000000E+000)
 rho_net(3,7,9,1) = (0.000000000000000E+000, 0.000000000000000E+000)
 rho_net(3,8,1,1) = (0.000000000000000E+000, 0.000000000000000E+000)
 rho_net(3,8,2,1) = (0.000000000000000E+000, 0.000000000000000E+000)
 rho_net(3,8,3,1) = (0.000000000000000E+000, 0.000000000000000E+000)
 rho_net(3,8,4,1) = (0.000000000000000E+000, 0.000000000000000E+000)
 rho_net(3,8,5,1) = (0.000000000000000E+000, 0.000000000000000E+000)
 rho_net(3,8,6,1) = (0.000000000000000E+000, 0.000000000000000E+000)
 rho_net(3,8,7,1) = (0.000000000000000E+000, 0.000000000000000E+000)
 rho_net(3,8,8,1) = (1.66541737307278, 0.000000000000000E+000)
 rho_net(3,8,9,1) = (0.000000000000000E+000, 0.000000000000000E+000)
 rho_net(3,9,1,1) = (0.000000000000000E+000, 0.000000000000000E+000)
 rho_net(3,9,2,1) = (0.000000000000000E+000, 0.000000000000000E+000)
 rho_net(3,9,3,1) = (0.000000000000000E+000, 0.000000000000000E+000)
 rho_net(3,9,4,1) = (0.000000000000000E+000, 0.000000000000000E+000)
 rho_net(3,9,5,1) = (0.000000000000000E+000, 0.000000000000000E+000)
 rho_net(3,9,6,1) = (0.000000000000000E+000, 0.000000000000000E+000)
 rho_net(3,9,7,1) = (0.000000000000000E+000, 0.000000000000000E+000)
 rho_net(3,9,8,1) = (0.000000000000000E+000, 0.000000000000000E+000)
 rho_net(3,9,9,1) = (1.62008087948958, 0.000000000000000E+000)
 rho_net(4,1,1,1) = (0.425165840819466, 0.000000000000000E+000)
 rho_net(4,1,2,1) = (0.000000000000000E+000, 0.000000000000000E+000)
 rho_net(4,1,3,1) = (0.000000000000000E+000, 0.000000000000000E+000)
 rho_net(4,1,4,1) = (0.000000000000000E+000, 0.000000000000000E+000)
 rho_net(4,1,5,1) = (0.000000000000000E+000, 0.000000000000000E+000)
 rho_net(4,1,6,1) = (0.000000000000000E+000, 0.000000000000000E+000)
 rho_net(4,1,7,1) = (0.000000000000000E+000, 0.000000000000000E+000)
 rho_net(4,1,8,1) = (0.000000000000000E+000, 0.000000000000000E+000)
 rho_net(4,1,9,1) = (0.000000000000000E+000, 0.000000000000000E+000)
 rho_net(4,2,1,1) = (0.000000000000000E+000, 0.000000000000000E+000)
 rho_net(4,2,2,1) = (0.119033929763799, 0.000000000000000E+000)
 rho_net(4,2,3,1) = (0.000000000000000E+000, 0.000000000000000E+000)
 rho_net(4,2,4,1) = (0.000000000000000E+000, 0.000000000000000E+000)
 rho_net(4,2,5,1) = (0.000000000000000E+000, 0.000000000000000E+000)
 rho_net(4,2,6,1) = (0.000000000000000E+000, 0.000000000000000E+000)
 rho_net(4,2,7,1) = (0.000000000000000E+000, 0.000000000000000E+000)
 rho_net(4,2,8,1) = (0.000000000000000E+000, 0.000000000000000E+000)
 rho_net(4,2,9,1) = (0.000000000000000E+000, 0.000000000000000E+000)
 rho_net(4,3,1,1) = (0.000000000000000E+000, 0.000000000000000E+000)
 rho_net(4,3,2,1) = (0.000000000000000E+000, 0.000000000000000E+000)
 rho_net(4,3,3,1) = (0.118760871723333, 0.000000000000000E+000)
 rho_net(4,3,4,1) = (0.000000000000000E+000, 0.000000000000000E+000)
 rho_net(4,3,5,1) = (0.000000000000000E+000, 0.000000000000000E+000)
 rho_net(4,3,6,1) = (0.000000000000000E+000, 0.000000000000000E+000)
 rho_net(4,3,7,1) = (0.000000000000000E+000, 0.000000000000000E+000)
 rho_net(4,3,8,1) = (0.000000000000000E+000, 0.000000000000000E+000)
 rho_net(4,3,9,1) = (0.000000000000000E+000, 0.000000000000000E+000)
 rho_net(4,4,1,1) = (0.000000000000000E+000, 0.000000000000000E+000)
 rho_net(4,4,2,1) = (0.000000000000000E+000, 0.000000000000000E+000)
 rho_net(4,4,3,1) = (0.000000000000000E+000, 0.000000000000000E+000)
 rho_net(4,4,4,1) = (0.119141288893275, 0.000000000000000E+000)
 rho_net(4,4,5,1) = (0.000000000000000E+000, 0.000000000000000E+000)
 rho_net(4,4,6,1) = (0.000000000000000E+000, 0.000000000000000E+000)
 rho_net(4,4,7,1) = (0.000000000000000E+000, 0.000000000000000E+000)
 rho_net(4,4,8,1) = (0.000000000000000E+000, 0.000000000000000E+000)
 rho_net(4,4,9,1) = (0.000000000000000E+000, 0.000000000000000E+000)
 rho_net(4,5,1,1) = (0.000000000000000E+000, 0.000000000000000E+000)
 rho_net(4,5,2,1) = (0.000000000000000E+000, 0.000000000000000E+000)
 rho_net(4,5,3,1) = (0.000000000000000E+000, 0.000000000000000E+000)
 rho_net(4,5,4,1) = (0.000000000000000E+000, 0.000000000000000E+000)
 rho_net(4,5,5,1) = (1.66135644315672, 0.000000000000000E+000)
 rho_net(4,5,6,1) = (0.000000000000000E+000, 0.000000000000000E+000)
 rho_net(4,5,7,1) = (0.000000000000000E+000, 0.000000000000000E+000)
 rho_net(4,5,8,1) = (0.000000000000000E+000, 0.000000000000000E+000)
 rho_net(4,5,9,1) = (0.000000000000000E+000, 0.000000000000000E+000)
 rho_net(4,6,1,1) = (0.000000000000000E+000, 0.000000000000000E+000)
 rho_net(4,6,2,1) = (0.000000000000000E+000, 0.000000000000000E+000)
 rho_net(4,6,3,1) = (0.000000000000000E+000, 0.000000000000000E+000)
 rho_net(4,6,4,1) = (0.000000000000000E+000, 0.000000000000000E+000)
 rho_net(4,6,5,1) = (0.000000000000000E+000, 0.000000000000000E+000)
 rho_net(4,6,6,1) = (1.73775137046583, 0.000000000000000E+000)
 rho_net(4,6,7,1) = (0.000000000000000E+000, 0.000000000000000E+000)
 rho_net(4,6,8,1) = (0.000000000000000E+000, 0.000000000000000E+000)
 rho_net(4,6,9,1) = (0.000000000000000E+000, 0.000000000000000E+000)
 rho_net(4,7,1,1) = (0.000000000000000E+000, 0.000000000000000E+000)
 rho_net(4,7,2,1) = (0.000000000000000E+000, 0.000000000000000E+000)
 rho_net(4,7,3,1) = (0.000000000000000E+000, 0.000000000000000E+000)
 rho_net(4,7,4,1) = (0.000000000000000E+000, 0.000000000000000E+000)
 rho_net(4,7,5,1) = (0.000000000000000E+000, 0.000000000000000E+000)
 rho_net(4,7,6,1) = (0.000000000000000E+000, 0.000000000000000E+000)
 rho_net(4,7,7,1) = (1.73890827172509, 0.000000000000000E+000)
 rho_net(4,7,8,1) = (0.000000000000000E+000, 0.000000000000000E+000)
 rho_net(4,7,9,1) = (0.000000000000000E+000, 0.000000000000000E+000)
 rho_net(4,8,1,1) = (0.000000000000000E+000, 0.000000000000000E+000)
 rho_net(4,8,2,1) = (0.000000000000000E+000, 0.000000000000000E+000)
 rho_net(4,8,3,1) = (0.000000000000000E+000, 0.000000000000000E+000)
 rho_net(4,8,4,1) = (0.000000000000000E+000, 0.000000000000000E+000)
 rho_net(4,8,5,1) = (0.000000000000000E+000, 0.000000000000000E+000)
 rho_net(4,8,6,1) = (0.000000000000000E+000, 0.000000000000000E+000)
 rho_net(4,8,7,1) = (0.000000000000000E+000, 0.000000000000000E+000)
 rho_net(4,8,8,1) = (1.67009737359347, 0.000000000000000E+000)
 rho_net(4,8,9,1) = (0.000000000000000E+000, 0.000000000000000E+000)
 rho_net(4,9,1,1) = (0.000000000000000E+000, 0.000000000000000E+000)
 rho_net(4,9,2,1) = (0.000000000000000E+000, 0.000000000000000E+000)
 rho_net(4,9,3,1) = (0.000000000000000E+000, 0.000000000000000E+000)
 rho_net(4,9,4,1) = (0.000000000000000E+000, 0.000000000000000E+000)
 rho_net(4,9,5,1) = (0.000000000000000E+000, 0.000000000000000E+000)
 rho_net(4,9,6,1) = (0.000000000000000E+000, 0.000000000000000E+000)
 rho_net(4,9,7,1) = (0.000000000000000E+000, 0.000000000000000E+000)
 rho_net(4,9,8,1) = (0.000000000000000E+000, 0.000000000000000E+000)
 rho_net(4,9,9,1) = (1.60324936404093, 0.000000000000000E+000)
 rho_net(5,1,1,1) = (0.425277844629346, 0.000000000000000E+000)
 rho_net(5,1,2,1) = (0.000000000000000E+000, 0.000000000000000E+000)
 rho_net(5,1,3,1) = (0.000000000000000E+000, 0.000000000000000E+000)
 rho_net(5,1,4,1) = (0.000000000000000E+000, 0.000000000000000E+000)
 rho_net(5,1,5,1) = (0.000000000000000E+000, 0.000000000000000E+000)
 rho_net(5,1,6,1) = (0.000000000000000E+000, 0.000000000000000E+000)
 rho_net(5,1,7,1) = (0.000000000000000E+000, 0.000000000000000E+000)
 rho_net(5,1,8,1) = (0.000000000000000E+000, 0.000000000000000E+000)
 rho_net(5,1,9,1) = (0.000000000000000E+000, 0.000000000000000E+000)
 rho_net(5,2,1,1) = (0.000000000000000E+000, 0.000000000000000E+000)
 rho_net(5,2,2,1) = (0.119059517020484, 0.000000000000000E+000)
 rho_net(5,2,3,1) = (0.000000000000000E+000, 0.000000000000000E+000)
 rho_net(5,2,4,1) = (0.000000000000000E+000, 0.000000000000000E+000)
 rho_net(5,2,5,1) = (0.000000000000000E+000, 0.000000000000000E+000)
 rho_net(5,2,6,1) = (0.000000000000000E+000, 0.000000000000000E+000)
 rho_net(5,2,7,1) = (0.000000000000000E+000, 0.000000000000000E+000)
 rho_net(5,2,8,1) = (0.000000000000000E+000, 0.000000000000000E+000)
 rho_net(5,2,9,1) = (0.000000000000000E+000, 0.000000000000000E+000)
 rho_net(5,3,1,1) = (0.000000000000000E+000, 0.000000000000000E+000)
 rho_net(5,3,2,1) = (0.000000000000000E+000, 0.000000000000000E+000)
 rho_net(5,3,3,1) = (0.118685949121112, 0.000000000000000E+000)
 rho_net(5,3,4,1) = (0.000000000000000E+000, 0.000000000000000E+000)
 rho_net(5,3,5,1) = (0.000000000000000E+000, 0.000000000000000E+000)
 rho_net(5,3,6,1) = (0.000000000000000E+000, 0.000000000000000E+000)
 rho_net(5,3,7,1) = (0.000000000000000E+000, 0.000000000000000E+000)
 rho_net(5,3,8,1) = (0.000000000000000E+000, 0.000000000000000E+000)
 rho_net(5,3,9,1) = (0.000000000000000E+000, 0.000000000000000E+000)
 rho_net(5,4,1,1) = (0.000000000000000E+000, 0.000000000000000E+000)
 rho_net(5,4,2,1) = (0.000000000000000E+000, 0.000000000000000E+000)
 rho_net(5,4,3,1) = (0.000000000000000E+000, 0.000000000000000E+000)
 rho_net(5,4,4,1) = (0.119253565796187, 0.000000000000000E+000)
 rho_net(5,4,5,1) = (0.000000000000000E+000, 0.000000000000000E+000)
 rho_net(5,4,6,1) = (0.000000000000000E+000, 0.000000000000000E+000)
 rho_net(5,4,7,1) = (0.000000000000000E+000, 0.000000000000000E+000)
 rho_net(5,4,8,1) = (0.000000000000000E+000, 0.000000000000000E+000)
 rho_net(5,4,9,1) = (0.000000000000000E+000, 0.000000000000000E+000)
 rho_net(5,5,1,1) = (0.000000000000000E+000, 0.000000000000000E+000)
 rho_net(5,5,2,1) = (0.000000000000000E+000, 0.000000000000000E+000)
 rho_net(5,5,3,1) = (0.000000000000000E+000, 0.000000000000000E+000)
 rho_net(5,5,4,1) = (0.000000000000000E+000, 0.000000000000000E+000)
 rho_net(5,5,5,1) = (1.66569022806666, 0.000000000000000E+000)
 rho_net(5,5,6,1) = (0.000000000000000E+000, 0.000000000000000E+000)
 rho_net(5,5,7,1) = (0.000000000000000E+000, 0.000000000000000E+000)
 rho_net(5,5,8,1) = (0.000000000000000E+000, 0.000000000000000E+000)
 rho_net(5,5,9,1) = (0.000000000000000E+000, 0.000000000000000E+000)
 rho_net(5,6,1,1) = (0.000000000000000E+000, 0.000000000000000E+000)
 rho_net(5,6,2,1) = (0.000000000000000E+000, 0.000000000000000E+000)
 rho_net(5,6,3,1) = (0.000000000000000E+000, 0.000000000000000E+000)
 rho_net(5,6,4,1) = (0.000000000000000E+000, 0.000000000000000E+000)
 rho_net(5,6,5,1) = (0.000000000000000E+000, 0.000000000000000E+000)
 rho_net(5,6,6,1) = (1.73889517912898, 0.000000000000000E+000)
 rho_net(5,6,7,1) = (0.000000000000000E+000, 0.000000000000000E+000)
 rho_net(5,6,8,1) = (0.000000000000000E+000, 0.000000000000000E+000)
 rho_net(5,6,9,1) = (0.000000000000000E+000, 0.000000000000000E+000)
 rho_net(5,7,1,1) = (0.000000000000000E+000, 0.000000000000000E+000)
 rho_net(5,7,2,1) = (0.000000000000000E+000, 0.000000000000000E+000)
 rho_net(5,7,3,1) = (0.000000000000000E+000, 0.000000000000000E+000)
 rho_net(5,7,4,1) = (0.000000000000000E+000, 0.000000000000000E+000)
 rho_net(5,7,5,1) = (0.000000000000000E+000, 0.000000000000000E+000)
 rho_net(5,7,6,1) = (0.000000000000000E+000, 0.000000000000000E+000)
 rho_net(5,7,7,1) = (1.73947531031813, 0.000000000000000E+000)
 rho_net(5,7,8,1) = (0.000000000000000E+000, 0.000000000000000E+000)
 rho_net(5,7,9,1) = (0.000000000000000E+000, 0.000000000000000E+000)
 rho_net(5,8,1,1) = (0.000000000000000E+000, 0.000000000000000E+000)
 rho_net(5,8,2,1) = (0.000000000000000E+000, 0.000000000000000E+000)
 rho_net(5,8,3,1) = (0.000000000000000E+000, 0.000000000000000E+000)
 rho_net(5,8,4,1) = (0.000000000000000E+000, 0.000000000000000E+000)
 rho_net(5,8,5,1) = (0.000000000000000E+000, 0.000000000000000E+000)
 rho_net(5,8,6,1) = (0.000000000000000E+000, 0.000000000000000E+000)
 rho_net(5,8,7,1) = (0.000000000000000E+000, 0.000000000000000E+000)
 rho_net(5,8,8,1) = (1.67116271671099, 0.000000000000000E+000)
 rho_net(5,8,9,1) = (0.000000000000000E+000, 0.000000000000000E+000)
 rho_net(5,9,1,1) = (0.000000000000000E+000, 0.000000000000000E+000)
 rho_net(5,9,2,1) = (0.000000000000000E+000, 0.000000000000000E+000)
 rho_net(5,9,3,1) = (0.000000000000000E+000, 0.000000000000000E+000)
 rho_net(5,9,4,1) = (0.000000000000000E+000, 0.000000000000000E+000)
 rho_net(5,9,5,1) = (0.000000000000000E+000, 0.000000000000000E+000)
 rho_net(5,9,6,1) = (0.000000000000000E+000, 0.000000000000000E+000)
 rho_net(5,9,7,1) = (0.000000000000000E+000, 0.000000000000000E+000)
 rho_net(5,9,8,1) = (0.000000000000000E+000, 0.000000000000000E+000)
 rho_net(5,9,9,1) = (1.59587778041329, 0.000000000000000E+000)
 rho_net(6,1,1,1) = (0.425625173729434, 0.000000000000000E+000)
 rho_net(6,1,2,1) = (0.000000000000000E+000, 0.000000000000000E+000)
 rho_net(6,1,3,1) = (0.000000000000000E+000, 0.000000000000000E+000)
 rho_net(6,1,4,1) = (0.000000000000000E+000, 0.000000000000000E+000)
 rho_net(6,1,5,1) = (0.000000000000000E+000, 0.000000000000000E+000)
 rho_net(6,1,6,1) = (0.000000000000000E+000, 0.000000000000000E+000)
 rho_net(6,1,7,1) = (0.000000000000000E+000, 0.000000000000000E+000)
 rho_net(6,1,8,1) = (0.000000000000000E+000, 0.000000000000000E+000)
 rho_net(6,1,9,1) = (0.000000000000000E+000, 0.000000000000000E+000)
 rho_net(6,2,1,1) = (0.000000000000000E+000, 0.000000000000000E+000)
 rho_net(6,2,2,1) = (0.119163248301373, 0.000000000000000E+000)
 rho_net(6,2,3,1) = (0.000000000000000E+000, 0.000000000000000E+000)
 rho_net(6,2,4,1) = (0.000000000000000E+000, 0.000000000000000E+000)
 rho_net(6,2,5,1) = (0.000000000000000E+000, 0.000000000000000E+000)
 rho_net(6,2,6,1) = (0.000000000000000E+000, 0.000000000000000E+000)
 rho_net(6,2,7,1) = (0.000000000000000E+000, 0.000000000000000E+000)
 rho_net(6,2,8,1) = (0.000000000000000E+000, 0.000000000000000E+000)
 rho_net(6,2,9,1) = (0.000000000000000E+000, 0.000000000000000E+000)
 rho_net(6,3,1,1) = (0.000000000000000E+000, 0.000000000000000E+000)
 rho_net(6,3,2,1) = (0.000000000000000E+000, 0.000000000000000E+000)
 rho_net(6,3,3,1) = (0.118857792402056, 0.000000000000000E+000)
 rho_net(6,3,4,1) = (0.000000000000000E+000, 0.000000000000000E+000)
 rho_net(6,3,5,1) = (0.000000000000000E+000, 0.000000000000000E+000)
 rho_net(6,3,6,1) = (0.000000000000000E+000, 0.000000000000000E+000)
 rho_net(6,3,7,1) = (0.000000000000000E+000, 0.000000000000000E+000)
 rho_net(6,3,8,1) = (0.000000000000000E+000, 0.000000000000000E+000)
 rho_net(6,3,9,1) = (0.000000000000000E+000, 0.000000000000000E+000)
 rho_net(6,4,1,1) = (0.000000000000000E+000, 0.000000000000000E+000)
 rho_net(6,4,2,1) = (0.000000000000000E+000, 0.000000000000000E+000)
 rho_net(6,4,3,1) = (0.000000000000000E+000, 0.000000000000000E+000)
 rho_net(6,4,4,1) = (0.118742359311535, 0.000000000000000E+000)
 rho_net(6,4,5,1) = (0.000000000000000E+000, 0.000000000000000E+000)
 rho_net(6,4,6,1) = (0.000000000000000E+000, 0.000000000000000E+000)
 rho_net(6,4,7,1) = (0.000000000000000E+000, 0.000000000000000E+000)
 rho_net(6,4,8,1) = (0.000000000000000E+000, 0.000000000000000E+000)
 rho_net(6,4,9,1) = (0.000000000000000E+000, 0.000000000000000E+000)
 rho_net(6,5,1,1) = (0.000000000000000E+000, 0.000000000000000E+000)
 rho_net(6,5,2,1) = (0.000000000000000E+000, 0.000000000000000E+000)
 rho_net(6,5,3,1) = (0.000000000000000E+000, 0.000000000000000E+000)
 rho_net(6,5,4,1) = (0.000000000000000E+000, 0.000000000000000E+000)
 rho_net(6,5,5,1) = (1.66167545765641, 0.000000000000000E+000)
 rho_net(6,5,6,1) = (0.000000000000000E+000, 0.000000000000000E+000)
 rho_net(6,5,7,1) = (0.000000000000000E+000, 0.000000000000000E+000)
 rho_net(6,5,8,1) = (0.000000000000000E+000, 0.000000000000000E+000)
 rho_net(6,5,9,1) = (0.000000000000000E+000, 0.000000000000000E+000)
 rho_net(6,6,1,1) = (0.000000000000000E+000, 0.000000000000000E+000)
 rho_net(6,6,2,1) = (0.000000000000000E+000, 0.000000000000000E+000)
 rho_net(6,6,3,1) = (0.000000000000000E+000, 0.000000000000000E+000)
 rho_net(6,6,4,1) = (0.000000000000000E+000, 0.000000000000000E+000)
 rho_net(6,6,5,1) = (0.000000000000000E+000, 0.000000000000000E+000)
 rho_net(6,6,6,1) = (1.73621804852762, 0.000000000000000E+000)
 rho_net(6,6,7,1) = (0.000000000000000E+000, 0.000000000000000E+000)
 rho_net(6,6,8,1) = (0.000000000000000E+000, 0.000000000000000E+000)
 rho_net(6,6,9,1) = (0.000000000000000E+000, 0.000000000000000E+000)
 rho_net(6,7,1,1) = (0.000000000000000E+000, 0.000000000000000E+000)
 rho_net(6,7,2,1) = (0.000000000000000E+000, 0.000000000000000E+000)
 rho_net(6,7,3,1) = (0.000000000000000E+000, 0.000000000000000E+000)
 rho_net(6,7,4,1) = (0.000000000000000E+000, 0.000000000000000E+000)
 rho_net(6,7,5,1) = (0.000000000000000E+000, 0.000000000000000E+000)
 rho_net(6,7,6,1) = (0.000000000000000E+000, 0.000000000000000E+000)
 rho_net(6,7,7,1) = (1.73567649432712, 0.000000000000000E+000)
 rho_net(6,7,8,1) = (0.000000000000000E+000, 0.000000000000000E+000)
 rho_net(6,7,9,1) = (0.000000000000000E+000, 0.000000000000000E+000)
 rho_net(6,8,1,1) = (0.000000000000000E+000, 0.000000000000000E+000)
 rho_net(6,8,2,1) = (0.000000000000000E+000, 0.000000000000000E+000)
 rho_net(6,8,3,1) = (0.000000000000000E+000, 0.000000000000000E+000)
 rho_net(6,8,4,1) = (0.000000000000000E+000, 0.000000000000000E+000)
 rho_net(6,8,5,1) = (0.000000000000000E+000, 0.000000000000000E+000)
 rho_net(6,8,6,1) = (0.000000000000000E+000, 0.000000000000000E+000)
 rho_net(6,8,7,1) = (0.000000000000000E+000, 0.000000000000000E+000)
 rho_net(6,8,8,1) = (1.66729483705676, 0.000000000000000E+000)
 rho_net(6,8,9,1) = (0.000000000000000E+000, 0.000000000000000E+000)
 rho_net(6,9,1,1) = (0.000000000000000E+000, 0.000000000000000E+000)
 rho_net(6,9,2,1) = (0.000000000000000E+000, 0.000000000000000E+000)
 rho_net(6,9,3,1) = (0.000000000000000E+000, 0.000000000000000E+000)
 rho_net(6,9,4,1) = (0.000000000000000E+000, 0.000000000000000E+000)
 rho_net(6,9,5,1) = (0.000000000000000E+000, 0.000000000000000E+000)
 rho_net(6,9,6,1) = (0.000000000000000E+000, 0.000000000000000E+000)
 rho_net(6,9,7,1) = (0.000000000000000E+000, 0.000000000000000E+000)
 rho_net(6,9,8,1) = (0.000000000000000E+000, 0.000000000000000E+000)
 rho_net(6,9,9,1) = (1.60961683919594, 0.000000000000000E+000)
 rho_net(7,1,1,1) = (0.425474780386169, 0.000000000000000E+000)
 rho_net(7,1,2,1) = (0.000000000000000E+000, 0.000000000000000E+000)
 rho_net(7,1,3,1) = (0.000000000000000E+000, 0.000000000000000E+000)
 rho_net(7,1,4,1) = (0.000000000000000E+000, 0.000000000000000E+000)
 rho_net(7,1,5,1) = (0.000000000000000E+000, 0.000000000000000E+000)
 rho_net(7,1,6,1) = (0.000000000000000E+000, 0.000000000000000E+000)
 rho_net(7,1,7,1) = (0.000000000000000E+000, 0.000000000000000E+000)
 rho_net(7,1,8,1) = (0.000000000000000E+000, 0.000000000000000E+000)
 rho_net(7,1,9,1) = (0.000000000000000E+000, 0.000000000000000E+000)
 rho_net(7,2,1,1) = (0.000000000000000E+000, 0.000000000000000E+000)
 rho_net(7,2,2,1) = (0.119141680475149, 0.000000000000000E+000)
 rho_net(7,2,3,1) = (0.000000000000000E+000, 0.000000000000000E+000)
 rho_net(7,2,4,1) = (0.000000000000000E+000, 0.000000000000000E+000)
 rho_net(7,2,5,1) = (0.000000000000000E+000, 0.000000000000000E+000)
 rho_net(7,2,6,1) = (0.000000000000000E+000, 0.000000000000000E+000)
 rho_net(7,2,7,1) = (0.000000000000000E+000, 0.000000000000000E+000)
 rho_net(7,2,8,1) = (0.000000000000000E+000, 0.000000000000000E+000)
 rho_net(7,2,9,1) = (0.000000000000000E+000, 0.000000000000000E+000)
 rho_net(7,3,1,1) = (0.000000000000000E+000, 0.000000000000000E+000)
 rho_net(7,3,2,1) = (0.000000000000000E+000, 0.000000000000000E+000)
 rho_net(7,3,3,1) = (0.118774194072597, 0.000000000000000E+000)
 rho_net(7,3,4,1) = (0.000000000000000E+000, 0.000000000000000E+000)
 rho_net(7,3,5,1) = (0.000000000000000E+000, 0.000000000000000E+000)
 rho_net(7,3,6,1) = (0.000000000000000E+000, 0.000000000000000E+000)
 rho_net(7,3,7,1) = (0.000000000000000E+000, 0.000000000000000E+000)
 rho_net(7,3,8,1) = (0.000000000000000E+000, 0.000000000000000E+000)
 rho_net(7,3,9,1) = (0.000000000000000E+000, 0.000000000000000E+000)
 rho_net(7,4,1,1) = (0.000000000000000E+000, 0.000000000000000E+000)
 rho_net(7,4,2,1) = (0.000000000000000E+000, 0.000000000000000E+000)
 rho_net(7,4,3,1) = (0.000000000000000E+000, 0.000000000000000E+000)
 rho_net(7,4,4,1) = (0.119356545436554, 0.000000000000000E+000)
 rho_net(7,4,5,1) = (0.000000000000000E+000, 0.000000000000000E+000)
 rho_net(7,4,6,1) = (0.000000000000000E+000, 0.000000000000000E+000)
 rho_net(7,4,7,1) = (0.000000000000000E+000, 0.000000000000000E+000)
 rho_net(7,4,8,1) = (0.000000000000000E+000, 0.000000000000000E+000)
 rho_net(7,4,9,1) = (0.000000000000000E+000, 0.000000000000000E+000)
 rho_net(7,5,1,1) = (0.000000000000000E+000, 0.000000000000000E+000)
 rho_net(7,5,2,1) = (0.000000000000000E+000, 0.000000000000000E+000)
 rho_net(7,5,3,1) = (0.000000000000000E+000, 0.000000000000000E+000)
 rho_net(7,5,4,1) = (0.000000000000000E+000, 0.000000000000000E+000)
 rho_net(7,5,5,1) = (1.66753343634336, 0.000000000000000E+000)
 rho_net(7,5,6,1) = (0.000000000000000E+000, 0.000000000000000E+000)
 rho_net(7,5,7,1) = (0.000000000000000E+000, 0.000000000000000E+000)
 rho_net(7,5,8,1) = (0.000000000000000E+000, 0.000000000000000E+000)
 rho_net(7,5,9,1) = (0.000000000000000E+000, 0.000000000000000E+000)
 rho_net(7,6,1,1) = (0.000000000000000E+000, 0.000000000000000E+000)
 rho_net(7,6,2,1) = (0.000000000000000E+000, 0.000000000000000E+000)
 rho_net(7,6,3,1) = (0.000000000000000E+000, 0.000000000000000E+000)
 rho_net(7,6,4,1) = (0.000000000000000E+000, 0.000000000000000E+000)
 rho_net(7,6,5,1) = (0.000000000000000E+000, 0.000000000000000E+000)
 rho_net(7,6,6,1) = (1.74225507726799, 0.000000000000000E+000)
 rho_net(7,6,7,1) = (0.000000000000000E+000, 0.000000000000000E+000)
 rho_net(7,6,8,1) = (0.000000000000000E+000, 0.000000000000000E+000)
 rho_net(7,6,9,1) = (0.000000000000000E+000, 0.000000000000000E+000)
 rho_net(7,7,1,1) = (0.000000000000000E+000, 0.000000000000000E+000)
 rho_net(7,7,2,1) = (0.000000000000000E+000, 0.000000000000000E+000)
 rho_net(7,7,3,1) = (0.000000000000000E+000, 0.000000000000000E+000)
 rho_net(7,7,4,1) = (0.000000000000000E+000, 0.000000000000000E+000)
 rho_net(7,7,5,1) = (0.000000000000000E+000, 0.000000000000000E+000)
 rho_net(7,7,6,1) = (0.000000000000000E+000, 0.000000000000000E+000)
 rho_net(7,7,7,1) = (1.73991938804907, 0.000000000000000E+000)
 rho_net(7,7,8,1) = (0.000000000000000E+000, 0.000000000000000E+000)
 rho_net(7,7,9,1) = (0.000000000000000E+000, 0.000000000000000E+000)
 rho_net(7,8,1,1) = (0.000000000000000E+000, 0.000000000000000E+000)
 rho_net(7,8,2,1) = (0.000000000000000E+000, 0.000000000000000E+000)
 rho_net(7,8,3,1) = (0.000000000000000E+000, 0.000000000000000E+000)
 rho_net(7,8,4,1) = (0.000000000000000E+000, 0.000000000000000E+000)
 rho_net(7,8,5,1) = (0.000000000000000E+000, 0.000000000000000E+000)
 rho_net(7,8,6,1) = (0.000000000000000E+000, 0.000000000000000E+000)
 rho_net(7,8,7,1) = (0.000000000000000E+000, 0.000000000000000E+000)
 rho_net(7,8,8,1) = (1.66855494636820, 0.000000000000000E+000)
 rho_net(7,8,9,1) = (0.000000000000000E+000, 0.000000000000000E+000)
 rho_net(7,9,1,1) = (0.000000000000000E+000, 0.000000000000000E+000)
 rho_net(7,9,2,1) = (0.000000000000000E+000, 0.000000000000000E+000)
 rho_net(7,9,3,1) = (0.000000000000000E+000, 0.000000000000000E+000)
 rho_net(7,9,4,1) = (0.000000000000000E+000, 0.000000000000000E+000)
 rho_net(7,9,5,1) = (0.000000000000000E+000, 0.000000000000000E+000)
 rho_net(7,9,6,1) = (0.000000000000000E+000, 0.000000000000000E+000)
 rho_net(7,9,7,1) = (0.000000000000000E+000, 0.000000000000000E+000)
 rho_net(7,9,8,1) = (0.000000000000000E+000, 0.000000000000000E+000)
 rho_net(7,9,9,1) = (1.59222149886452, 0.000000000000000E+000)
 rho_net(8,1,1,1) = (0.425625187143745, 0.000000000000000E+000)
 rho_net(8,1,2,1) = (0.000000000000000E+000, 0.000000000000000E+000)
 rho_net(8,1,3,1) = (0.000000000000000E+000, 0.000000000000000E+000)
 rho_net(8,1,4,1) = (0.000000000000000E+000, 0.000000000000000E+000)
 rho_net(8,1,5,1) = (0.000000000000000E+000, 0.000000000000000E+000)
 rho_net(8,1,6,1) = (0.000000000000000E+000, 0.000000000000000E+000)
 rho_net(8,1,7,1) = (0.000000000000000E+000, 0.000000000000000E+000)
 rho_net(8,1,8,1) = (0.000000000000000E+000, 0.000000000000000E+000)
 rho_net(8,1,9,1) = (0.000000000000000E+000, 0.000000000000000E+000)
 rho_net(8,2,1,1) = (0.000000000000000E+000, 0.000000000000000E+000)
 rho_net(8,2,2,1) = (0.119163253610737, 0.000000000000000E+000)
 rho_net(8,2,3,1) = (0.000000000000000E+000, 0.000000000000000E+000)
 rho_net(8,2,4,1) = (0.000000000000000E+000, 0.000000000000000E+000)
 rho_net(8,2,5,1) = (0.000000000000000E+000, 0.000000000000000E+000)
 rho_net(8,2,6,1) = (0.000000000000000E+000, 0.000000000000000E+000)
 rho_net(8,2,7,1) = (0.000000000000000E+000, 0.000000000000000E+000)
 rho_net(8,2,8,1) = (0.000000000000000E+000, 0.000000000000000E+000)
 rho_net(8,2,9,1) = (0.000000000000000E+000, 0.000000000000000E+000)
 rho_net(8,3,1,1) = (0.000000000000000E+000, 0.000000000000000E+000)
 rho_net(8,3,2,1) = (0.000000000000000E+000, 0.000000000000000E+000)
 rho_net(8,3,3,1) = (0.118857797910210, 0.000000000000000E+000)
 rho_net(8,3,4,1) = (0.000000000000000E+000, 0.000000000000000E+000)
 rho_net(8,3,5,1) = (0.000000000000000E+000, 0.000000000000000E+000)
 rho_net(8,3,6,1) = (0.000000000000000E+000, 0.000000000000000E+000)
 rho_net(8,3,7,1) = (0.000000000000000E+000, 0.000000000000000E+000)
 rho_net(8,3,8,1) = (0.000000000000000E+000, 0.000000000000000E+000)
 rho_net(8,3,9,1) = (0.000000000000000E+000, 0.000000000000000E+000)
 rho_net(8,4,1,1) = (0.000000000000000E+000, 0.000000000000000E+000)
 rho_net(8,4,2,1) = (0.000000000000000E+000, 0.000000000000000E+000)
 rho_net(8,4,3,1) = (0.000000000000000E+000, 0.000000000000000E+000)
 rho_net(8,4,4,1) = (0.118742363023888, 0.000000000000000E+000)
 rho_net(8,4,5,1) = (0.000000000000000E+000, 0.000000000000000E+000)
 rho_net(8,4,6,1) = (0.000000000000000E+000, 0.000000000000000E+000)
 rho_net(8,4,7,1) = (0.000000000000000E+000, 0.000000000000000E+000)
 rho_net(8,4,8,1) = (0.000000000000000E+000, 0.000000000000000E+000)
 rho_net(8,4,9,1) = (0.000000000000000E+000, 0.000000000000000E+000)
 rho_net(8,5,1,1) = (0.000000000000000E+000, 0.000000000000000E+000)
 rho_net(8,5,2,1) = (0.000000000000000E+000, 0.000000000000000E+000)
 rho_net(8,5,3,1) = (0.000000000000000E+000, 0.000000000000000E+000)
 rho_net(8,5,4,1) = (0.000000000000000E+000, 0.000000000000000E+000)
 rho_net(8,5,5,1) = (1.66167547725380, 0.000000000000000E+000)
 rho_net(8,5,6,1) = (0.000000000000000E+000, 0.000000000000000E+000)
 rho_net(8,5,7,1) = (0.000000000000000E+000, 0.000000000000000E+000)
 rho_net(8,5,8,1) = (0.000000000000000E+000, 0.000000000000000E+000)
 rho_net(8,5,9,1) = (0.000000000000000E+000, 0.000000000000000E+000)
 rho_net(8,6,1,1) = (0.000000000000000E+000, 0.000000000000000E+000)
 rho_net(8,6,2,1) = (0.000000000000000E+000, 0.000000000000000E+000)
 rho_net(8,6,3,1) = (0.000000000000000E+000, 0.000000000000000E+000)
 rho_net(8,6,4,1) = (0.000000000000000E+000, 0.000000000000000E+000)
 rho_net(8,6,5,1) = (0.000000000000000E+000, 0.000000000000000E+000)
 rho_net(8,6,6,1) = (1.73621803731441, 0.000000000000000E+000)
 rho_net(8,6,7,1) = (0.000000000000000E+000, 0.000000000000000E+000)
 rho_net(8,6,8,1) = (0.000000000000000E+000, 0.000000000000000E+000)
 rho_net(8,6,9,1) = (0.000000000000000E+000, 0.000000000000000E+000)
 rho_net(8,7,1,1) = (0.000000000000000E+000, 0.000000000000000E+000)
 rho_net(8,7,2,1) = (0.000000000000000E+000, 0.000000000000000E+000)
 rho_net(8,7,3,1) = (0.000000000000000E+000, 0.000000000000000E+000)
 rho_net(8,7,4,1) = (0.000000000000000E+000, 0.000000000000000E+000)
 rho_net(8,7,5,1) = (0.000000000000000E+000, 0.000000000000000E+000)
 rho_net(8,7,6,1) = (0.000000000000000E+000, 0.000000000000000E+000)
 rho_net(8,7,7,1) = (1.73567646558211, 0.000000000000000E+000)
 rho_net(8,7,8,1) = (0.000000000000000E+000, 0.000000000000000E+000)
 rho_net(8,7,9,1) = (0.000000000000000E+000, 0.000000000000000E+000)
 rho_net(8,8,1,1) = (0.000000000000000E+000, 0.000000000000000E+000)
 rho_net(8,8,2,1) = (0.000000000000000E+000, 0.000000000000000E+000)
 rho_net(8,8,3,1) = (0.000000000000000E+000, 0.000000000000000E+000)
 rho_net(8,8,4,1) = (0.000000000000000E+000, 0.000000000000000E+000)
 rho_net(8,8,5,1) = (0.000000000000000E+000, 0.000000000000000E+000)
 rho_net(8,8,6,1) = (0.000000000000000E+000, 0.000000000000000E+000)
 rho_net(8,8,7,1) = (0.000000000000000E+000, 0.000000000000000E+000)
 rho_net(8,8,8,1) = (1.66729486520427, 0.000000000000000E+000)
 rho_net(8,8,9,1) = (0.000000000000000E+000, 0.000000000000000E+000)
 rho_net(8,9,1,1) = (0.000000000000000E+000, 0.000000000000000E+000)
 rho_net(8,9,2,1) = (0.000000000000000E+000, 0.000000000000000E+000)
 rho_net(8,9,3,1) = (0.000000000000000E+000, 0.000000000000000E+000)
 rho_net(8,9,4,1) = (0.000000000000000E+000, 0.000000000000000E+000)
 rho_net(8,9,5,1) = (0.000000000000000E+000, 0.000000000000000E+000)
 rho_net(8,9,6,1) = (0.000000000000000E+000, 0.000000000000000E+000)
 rho_net(8,9,7,1) = (0.000000000000000E+000, 0.000000000000000E+000)
 rho_net(8,9,8,1) = (0.000000000000000E+000, 0.000000000000000E+000)
 rho_net(8,9,9,1) = (1.60961688308659, 0.000000000000000E+000)
 rho_net(9,1,1,1) = (0.425277794959682, 0.000000000000000E+000)
 rho_net(9,1,2,1) = (0.000000000000000E+000, 0.000000000000000E+000)
 rho_net(9,1,3,1) = (0.000000000000000E+000, 0.000000000000000E+000)
 rho_net(9,1,4,1) = (0.000000000000000E+000, 0.000000000000000E+000)
 rho_net(9,1,5,1) = (0.000000000000000E+000, 0.000000000000000E+000)
 rho_net(9,1,6,1) = (0.000000000000000E+000, 0.000000000000000E+000)
 rho_net(9,1,7,1) = (0.000000000000000E+000, 0.000000000000000E+000)
 rho_net(9,1,8,1) = (0.000000000000000E+000, 0.000000000000000E+000)
 rho_net(9,1,9,1) = (0.000000000000000E+000, 0.000000000000000E+000)
 rho_net(9,2,1,1) = (0.000000000000000E+000, 0.000000000000000E+000)
 rho_net(9,2,2,1) = (0.119059498136515, 0.000000000000000E+000)
 rho_net(9,2,3,1) = (0.000000000000000E+000, 0.000000000000000E+000)
 rho_net(9,2,4,1) = (0.000000000000000E+000, 0.000000000000000E+000)
 rho_net(9,2,5,1) = (0.000000000000000E+000, 0.000000000000000E+000)
 rho_net(9,2,6,1) = (0.000000000000000E+000, 0.000000000000000E+000)
 rho_net(9,2,7,1) = (0.000000000000000E+000, 0.000000000000000E+000)
 rho_net(9,2,8,1) = (0.000000000000000E+000, 0.000000000000000E+000)
 rho_net(9,2,9,1) = (0.000000000000000E+000, 0.000000000000000E+000)
 rho_net(9,3,1,1) = (0.000000000000000E+000, 0.000000000000000E+000)
 rho_net(9,3,2,1) = (0.000000000000000E+000, 0.000000000000000E+000)
 rho_net(9,3,3,1) = (0.118685930435338, 0.000000000000000E+000)
 rho_net(9,3,4,1) = (0.000000000000000E+000, 0.000000000000000E+000)
 rho_net(9,3,5,1) = (0.000000000000000E+000, 0.000000000000000E+000)
 rho_net(9,3,6,1) = (0.000000000000000E+000, 0.000000000000000E+000)
 rho_net(9,3,7,1) = (0.000000000000000E+000, 0.000000000000000E+000)
 rho_net(9,3,8,1) = (0.000000000000000E+000, 0.000000000000000E+000)
 rho_net(9,3,9,1) = (0.000000000000000E+000, 0.000000000000000E+000)
 rho_net(9,4,1,1) = (0.000000000000000E+000, 0.000000000000000E+000)
 rho_net(9,4,2,1) = (0.000000000000000E+000, 0.000000000000000E+000)
 rho_net(9,4,3,1) = (0.000000000000000E+000, 0.000000000000000E+000)
 rho_net(9,4,4,1) = (0.119253582693390, 0.000000000000000E+000)
 rho_net(9,4,5,1) = (0.000000000000000E+000, 0.000000000000000E+000)
 rho_net(9,4,6,1) = (0.000000000000000E+000, 0.000000000000000E+000)
 rho_net(9,4,7,1) = (0.000000000000000E+000, 0.000000000000000E+000)
 rho_net(9,4,8,1) = (0.000000000000000E+000, 0.000000000000000E+000)
 rho_net(9,4,9,1) = (0.000000000000000E+000, 0.000000000000000E+000)
 rho_net(9,5,1,1) = (0.000000000000000E+000, 0.000000000000000E+000)
 rho_net(9,5,2,1) = (0.000000000000000E+000, 0.000000000000000E+000)
 rho_net(9,5,3,1) = (0.000000000000000E+000, 0.000000000000000E+000)
 rho_net(9,5,4,1) = (0.000000000000000E+000, 0.000000000000000E+000)
 rho_net(9,5,5,1) = (1.66569034064290, 0.000000000000000E+000)
 rho_net(9,5,6,1) = (0.000000000000000E+000, 0.000000000000000E+000)
 rho_net(9,5,7,1) = (0.000000000000000E+000, 0.000000000000000E+000)
 rho_net(9,5,8,1) = (0.000000000000000E+000, 0.000000000000000E+000)
 rho_net(9,5,9,1) = (0.000000000000000E+000, 0.000000000000000E+000)
 rho_net(9,6,1,1) = (0.000000000000000E+000, 0.000000000000000E+000)
 rho_net(9,6,2,1) = (0.000000000000000E+000, 0.000000000000000E+000)
 rho_net(9,6,3,1) = (0.000000000000000E+000, 0.000000000000000E+000)
 rho_net(9,6,4,1) = (0.000000000000000E+000, 0.000000000000000E+000)
 rho_net(9,6,5,1) = (0.000000000000000E+000, 0.000000000000000E+000)
 rho_net(9,6,6,1) = (1.73889494083852, 0.000000000000000E+000)
 rho_net(9,6,7,1) = (0.000000000000000E+000, 0.000000000000000E+000)
 rho_net(9,6,8,1) = (0.000000000000000E+000, 0.000000000000000E+000)
 rho_net(9,6,9,1) = (0.000000000000000E+000, 0.000000000000000E+000)
 rho_net(9,7,1,1) = (0.000000000000000E+000, 0.000000000000000E+000)
 rho_net(9,7,2,1) = (0.000000000000000E+000, 0.000000000000000E+000)
 rho_net(9,7,3,1) = (0.000000000000000E+000, 0.000000000000000E+000)
 rho_net(9,7,4,1) = (0.000000000000000E+000, 0.000000000000000E+000)
 rho_net(9,7,5,1) = (0.000000000000000E+000, 0.000000000000000E+000)
 rho_net(9,7,6,1) = (0.000000000000000E+000, 0.000000000000000E+000)
 rho_net(9,7,7,1) = (1.73947506764070, 0.000000000000000E+000)
 rho_net(9,7,8,1) = (0.000000000000000E+000, 0.000000000000000E+000)
 rho_net(9,7,9,1) = (0.000000000000000E+000, 0.000000000000000E+000)
 rho_net(9,8,1,1) = (0.000000000000000E+000, 0.000000000000000E+000)
 rho_net(9,8,2,1) = (0.000000000000000E+000, 0.000000000000000E+000)
 rho_net(9,8,3,1) = (0.000000000000000E+000, 0.000000000000000E+000)
 rho_net(9,8,4,1) = (0.000000000000000E+000, 0.000000000000000E+000)
 rho_net(9,8,5,1) = (0.000000000000000E+000, 0.000000000000000E+000)
 rho_net(9,8,6,1) = (0.000000000000000E+000, 0.000000000000000E+000)
 rho_net(9,8,7,1) = (0.000000000000000E+000, 0.000000000000000E+000)
 rho_net(9,8,8,1) = (1.67116285345718, 0.000000000000000E+000)
 rho_net(9,8,9,1) = (0.000000000000000E+000, 0.000000000000000E+000)
 rho_net(9,9,1,1) = (0.000000000000000E+000, 0.000000000000000E+000)
 rho_net(9,9,2,1) = (0.000000000000000E+000, 0.000000000000000E+000)
 rho_net(9,9,3,1) = (0.000000000000000E+000, 0.000000000000000E+000)
 rho_net(9,9,4,1) = (0.000000000000000E+000, 0.000000000000000E+000)
 rho_net(9,9,5,1) = (0.000000000000000E+000, 0.000000000000000E+000)
 rho_net(9,9,6,1) = (0.000000000000000E+000, 0.000000000000000E+000)
 rho_net(9,9,7,1) = (0.000000000000000E+000, 0.000000000000000E+000)
 rho_net(9,9,8,1) = (0.000000000000000E+000, 0.000000000000000E+000)
 rho_net(9,9,9,1) = (1.59587762154891, 0.000000000000000E+000)
 rho_net(10,1,1,1) = (0.425165854552203, 0.000000000000000E+000)
 rho_net(10,1,2,1) = (0.000000000000000E+000, 0.000000000000000E+000)
 rho_net(10,1,3,1) = (0.000000000000000E+000, 0.000000000000000E+000)
 rho_net(10,1,4,1) = (0.000000000000000E+000, 0.000000000000000E+000)
 rho_net(10,1,5,1) = (0.000000000000000E+000, 0.000000000000000E+000)
 rho_net(10,1,6,1) = (0.000000000000000E+000, 0.000000000000000E+000)
 rho_net(10,1,7,1) = (0.000000000000000E+000, 0.000000000000000E+000)
 rho_net(10,1,8,1) = (0.000000000000000E+000, 0.000000000000000E+000)
 rho_net(10,1,9,1) = (0.000000000000000E+000, 0.000000000000000E+000)
 rho_net(10,2,1,1) = (0.000000000000000E+000, 0.000000000000000E+000)
 rho_net(10,2,2,1) = (0.119033932776061, 0.000000000000000E+000)
 rho_net(10,2,3,1) = (0.000000000000000E+000, 0.000000000000000E+000)
 rho_net(10,2,4,1) = (0.000000000000000E+000, 0.000000000000000E+000)
 rho_net(10,2,5,1) = (0.000000000000000E+000, 0.000000000000000E+000)
 rho_net(10,2,6,1) = (0.000000000000000E+000, 0.000000000000000E+000)
 rho_net(10,2,7,1) = (0.000000000000000E+000, 0.000000000000000E+000)
 rho_net(10,2,8,1) = (0.000000000000000E+000, 0.000000000000000E+000)
 rho_net(10,2,9,1) = (0.000000000000000E+000, 0.000000000000000E+000)
 rho_net(10,3,1,1) = (0.000000000000000E+000, 0.000000000000000E+000)
 rho_net(10,3,2,1) = (0.000000000000000E+000, 0.000000000000000E+000)
 rho_net(10,3,3,1) = (0.118760873548024, 0.000000000000000E+000)
 rho_net(10,3,4,1) = (0.000000000000000E+000, 0.000000000000000E+000)
 rho_net(10,3,5,1) = (0.000000000000000E+000, 0.000000000000000E+000)
 rho_net(10,3,6,1) = (0.000000000000000E+000, 0.000000000000000E+000)
 rho_net(10,3,7,1) = (0.000000000000000E+000, 0.000000000000000E+000)
 rho_net(10,3,8,1) = (0.000000000000000E+000, 0.000000000000000E+000)
 rho_net(10,3,9,1) = (0.000000000000000E+000, 0.000000000000000E+000)
 rho_net(10,4,1,1) = (0.000000000000000E+000, 0.000000000000000E+000)
 rho_net(10,4,2,1) = (0.000000000000000E+000, 0.000000000000000E+000)
 rho_net(10,4,3,1) = (0.000000000000000E+000, 0.000000000000000E+000)
 rho_net(10,4,4,1) = (0.119141298038083, 0.000000000000000E+000)
 rho_net(10,4,5,1) = (0.000000000000000E+000, 0.000000000000000E+000)
 rho_net(10,4,6,1) = (0.000000000000000E+000, 0.000000000000000E+000)
 rho_net(10,4,7,1) = (0.000000000000000E+000, 0.000000000000000E+000)
 rho_net(10,4,8,1) = (0.000000000000000E+000, 0.000000000000000E+000)
 rho_net(10,4,9,1) = (0.000000000000000E+000, 0.000000000000000E+000)
 rho_net(10,5,1,1) = (0.000000000000000E+000, 0.000000000000000E+000)
 rho_net(10,5,2,1) = (0.000000000000000E+000, 0.000000000000000E+000)
 rho_net(10,5,3,1) = (0.000000000000000E+000, 0.000000000000000E+000)
 rho_net(10,5,4,1) = (0.000000000000000E+000, 0.000000000000000E+000)
 rho_net(10,5,5,1) = (1.66135653936476, 0.000000000000000E+000)
 rho_net(10,5,6,1) = (0.000000000000000E+000, 0.000000000000000E+000)
 rho_net(10,5,7,1) = (0.000000000000000E+000, 0.000000000000000E+000)
 rho_net(10,5,8,1) = (0.000000000000000E+000, 0.000000000000000E+000)
 rho_net(10,5,9,1) = (0.000000000000000E+000, 0.000000000000000E+000)
 rho_net(10,6,1,1) = (0.000000000000000E+000, 0.000000000000000E+000)
 rho_net(10,6,2,1) = (0.000000000000000E+000, 0.000000000000000E+000)
 rho_net(10,6,3,1) = (0.000000000000000E+000, 0.000000000000000E+000)
 rho_net(10,6,4,1) = (0.000000000000000E+000, 0.000000000000000E+000)
 rho_net(10,6,5,1) = (0.000000000000000E+000, 0.000000000000000E+000)
 rho_net(10,6,6,1) = (1.73775147498241, 0.000000000000000E+000)
 rho_net(10,6,7,1) = (0.000000000000000E+000, 0.000000000000000E+000)
 rho_net(10,6,8,1) = (0.000000000000000E+000, 0.000000000000000E+000)
 rho_net(10,6,9,1) = (0.000000000000000E+000, 0.000000000000000E+000)
 rho_net(10,7,1,1) = (0.000000000000000E+000, 0.000000000000000E+000)
 rho_net(10,7,2,1) = (0.000000000000000E+000, 0.000000000000000E+000)
 rho_net(10,7,3,1) = (0.000000000000000E+000, 0.000000000000000E+000)
 rho_net(10,7,4,1) = (0.000000000000000E+000, 0.000000000000000E+000)
 rho_net(10,7,5,1) = (0.000000000000000E+000, 0.000000000000000E+000)
 rho_net(10,7,6,1) = (0.000000000000000E+000, 0.000000000000000E+000)
 rho_net(10,7,7,1) = (1.73890836902890, 0.000000000000000E+000)
 rho_net(10,7,8,1) = (0.000000000000000E+000, 0.000000000000000E+000)
 rho_net(10,7,9,1) = (0.000000000000000E+000, 0.000000000000000E+000)
 rho_net(10,8,1,1) = (0.000000000000000E+000, 0.000000000000000E+000)
 rho_net(10,8,2,1) = (0.000000000000000E+000, 0.000000000000000E+000)
 rho_net(10,8,3,1) = (0.000000000000000E+000, 0.000000000000000E+000)
 rho_net(10,8,4,1) = (0.000000000000000E+000, 0.000000000000000E+000)
 rho_net(10,8,5,1) = (0.000000000000000E+000, 0.000000000000000E+000)
 rho_net(10,8,6,1) = (0.000000000000000E+000, 0.000000000000000E+000)
 rho_net(10,8,7,1) = (0.000000000000000E+000, 0.000000000000000E+000)
 rho_net(10,8,8,1) = (1.67009754185678, 0.000000000000000E+000)
 rho_net(10,8,9,1) = (0.000000000000000E+000, 0.000000000000000E+000)
 rho_net(10,9,1,1) = (0.000000000000000E+000, 0.000000000000000E+000)
 rho_net(10,9,2,1) = (0.000000000000000E+000, 0.000000000000000E+000)
 rho_net(10,9,3,1) = (0.000000000000000E+000, 0.000000000000000E+000)
 rho_net(10,9,4,1) = (0.000000000000000E+000, 0.000000000000000E+000)
 rho_net(10,9,5,1) = (0.000000000000000E+000, 0.000000000000000E+000)
 rho_net(10,9,6,1) = (0.000000000000000E+000, 0.000000000000000E+000)
 rho_net(10,9,7,1) = (0.000000000000000E+000, 0.000000000000000E+000)
 rho_net(10,9,8,1) = (0.000000000000000E+000, 0.000000000000000E+000)
 rho_net(10,9,9,1) = (1.60324939298407, 0.000000000000000E+000)
 rho_net(11,1,1,1) = (0.426349272599861, 0.000000000000000E+000)
 rho_net(11,1,2,1) = (0.000000000000000E+000, 0.000000000000000E+000)
 rho_net(11,1,3,1) = (0.000000000000000E+000, 0.000000000000000E+000)
 rho_net(11,1,4,1) = (0.000000000000000E+000, 0.000000000000000E+000)
 rho_net(11,1,5,1) = (0.000000000000000E+000, 0.000000000000000E+000)
 rho_net(11,1,6,1) = (0.000000000000000E+000, 0.000000000000000E+000)
 rho_net(11,1,7,1) = (0.000000000000000E+000, 0.000000000000000E+000)
 rho_net(11,1,8,1) = (0.000000000000000E+000, 0.000000000000000E+000)
 rho_net(11,1,9,1) = (0.000000000000000E+000, 0.000000000000000E+000)
 rho_net(11,2,1,1) = (0.000000000000000E+000, 0.000000000000000E+000)
 rho_net(11,2,2,1) = (0.119411258973363, 0.000000000000000E+000)
 rho_net(11,2,3,1) = (0.000000000000000E+000, 0.000000000000000E+000)
 rho_net(11,2,4,1) = (0.000000000000000E+000, 0.000000000000000E+000)
 rho_net(11,2,5,1) = (0.000000000000000E+000, 0.000000000000000E+000)
 rho_net(11,2,6,1) = (0.000000000000000E+000, 0.000000000000000E+000)
 rho_net(11,2,7,1) = (0.000000000000000E+000, 0.000000000000000E+000)
 rho_net(11,2,8,1) = (0.000000000000000E+000, 0.000000000000000E+000)
 rho_net(11,2,9,1) = (0.000000000000000E+000, 0.000000000000000E+000)
 rho_net(11,3,1,1) = (0.000000000000000E+000, 0.000000000000000E+000)
 rho_net(11,3,2,1) = (0.000000000000000E+000, 0.000000000000000E+000)
 rho_net(11,3,3,1) = (0.118940719074869, 0.000000000000000E+000)
 rho_net(11,3,4,1) = (0.000000000000000E+000, 0.000000000000000E+000)
 rho_net(11,3,5,1) = (0.000000000000000E+000, 0.000000000000000E+000)
 rho_net(11,3,6,1) = (0.000000000000000E+000, 0.000000000000000E+000)
 rho_net(11,3,7,1) = (0.000000000000000E+000, 0.000000000000000E+000)
 rho_net(11,3,8,1) = (0.000000000000000E+000, 0.000000000000000E+000)
 rho_net(11,3,9,1) = (0.000000000000000E+000, 0.000000000000000E+000)
 rho_net(11,4,1,1) = (0.000000000000000E+000, 0.000000000000000E+000)
 rho_net(11,4,2,1) = (0.000000000000000E+000, 0.000000000000000E+000)
 rho_net(11,4,3,1) = (0.000000000000000E+000, 0.000000000000000E+000)
 rho_net(11,4,4,1) = (0.118582798876759, 0.000000000000000E+000)
 rho_net(11,4,5,1) = (0.000000000000000E+000, 0.000000000000000E+000)
 rho_net(11,4,6,1) = (0.000000000000000E+000, 0.000000000000000E+000)
 rho_net(11,4,7,1) = (0.000000000000000E+000, 0.000000000000000E+000)
 rho_net(11,4,8,1) = (0.000000000000000E+000, 0.000000000000000E+000)
 rho_net(11,4,9,1) = (0.000000000000000E+000, 0.000000000000000E+000)
 rho_net(11,5,1,1) = (0.000000000000000E+000, 0.000000000000000E+000)
 rho_net(11,5,2,1) = (0.000000000000000E+000, 0.000000000000000E+000)
 rho_net(11,5,3,1) = (0.000000000000000E+000, 0.000000000000000E+000)
 rho_net(11,5,4,1) = (0.000000000000000E+000, 0.000000000000000E+000)
 rho_net(11,5,5,1) = (1.65816781455135, 0.000000000000000E+000)
 rho_net(11,5,6,1) = (0.000000000000000E+000, 0.000000000000000E+000)
 rho_net(11,5,7,1) = (0.000000000000000E+000, 0.000000000000000E+000)
 rho_net(11,5,8,1) = (0.000000000000000E+000, 0.000000000000000E+000)
 rho_net(11,5,9,1) = (0.000000000000000E+000, 0.000000000000000E+000)
 rho_net(11,6,1,1) = (0.000000000000000E+000, 0.000000000000000E+000)
 rho_net(11,6,2,1) = (0.000000000000000E+000, 0.000000000000000E+000)
 rho_net(11,6,3,1) = (0.000000000000000E+000, 0.000000000000000E+000)
 rho_net(11,6,4,1) = (0.000000000000000E+000, 0.000000000000000E+000)
 rho_net(11,6,5,1) = (0.000000000000000E+000, 0.000000000000000E+000)
 rho_net(11,6,6,1) = (1.73358015875825, 0.000000000000000E+000)
 rho_net(11,6,7,1) = (0.000000000000000E+000, 0.000000000000000E+000)
 rho_net(11,6,8,1) = (0.000000000000000E+000, 0.000000000000000E+000)
 rho_net(11,6,9,1) = (0.000000000000000E+000, 0.000000000000000E+000)
 rho_net(11,7,1,1) = (0.000000000000000E+000, 0.000000000000000E+000)
 rho_net(11,7,2,1) = (0.000000000000000E+000, 0.000000000000000E+000)
 rho_net(11,7,3,1) = (0.000000000000000E+000, 0.000000000000000E+000)
 rho_net(11,7,4,1) = (0.000000000000000E+000, 0.000000000000000E+000)
 rho_net(11,7,5,1) = (0.000000000000000E+000, 0.000000000000000E+000)
 rho_net(11,7,6,1) = (0.000000000000000E+000, 0.000000000000000E+000)
 rho_net(11,7,7,1) = (1.73139385730169, 0.000000000000000E+000)
 rho_net(11,7,8,1) = (0.000000000000000E+000, 0.000000000000000E+000)
 rho_net(11,7,9,1) = (0.000000000000000E+000, 0.000000000000000E+000)
 rho_net(11,8,1,1) = (0.000000000000000E+000, 0.000000000000000E+000)
 rho_net(11,8,2,1) = (0.000000000000000E+000, 0.000000000000000E+000)
 rho_net(11,8,3,1) = (0.000000000000000E+000, 0.000000000000000E+000)
 rho_net(11,8,4,1) = (0.000000000000000E+000, 0.000000000000000E+000)
 rho_net(11,8,5,1) = (0.000000000000000E+000, 0.000000000000000E+000)
 rho_net(11,8,6,1) = (0.000000000000000E+000, 0.000000000000000E+000)
 rho_net(11,8,7,1) = (0.000000000000000E+000, 0.000000000000000E+000)
 rho_net(11,8,8,1) = (1.66541675252254, 0.000000000000000E+000)
 rho_net(11,8,9,1) = (0.000000000000000E+000, 0.000000000000000E+000)
 rho_net(11,9,1,1) = (0.000000000000000E+000, 0.000000000000000E+000)
 rho_net(11,9,2,1) = (0.000000000000000E+000, 0.000000000000000E+000)
 rho_net(11,9,3,1) = (0.000000000000000E+000, 0.000000000000000E+000)
 rho_net(11,9,4,1) = (0.000000000000000E+000, 0.000000000000000E+000)
 rho_net(11,9,5,1) = (0.000000000000000E+000, 0.000000000000000E+000)
 rho_net(11,9,6,1) = (0.000000000000000E+000, 0.000000000000000E+000)
 rho_net(11,9,7,1) = (0.000000000000000E+000, 0.000000000000000E+000)
 rho_net(11,9,8,1) = (0.000000000000000E+000, 0.000000000000000E+000)
 rho_net(11,9,9,1) = (1.62008104443218, 0.000000000000000E+000)
 rho_net(12,1,1,1) = (0.428272669538314, 0.000000000000000E+000)
 rho_net(12,1,2,1) = (0.000000000000000E+000, 0.000000000000000E+000)
 rho_net(12,1,3,1) = (0.000000000000000E+000, 0.000000000000000E+000)
 rho_net(12,1,4,1) = (0.000000000000000E+000, 0.000000000000000E+000)
 rho_net(12,1,5,1) = (0.000000000000000E+000, 0.000000000000000E+000)
 rho_net(12,1,6,1) = (0.000000000000000E+000, 0.000000000000000E+000)
 rho_net(12,1,7,1) = (0.000000000000000E+000, 0.000000000000000E+000)
 rho_net(12,1,8,1) = (0.000000000000000E+000, 0.000000000000000E+000)
 rho_net(12,1,9,1) = (0.000000000000000E+000, 0.000000000000000E+000)
 rho_net(12,2,1,1) = (0.000000000000000E+000, 0.000000000000000E+000)
 rho_net(12,2,2,1) = (0.118266098865028, 0.000000000000000E+000)
 rho_net(12,2,3,1) = (0.000000000000000E+000, 0.000000000000000E+000)
 rho_net(12,2,4,1) = (0.000000000000000E+000, 0.000000000000000E+000)
 rho_net(12,2,5,1) = (0.000000000000000E+000, 0.000000000000000E+000)
 rho_net(12,2,6,1) = (0.000000000000000E+000, 0.000000000000000E+000)
 rho_net(12,2,7,1) = (0.000000000000000E+000, 0.000000000000000E+000)
 rho_net(12,2,8,1) = (0.000000000000000E+000, 0.000000000000000E+000)
 rho_net(12,2,9,1) = (0.000000000000000E+000, 0.000000000000000E+000)
 rho_net(12,3,1,1) = (0.000000000000000E+000, 0.000000000000000E+000)
 rho_net(12,3,2,1) = (0.000000000000000E+000, 0.000000000000000E+000)
 rho_net(12,3,3,1) = (0.117952424284140, 0.000000000000000E+000)
 rho_net(12,3,4,1) = (0.000000000000000E+000, 0.000000000000000E+000)
 rho_net(12,3,5,1) = (0.000000000000000E+000, 0.000000000000000E+000)
 rho_net(12,3,6,1) = (0.000000000000000E+000, 0.000000000000000E+000)
 rho_net(12,3,7,1) = (0.000000000000000E+000, 0.000000000000000E+000)
 rho_net(12,3,8,1) = (0.000000000000000E+000, 0.000000000000000E+000)
 rho_net(12,3,9,1) = (0.000000000000000E+000, 0.000000000000000E+000)
 rho_net(12,4,1,1) = (0.000000000000000E+000, 0.000000000000000E+000)
 rho_net(12,4,2,1) = (0.000000000000000E+000, 0.000000000000000E+000)
 rho_net(12,4,3,1) = (0.000000000000000E+000, 0.000000000000000E+000)
 rho_net(12,4,4,1) = (0.122360770959548, 0.000000000000000E+000)
 rho_net(12,4,5,1) = (0.000000000000000E+000, 0.000000000000000E+000)
 rho_net(12,4,6,1) = (0.000000000000000E+000, 0.000000000000000E+000)
 rho_net(12,4,7,1) = (0.000000000000000E+000, 0.000000000000000E+000)
 rho_net(12,4,8,1) = (0.000000000000000E+000, 0.000000000000000E+000)
 rho_net(12,4,9,1) = (0.000000000000000E+000, 0.000000000000000E+000)
 rho_net(12,5,1,1) = (0.000000000000000E+000, 0.000000000000000E+000)
 rho_net(12,5,2,1) = (0.000000000000000E+000, 0.000000000000000E+000)
 rho_net(12,5,3,1) = (0.000000000000000E+000, 0.000000000000000E+000)
 rho_net(12,5,4,1) = (0.000000000000000E+000, 0.000000000000000E+000)
 rho_net(12,5,5,1) = (1.65926805951976, 0.000000000000000E+000)
 rho_net(12,5,6,1) = (0.000000000000000E+000, 0.000000000000000E+000)
 rho_net(12,5,7,1) = (0.000000000000000E+000, 0.000000000000000E+000)
 rho_net(12,5,8,1) = (0.000000000000000E+000, 0.000000000000000E+000)
 rho_net(12,5,9,1) = (0.000000000000000E+000, 0.000000000000000E+000)
 rho_net(12,6,1,1) = (0.000000000000000E+000, 0.000000000000000E+000)
 rho_net(12,6,2,1) = (0.000000000000000E+000, 0.000000000000000E+000)
 rho_net(12,6,3,1) = (0.000000000000000E+000, 0.000000000000000E+000)
 rho_net(12,6,4,1) = (0.000000000000000E+000, 0.000000000000000E+000)
 rho_net(12,6,5,1) = (0.000000000000000E+000, 0.000000000000000E+000)
 rho_net(12,6,6,1) = (1.77463401864611, 0.000000000000000E+000)
 rho_net(12,6,7,1) = (0.000000000000000E+000, 0.000000000000000E+000)
 rho_net(12,6,8,1) = (0.000000000000000E+000, 0.000000000000000E+000)
 rho_net(12,6,9,1) = (0.000000000000000E+000, 0.000000000000000E+000)
 rho_net(12,7,1,1) = (0.000000000000000E+000, 0.000000000000000E+000)
 rho_net(12,7,2,1) = (0.000000000000000E+000, 0.000000000000000E+000)
 rho_net(12,7,3,1) = (0.000000000000000E+000, 0.000000000000000E+000)
 rho_net(12,7,4,1) = (0.000000000000000E+000, 0.000000000000000E+000)
 rho_net(12,7,5,1) = (0.000000000000000E+000, 0.000000000000000E+000)
 rho_net(12,7,6,1) = (0.000000000000000E+000, 0.000000000000000E+000)
 rho_net(12,7,7,1) = (1.77718783192635, 0.000000000000000E+000)
 rho_net(12,7,8,1) = (0.000000000000000E+000, 0.000000000000000E+000)
 rho_net(12,7,9,1) = (0.000000000000000E+000, 0.000000000000000E+000)
 rho_net(12,8,1,1) = (0.000000000000000E+000, 0.000000000000000E+000)
 rho_net(12,8,2,1) = (0.000000000000000E+000, 0.000000000000000E+000)
 rho_net(12,8,3,1) = (0.000000000000000E+000, 0.000000000000000E+000)
 rho_net(12,8,4,1) = (0.000000000000000E+000, 0.000000000000000E+000)
 rho_net(12,8,5,1) = (0.000000000000000E+000, 0.000000000000000E+000)
 rho_net(12,8,6,1) = (0.000000000000000E+000, 0.000000000000000E+000)
 rho_net(12,8,7,1) = (0.000000000000000E+000, 0.000000000000000E+000)
 rho_net(12,8,8,1) = (1.65948617470875, 0.000000000000000E+000)
 rho_net(12,8,9,1) = (0.000000000000000E+000, 0.000000000000000E+000)
 rho_net(12,9,1,1) = (0.000000000000000E+000, 0.000000000000000E+000)
 rho_net(12,9,2,1) = (0.000000000000000E+000, 0.000000000000000E+000)
 rho_net(12,9,3,1) = (0.000000000000000E+000, 0.000000000000000E+000)
 rho_net(12,9,4,1) = (0.000000000000000E+000, 0.000000000000000E+000)
 rho_net(12,9,5,1) = (0.000000000000000E+000, 0.000000000000000E+000)
 rho_net(12,9,6,1) = (0.000000000000000E+000, 0.000000000000000E+000)
 rho_net(12,9,7,1) = (0.000000000000000E+000, 0.000000000000000E+000)
 rho_net(12,9,8,1) = (0.000000000000000E+000, 0.000000000000000E+000)
 rho_net(12,9,9,1) = (1.54533712062435, 0.000000000000000E+000)
 rho_net(13,1,1,1) = (0.515978327183547, 0.000000000000000E+000)
 rho_net(13,1,2,1) = (0.000000000000000E+000, 0.000000000000000E+000)
 rho_net(13,1,3,1) = (0.000000000000000E+000, 0.000000000000000E+000)
 rho_net(13,1,4,1) = (0.000000000000000E+000, 0.000000000000000E+000)
 rho_net(13,1,5,1) = (0.000000000000000E+000, 0.000000000000000E+000)
 rho_net(13,1,6,1) = (0.000000000000000E+000, 0.000000000000000E+000)
 rho_net(13,1,7,1) = (0.000000000000000E+000, 0.000000000000000E+000)
 rho_net(13,1,8,1) = (0.000000000000000E+000, 0.000000000000000E+000)
 rho_net(13,1,9,1) = (0.000000000000000E+000, 0.000000000000000E+000)
 rho_net(13,2,1,1) = (0.000000000000000E+000, 0.000000000000000E+000)
 rho_net(13,2,2,1) = (0.125957323407756, 0.000000000000000E+000)
 rho_net(13,2,3,1) = (0.000000000000000E+000, 0.000000000000000E+000)
 rho_net(13,2,4,1) = (0.000000000000000E+000, 0.000000000000000E+000)
 rho_net(13,2,5,1) = (0.000000000000000E+000, 0.000000000000000E+000)
 rho_net(13,2,6,1) = (0.000000000000000E+000, 0.000000000000000E+000)
 rho_net(13,2,7,1) = (0.000000000000000E+000, 0.000000000000000E+000)
 rho_net(13,2,8,1) = (0.000000000000000E+000, 0.000000000000000E+000)
 rho_net(13,2,9,1) = (0.000000000000000E+000, 0.000000000000000E+000)
 rho_net(13,3,1,1) = (0.000000000000000E+000, 0.000000000000000E+000)
 rho_net(13,3,2,1) = (0.000000000000000E+000, 0.000000000000000E+000)
 rho_net(13,3,3,1) = (0.125307268359092, 0.000000000000000E+000)
 rho_net(13,3,4,1) = (0.000000000000000E+000, 0.000000000000000E+000)
 rho_net(13,3,5,1) = (0.000000000000000E+000, 0.000000000000000E+000)
 rho_net(13,3,6,1) = (0.000000000000000E+000, 0.000000000000000E+000)
 rho_net(13,3,7,1) = (0.000000000000000E+000, 0.000000000000000E+000)
 rho_net(13,3,8,1) = (0.000000000000000E+000, 0.000000000000000E+000)
 rho_net(13,3,9,1) = (0.000000000000000E+000, 0.000000000000000E+000)
 rho_net(13,4,1,1) = (0.000000000000000E+000, 0.000000000000000E+000)
 rho_net(13,4,2,1) = (0.000000000000000E+000, 0.000000000000000E+000)
 rho_net(13,4,3,1) = (0.000000000000000E+000, 0.000000000000000E+000)
 rho_net(13,4,4,1) = (8.495131423453313E-002, 0.000000000000000E+000)
 rho_net(13,4,5,1) = (0.000000000000000E+000, 0.000000000000000E+000)
 rho_net(13,4,6,1) = (0.000000000000000E+000, 0.000000000000000E+000)
 rho_net(13,4,7,1) = (0.000000000000000E+000, 0.000000000000000E+000)
 rho_net(13,4,8,1) = (0.000000000000000E+000, 0.000000000000000E+000)
 rho_net(13,4,9,1) = (0.000000000000000E+000, 0.000000000000000E+000)
 rho_net(13,5,1,1) = (0.000000000000000E+000, 0.000000000000000E+000)
 rho_net(13,5,2,1) = (0.000000000000000E+000, 0.000000000000000E+000)
 rho_net(13,5,3,1) = (0.000000000000000E+000, 0.000000000000000E+000)
 rho_net(13,5,4,1) = (0.000000000000000E+000, 0.000000000000000E+000)
 rho_net(13,5,5,1) = (1.52178672015533, 0.000000000000000E+000)
 rho_net(13,5,6,1) = (0.000000000000000E+000, 0.000000000000000E+000)
 rho_net(13,5,7,1) = (0.000000000000000E+000, 0.000000000000000E+000)
 rho_net(13,5,8,1) = (0.000000000000000E+000, 0.000000000000000E+000)
 rho_net(13,5,9,1) = (0.000000000000000E+000, 0.000000000000000E+000)
 rho_net(13,6,1,1) = (0.000000000000000E+000, 0.000000000000000E+000)
 rho_net(13,6,2,1) = (0.000000000000000E+000, 0.000000000000000E+000)
 rho_net(13,6,3,1) = (0.000000000000000E+000, 0.000000000000000E+000)
 rho_net(13,6,4,1) = (0.000000000000000E+000, 0.000000000000000E+000)
 rho_net(13,6,5,1) = (0.000000000000000E+000, 0.000000000000000E+000)
 rho_net(13,6,6,1) = (1.81214989863368, 0.000000000000000E+000)
 rho_net(13,6,7,1) = (0.000000000000000E+000, 0.000000000000000E+000)
 rho_net(13,6,8,1) = (0.000000000000000E+000, 0.000000000000000E+000)
 rho_net(13,6,9,1) = (0.000000000000000E+000, 0.000000000000000E+000)
 rho_net(13,7,1,1) = (0.000000000000000E+000, 0.000000000000000E+000)
 rho_net(13,7,2,1) = (0.000000000000000E+000, 0.000000000000000E+000)
 rho_net(13,7,3,1) = (0.000000000000000E+000, 0.000000000000000E+000)
 rho_net(13,7,4,1) = (0.000000000000000E+000, 0.000000000000000E+000)
 rho_net(13,7,5,1) = (0.000000000000000E+000, 0.000000000000000E+000)
 rho_net(13,7,6,1) = (0.000000000000000E+000, 0.000000000000000E+000)
 rho_net(13,7,7,1) = (1.81154853661331, 0.000000000000000E+000)
 rho_net(13,7,8,1) = (0.000000000000000E+000, 0.000000000000000E+000)
 rho_net(13,7,9,1) = (0.000000000000000E+000, 0.000000000000000E+000)
 rho_net(13,8,1,1) = (0.000000000000000E+000, 0.000000000000000E+000)
 rho_net(13,8,2,1) = (0.000000000000000E+000, 0.000000000000000E+000)
 rho_net(13,8,3,1) = (0.000000000000000E+000, 0.000000000000000E+000)
 rho_net(13,8,4,1) = (0.000000000000000E+000, 0.000000000000000E+000)
 rho_net(13,8,5,1) = (0.000000000000000E+000, 0.000000000000000E+000)
 rho_net(13,8,6,1) = (0.000000000000000E+000, 0.000000000000000E+000)
 rho_net(13,8,7,1) = (0.000000000000000E+000, 0.000000000000000E+000)
 rho_net(13,8,8,1) = (1.52999242889215, 0.000000000000000E+000)
 rho_net(13,8,9,1) = (0.000000000000000E+000, 0.000000000000000E+000)
 rho_net(13,9,1,1) = (0.000000000000000E+000, 0.000000000000000E+000)
 rho_net(13,9,2,1) = (0.000000000000000E+000, 0.000000000000000E+000)
 rho_net(13,9,3,1) = (0.000000000000000E+000, 0.000000000000000E+000)
 rho_net(13,9,4,1) = (0.000000000000000E+000, 0.000000000000000E+000)
 rho_net(13,9,5,1) = (0.000000000000000E+000, 0.000000000000000E+000)
 rho_net(13,9,6,1) = (0.000000000000000E+000, 0.000000000000000E+000)
 rho_net(13,9,7,1) = (0.000000000000000E+000, 0.000000000000000E+000)
 rho_net(13,9,8,1) = (0.000000000000000E+000, 0.000000000000000E+000)
 rho_net(13,9,9,1) = (1.77380081262835, 0.000000000000000E+000)
 /
