 @#dos of site           1 p(n) p(x) p(y) p(z) px(n) px(x) px(y) px(z) py(n) py(x) py(y) py(z) pz(n) pz(x) pz(y) pz(z)
-10.000000000000000 1.2747663775034694E-084 6.8924575260975138E-103 0.0000000000000000 -1.5087433564926030E-098 4.2492212583448739E-085 9.6959387353773603E-103 0.0000000000000000 1.0572633369361044E-099 4.2492212583448745E-085 3.6442281535689759E-103 0.0000000000000000 1.2001367608463887E-099 0.0000000000000000 0.0000000000000000 0.0000000000000000 0.0000000000000000
-9.9000000000000004 1.2747663775034694E-084 6.8924575260975138E-103 0.0000000000000000 -1.5087433564926030E-098 4.2492212583448739E-085 9.6959387353773603E-103 0.0000000000000000 1.0572633369361044E-099 4.2492212583448745E-085 3.6442281535689759E-103 0.0000000000000000 1.2001367608463887E-099 0.0000000000000000 0.0000000000000000 0.0000000000000000 0.0000000000000000
-9.8000000000000007 1.2747663775034694E-084 6.8924575260975138E-103 0.0000000000000000 -1.5087433564926030E-098 4.2492212583448739E-085 9.6959387353773603E-103 0.0000000000000000 1.0572633369361044E-099 4.2492212583448745E-085 3.6442281535689759E-103 0.0000000000000000 1.2001367608463887E-099 0.0000000000000000 0.0000000000000000 0.0000000000000000 0.0000000000000000
-9.6999999999999993 1.2747663775034694E-084 6.8924575260975138E-103 0.0000000000000000 -1.5087433564926030E-098 4.2492212583448739E-085 9.6959387353773603E-103 0.0000000000000000 1.0572633369361044E-099 4.2492212583448745E-085 3.6442281535689759E-103 0.0000000000000000 1.2001367608463887E-099 0.0000000000000000 0.0000000000000000 0.0000000000000000 0.0000000000000000
-9.5999999999999996 1.2747663775034694E-084 6.8924575260975138E-103 0.0000000000000000 -1.5087433564926030E-098 4.2492212583448739E-085 9.6959387353773603E-103 0.0000000000000000 1.0572633369361044E-099 4.2492212583448745E-085 3.6442281535689759E-103 0.0000000000000000 1.2001367608463887E-099 0.0000000000000000 0.0000000000000000 0.0000000000000000 0.0000000000000000
-9.5000000000000000 1.2747663775034694E-084 6.8924575260975138E-103 0.0000000000000000 -1.5087433564926030E-098 4.2492212583448739E-085 9.6959387353773603E-103 0.0000000000000000 1.0572633369361044E-099 4.2492212583448745E-085 3.6442281535689759E-103 0.0000000000000000 1.2001367608463887E-099 0.0000000000000000 0.0000000000000000 0.0000000000000000 0.0000000000000000
-9.4000000000000004 1.2747663775034694E-084 6.8924575260975138E-103 0.0000000000000000 -1.5087433564926030E-098 4.2492212583448739E-085 9.6959387353773603E-103 0.0000000000000000 1.0572633369361044E-099 4.2492212583448745E-085 3.6442281535689759E-103 0.0000000000000000 1.2001367608463887E-099 0.0000000000000000 0.0000000000000000 0.0000000000000000 0.0000000000000000
-9.3000000000000007 1.2747663775034694E-084 6.8924575260975138E-103 0.0000000000000000 -1.5087433564926030E-098 4.2492212583448739E-085 9.6959387353773603E-103 0.0000000000000000 1.0572633369361044E-099 4.2492212583448745E-085 3.6442281535689759E-103 0.0000000000000000 1.2001367608463887E-099 0.0000000000000000 0.0000000000000000 0.0000000000000000 0.0000000000000000
-9.1999999999999993 1.2747663775034694E-084 6.8924575260975138E-103 0.0000000000000000 -1.5087433564926030E-098 4.2492212583448739E-085 9.6959387353773603E-103 0.0000000000000000 1.0572633369361044E-099 4.2492212583448745E-085 3.6442281535689759E-103 0.0000000000000000 1.2001367608463887E-099 0.0000000000000000 0.0000000000000000 0.0000000000000000 0.0000000000000000
-9.0999999999999996 1.2747663775034694E-084 6.8924575260975138E-103 0.0000000000000000 -1.5087433564926030E-098 4.2492212583448739E-085 9.6959387353773603E-103 0.0000000000000000 1.0572633369361044E-099 4.2492212583448745E-085 3.6442281535689759E-103 0.0000000000000000 1.2001367608463887E-099 0.0000000000000000 0.0000000000000000 0.0000000000000000 0.0000000000000000
-9.0000000000000000 1.2747663775034694E-084 6.8924575260975138E-103 0.0000000000000000 -1.5087433564926030E-098 4.2492212583448739E-085 9.6959387353773603E-103 0.0000000000000000 1.0572633369361044E-099 4.2492212583448745E-085 3.6442281535689759E-103 0.0000000000000000 1.2001367608463887E-099 0.0000000000000000 0.0000000000000000 0.0000000000000000 0.0000000000000000
-8.9000000000000004 1.2747663775034694E-084 6.8924575260975138E-103 0.0000000000000000 -1.5087433564926030E-098 4.2492212583448739E-085 9.6959387353773603E-103 0.0000000000000000 1.0572633369361044E-099 4.2492212583448745E-085 3.6442281535689759E-103 0.0000000000000000 1.2001367608463887E-099 0.0000000000000000 0.0000000000000000 0.0000000000000000 0.0000000000000000
-8.8000000000000007 1.2747663775034694E-084 6.8924575260975138E-103 0.0000000000000000 -1.5087433564926030E-098 4.2492212583448739E-085 9.6959387353773603E-103 0.0000000000000000 1.0572633369361044E-099 4.2492212583448745E-085 3.6442281535689759E-103 0.0000000000000000 1.2001367608463887E-099 0.0000000000000000 0.0000000000000000 0.0000000000000000 0.0000000000000000
-8.6999999999999993 1.2747663775034694E-084 6.8924575260975138E-103 0.0000000000000000 -1.5087433564926030E-098 4.2492212583448739E-085 9.6959387353773603E-103 0.0000000000000000 1.0572633369361044E-099 4.2492212583448745E-085 3.6442281535689759E-103 0.0000000000000000 1.2001367608463887E-099 0.0000000000000000 0.0000000000000000 0.0000000000000000 0.0000000000000000
-8.5999999999999996 1.2747663775034694E-084 6.8924575260975138E-103 0.0000000000000000 -1.5087433564926030E-098 4.2492212583448739E-085 9.6959387353773603E-103 0.0000000000000000 1.0572633369361044E-099 4.2492212583448745E-085 3.6442281535689759E-103 0.0000000000000000 1.2001367608463887E-099 0.0000000000000000 0.0000000000000000 0.0000000000000000 0.0000000000000000
-8.5000000000000000 1.2747663775034694E-084 6.8924575260975138E-103 0.0000000000000000 -1.5087433564926030E-098 4.2492212583448739E-085 9.6959387353773603E-103 0.0000000000000000 1.0572633369361044E-099 4.2492212583448745E-085 3.6442281535689759E-103 0.0000000000000000 1.2001367608463887E-099 0.0000000000000000 0.0000000000000000 0.0000000000000000 0.0000000000000000
-8.4000000000000004 1.2747663775034694E-084 6.8924575260975138E-103 0.0000000000000000 -1.5087433564926030E-098 4.2492212583448739E-085 9.6959387353773603E-103 0.0000000000000000 1.0572633369361044E-099 4.2492212583448745E-085 3.6442281535689759E-103 0.0000000000000000 1.2001367608463887E-099 0.0000000000000000 0.0000000000000000 0.0000000000000000 0.0000000000000000
-8.3000000000000007 1.2747663775034694E-084 6.8924575260975138E-103 0.0000000000000000 -1.5087433564926030E-098 4.2492212583448739E-085 9.6959387353773603E-103 0.0000000000000000 1.0572633369361044E-099 4.2492212583448745E-085 3.6442281535689759E-103 0.0000000000000000 1.2001367608463887E-099 0.0000000000000000 0.0000000000000000 0.0000000000000000 0.0000000000000000
-8.1999999999999993 1.2747663775034694E-084 6.8924575260975138E-103 0.0000000000000000 -1.5087433564926030E-098 4.2492212583448739E-085 9.6959387353773603E-103 0.0000000000000000 1.0572633369361044E-099 4.2492212583448745E-085 3.6442281535689759E-103 0.0000000000000000 1.2001367608463887E-099 0.0000000000000000 0.0000000000000000 0.0000000000000000 0.0000000000000000
-8.0999999999999996 1.2747663775034694E-084 6.8924575260975138E-103 0.0000000000000000 -1.5087433564926030E-098 4.2492212583448739E-085 9.6959387353773603E-103 0.0000000000000000 1.0572633369361044E-099 4.2492212583448745E-085 3.6442281535689759E-103 0.0000000000000000 1.2001367608463887E-099 0.0000000000000000 0.0000000000000000 0.0000000000000000 0.0000000000000000
-8.0000000000000000 1.2747663775034694E-084 6.8924575260975138E-103 0.0000000000000000 -1.5087433564926030E-098 4.2492212583448739E-085 9.6959387353773603E-103 0.0000000000000000 1.0572633369361044E-099 4.2492212583448745E-085 3.6442281535689759E-103 0.0000000000000000 1.2001367608463887E-099 0.0000000000000000 0.0000000000000000 0.0000000000000000 0.0000000000000000
-7.9000000000000004 1.2747663775034694E-084 6.8924575260975138E-103 0.0000000000000000 -1.5087433564926030E-098 4.2492212583448739E-085 9.6959387353773603E-103 0.0000000000000000 1.0572633369361044E-099 4.2492212583448745E-085 3.6442281535689759E-103 0.0000000000000000 1.2001367608463887E-099 0.0000000000000000 0.0000000000000000 0.0000000000000000 0.0000000000000000
-7.7999999999999998 1.2747663775034694E-084 6.8924575260975138E-103 0.0000000000000000 -1.5087433564926030E-098 4.2492212583448739E-085 9.6959387353773603E-103 0.0000000000000000 1.0572633369361044E-099 4.2492212583448745E-085 3.6442281535689759E-103 0.0000000000000000 1.2001367608463887E-099 0.0000000000000000 0.0000000000000000 0.0000000000000000 0.0000000000000000
-7.6999999999999993 1.2747663775034694E-084 6.8924575260975138E-103 0.0000000000000000 -1.5087433564926030E-098 4.2492212583448739E-085 9.6959387353773603E-103 0.0000000000000000 1.0572633369361044E-099 4.2492212583448745E-085 3.6442281535689759E-103 0.0000000000000000 1.2001367608463887E-099 0.0000000000000000 0.0000000000000000 0.0000000000000000 0.0000000000000000
-7.5999999999999996 1.2747663775034694E-084 6.8924575260975138E-103 0.0000000000000000 -1.5087433564926030E-098 4.2492212583448739E-085 9.6959387353773603E-103 0.0000000000000000 1.0572633369361044E-099 4.2492212583448745E-085 3.6442281535689759E-103 0.0000000000000000 1.2001367608463887E-099 0.0000000000000000 0.0000000000000000 0.0000000000000000 0.0000000000000000
-7.5000000000000000 1.2747663775034694E-084 6.8924575260975138E-103 0.0000000000000000 -1.5087433564926030E-098 4.2492212583448739E-085 9.6959387353773603E-103 0.0000000000000000 1.0572633369361044E-099 4.2492212583448745E-085 3.6442281535689759E-103 0.0000000000000000 1.2001367608463887E-099 0.0000000000000000 0.0000000000000000 0.0000000000000000 0.0000000000000000
-7.4000000000000004 1.2747663775034694E-084 6.8924575260975138E-103 0.0000000000000000 -1.5087433564926030E-098 4.2492212583448739E-085 9.6959387353773603E-103 0.0000000000000000 1.0572633369361044E-099 4.2492212583448745E-085 3.6442281535689759E-103 0.0000000000000000 1.2001367608463887E-099 0.0000000000000000 0.0000000000000000 0.0000000000000000 0.0000000000000000
-7.2999999999999998 1.2747663775034694E-084 6.8924575260975138E-103 0.0000000000000000 -1.5087433564926030E-098 4.2492212583448739E-085 9.6959387353773603E-103 0.0000000000000000 1.0572633369361044E-099 4.2492212583448745E-085 3.6442281535689759E-103 0.0000000000000000 1.2001367608463887E-099 0.0000000000000000 0.0000000000000000 0.0000000000000000 0.0000000000000000
-7.1999999999999993 1.1009145168048459E-084 9.9118368858810375E-102 0.0000000000000000 -1.7385184266097656E-085 3.6696974015302244E-085 -2.4147552365441344E-102 0.0000000000000000 -5.7952381181355009E-086 3.6696974015306490E-085 -1.1491699447120070E-101 -0.0000000000000000 -5.7952381181312462E-086 0.0000000000000000 0.0000000000000000 0.0000000000000000 0.0000000000000000
-7.0999999999999996 -7.2924086456516263E-074 3.8703384498525625E-090 0.0000000000000000 -7.2924078178891650E-074 -2.4308718573249265E-074 -1.4216328604953406E-090 0.0000000000000000 -2.4308716448451139E-074 -2.4308718573232523E-074 -4.9692568189419344E-090 -0.0000000000000000 -2.4308716448434397E-074 0.0000000000000000 0.0000000000000000 0.0000000000000000 0.0000000000000000
-7.0000000000000000 -4.0567075975664475E-063 2.1530693243258436E-079 0.0000000000000000 -4.0567070088909272E-063 -1.3522714156668504E-063 -7.9084106548927741E-080 0.0000000000000000 -1.3522712547336932E-063 -1.3522714156660146E-063 -2.7643512616458201E-079 -0.0000000000000000 -1.3522712547328574E-063 0.0000000000000000 0.0000000000000000 0.0000000000000000 0.0000000000000000
-6.9000000000000004 -2.9932018232145384E-053 1.5886450118564704E-069 0.0000000000000000 -2.9932009888550512E-053 -9.9775808994408219E-054 -5.8351284247081125E-070 0.0000000000000000 -9.9775783786561338E-054 -9.9775808994349382E-054 -2.0396448113457697E-069 -0.0000000000000000 -9.9775783786502501E-054 0.0000000000000000 0.0000000000000000 0.0000000000000000 0.0000000000000000
-6.7999999999999998 -2.9292602338793107E-044 1.5547343429535567E-060 0.0000000000000000 -2.9292577609504708E-044 -9.7644167419948065E-045 -5.7104546962552440E-061 0.0000000000000000 -9.7644087538121047E-045 -9.7644167419898804E-045 -1.9960678033548646E-060 -0.0000000000000000 -9.7644087538071786E-045 0.0000000000000000 0.0000000000000000 0.0000000000000000 0.0000000000000000
-6.6999999999999993 -3.8022430330496715E-036 2.0181291212257363E-052 0.0000000000000000 -3.8022307257919115E-036 -1.2674397329401157E-036 -7.4122218868629364E-053 0.0000000000000000 -1.2674356636413993E-036 -1.2674397329395214E-036 -2.5909260283405420E-052 -0.0000000000000000 -1.2674356636408049E-036 0.0000000000000000 0.0000000000000000 0.0000000000000000 0.0000000000000000
-6.5999999999999996 -6.5461060059263175E-029 3.4747024365064667E-045 0.0000000000000000 -6.5460185460093310E-029 -2.1820744935022200E-029 -1.2760766012799707E-045 0.0000000000000000 -2.1820453974313641E-029 -2.1820744935013140E-029 -4.4605850670116164E-045 -0.0000000000000000 -2.1820453974304580E-029 0.0000000000000000 0.0000000000000000 0.0000000000000000 0.0000000000000000
-6.5000000000000000 -1.4948336432280386E-022 7.9362439643965572E-039 0.0000000000000000 -1.4947496399296031E-022 -4.9828578339449090E-023 -2.9135787408658763E-039 0.0000000000000000 -4.9825779554863402E-023 -4.9828578339430859E-023 -1.0185391343786232E-038 -0.0000000000000000 -4.9825779554845182E-023 0.0000000000000000 0.0000000000000000 0.0000000000000000 0.0000000000000000
-6.4000000000000004 -4.5278529384805300E-017 2.4058269318617923E-033 0.0000000000000000 -4.5267779257668742E-017 -1.5093050978293694E-017 -8.8201501586531111E-034 0.0000000000000000 -1.5089468024724130E-017 -1.5093050978289031E-017 -3.0844576820251663E-033 -0.0000000000000000 -1.5089468024719474E-017 0.0000000000000000 0.0000000000000000 0.0000000000000000 0.0000000000000000
-6.2999999999999998 -1.8196105932424818E-012 9.7007893027694862E-029 0.0000000000000000 -1.8177839310783948E-012 -6.0654394799568535E-013 -3.5359423199768687E-029 0.0000000000000000 -6.0593508060097021E-013 -6.0654394799552682E-013 -1.2383735943287724E-028 -0.0000000000000000 -6.0593508060081208E-013 0.0000000000000000 0.0000000000000000 0.0000000000000000 0.0000000000000000
-6.1999999999999993 -9.7109432525910632E-009 5.2500986761260711E-025 0.0000000000000000 -9.6697645072305207E-009 -3.2370120601138207E-009 -1.8676660318147572E-025 0.0000000000000000 -3.2232859756086915E-009 -3.2370120601131511E-009 -6.5824572481116537E-025 -0.0000000000000000 -3.2232859756080302E-009 0.0000000000000000 0.0000000000000000 0.0000000000000000 0.0000000000000000
-6.0999999999999996 -6.9097978006823180E-006 3.9533319036757278E-022 0.0000000000000000 -6.7866650115677967E-006 -2.3032829930168628E-006 -1.2710116124620912E-022 0.0000000000000000 -2.2622389846249342E-006 -2.3032829930165054E-006 -4.6045718989462928E-022 -0.0000000000000000 -2.2622389846245954E-006 0.0000000000000000 0.0000000000000000 0.0000000000000000 0.0000000000000000
-6.0000000000000000 -6.6633190362717421E-004 4.6694586396160004E-020 0.0000000000000000 -6.1749590501315233E-004 -2.2211176615019509E-004 -9.9751969256003863E-021 0.0000000000000000 -2.0583316580139827E-004 -2.2211176615017107E-004 -4.1285309400834996E-020 -0.0000000000000000 -2.0583316580137962E-004 0.0000000000000000 0.0000000000000000 0.0000000000000000 0.0000000000000000
-5.8999999999999995 -9.2650953331277486E-003 1.0875202081418882E-018 0.0000000000000000 -6.6960755098931166E-003 -3.0883728635766414E-003 -2.2043540308079349E-020 0.0000000000000000 -2.2320352631278496E-003 -3.0883728635764307E-003 -4.1464079338553993E-019 -0.0000000000000000 -2.2320352631278115E-003 0.0000000000000000 0.0000000000000000 0.0000000000000000 0.0000000000000000
-5.7999999999999998 -2.2123179479096929E-002 5.3150665315242058E-018 0.0000000000000000 -4.1983628581234115E-003 -7.3743938437843826E-003 6.7165994151833734E-019 0.0000000000000000 -1.3994646565880717E-003 -7.3743938437841952E-003 -5.3160131047023042E-021 -0.0000000000000000 -1.3994646565883145E-003 0.0000000000000000 0.0000000000000000 0.0000000000000000 0.0000000000000000
-5.7000000000000002 -1.1301392762338566E-002 2.1254815906858247E-018 0.0000000000000000 5.2854829575440260E-003 -3.7671295167862958E-003 2.6948993147481781E-019 0.0000000000000000 1.7618259022469727E-003 -3.7671295167865109E-003 -8.1296656431901019E-019 0.0000000000000000 1.7618259022470733E-003 0.0000000000000000 0.0000000000000000 0.0000000000000000 0.0000000000000000
-5.5999999999999996 -3.5126910763766971E-003 -4.4497460575154983E-017 0.0000000000000000 -1.7098792200453618E-003 -1.1709156692472763E-003 -1.0663485432338384E-017 0.0000000000000000 -5.6998010811385542E-004 -1.1709156692473431E-003 -2.8093790288546682E-017 0.0000000000000000 -5.6998010811379601E-004 0.0000000000000000 0.0000000000000000 0.0000000000000000 0.0000000000000000
-5.5000000000000000 -4.0035816856227322E-003 -1.1483546886029174E-016 0.0000000000000000 -9.0645426161126558E-003 -1.3345689164919387E-003 -2.7193938804195207E-017 0.0000000000000000 -3.0215726370535962E-003 -1.3345689164919381E-003 -7.0966455012387034E-017 0.0000000000000000 -3.0215726370535984E-003 0.0000000000000000 0.0000000000000000 0.0000000000000000 0.0000000000000000
-5.3999999999999995 5.3697492226245265E-003 -3.4386356046635226E-017 0.0000000000000000 -9.3806193796901922E-003 1.7899241138695670E-003 -6.4087269811456893E-018 0.0000000000000000 -3.1269043338214698E-003 1.7899241138695805E-003 -1.8568226722611617E-017 0.0000000000000000 -3.1269043338214763E-003 0.0000000000000000 0.0000000000000000 0.0000000000000000 0.0000000000000000
-5.2999999999999998 1.4488535876718152E-002 2.4572015378552918E-017 -0.0000000000000000 8.7571698872168906E-003 4.8296069873278030E-003 1.4765350830797604E-017 -0.0000000000000000 2.9191342346766352E-003 4.8296069873279166E-003 1.3959184442182389E-017 -0.0000000000000000 2.9191342346767389E-003 0.0000000000000000 0.0000000000000000 0.0000000000000000 0.0000000000000000
-5.1999999999999993 8.2009509236777564E-002 1.5915265733957695E-016 -0.0000000000000000 7.3180131311437260E-002 2.7336393813991597E-002 9.4569296385283056E-017 -0.0000000000000000 2.4393289623409087E-002 2.7336393813991954E-002 8.2441431023554300E-017 -0.0000000000000000 2.4393289623409222E-002 0.0000000000000000 0.0000000000000000 0.0000000000000000 0.0000000000000000
-5.0999999999999996 0.14089474547575498 1.0250428795857396E-016 0.0000000000000000 -4.6693128695120684E-003 4.6964115095565327E-002 4.4238182744006510E-017 0.0000000000000000 -1.5569768181647251E-003 4.6964115095566056E-002 4.2952714327483788E-017 -0.0000000000000000 -1.5569768181658734E-003 0.0000000000000000 0.0000000000000000 0.0000000000000000 0.0000000000000000
-5.0000000000000000 0.17244892086627758 -7.1715972747263442E-017 0.0000000000000000 -0.15658891799628280 5.7483088072480391E-002 -8.3551469547529923E-017 0.0000000000000000 -5.2196689644991488E-002 5.7483088072480246E-002 -6.1258143313004435E-017 0.0000000000000000 -5.2196689644991495E-002 0.0000000000000000 0.0000000000000000 0.0000000000000000 0.0000000000000000
-4.8999999999999995 4.9448017024943468E-002 -2.6392420360909181E-017 0.0000000000000000 -4.9203173490932402E-002 1.6482916758160115E-002 -2.8506622028860440E-017 0.0000000000000000 -1.6401301393877989E-002 1.6482916758159442E-002 -2.0811699197484090E-017 0.0000000000000000 -1.6401301393877323E-002 0.0000000000000000 0.0000000000000000 0.0000000000000000 0.0000000000000000
-4.7999999999999998 1.9666980347665675E-003 -1.0640412482412298E-018 0.0000000000000000 -1.9563023786872578E-003 6.5558266024893282E-004 -1.1652980334777449E-018 0.0000000000000000 -6.5211704342906483E-004 6.5558266024888013E-004 -8.3256636100320085E-019 0.0000000000000000 -6.5211704342901214E-004 0.0000000000000000 0.0000000000000000 0.0000000000000000 0.0000000000000000
-4.6999999999999993 1.5238723218195466E-003 1.3357913714975445E-018 -0.0000000000000000 1.5031843174936818E-003 5.0796927173079221E-004 2.7219878375935243E-019 0.0000000000000000 5.0107242873430433E-004 5.0796927173078885E-004 1.9475804643998744E-020 0.0000000000000000 5.0107242873430183E-004 0.0000000000000000 0.0000000000000000 0.0000000000000000 0.0000000000000000
-4.5999999999999996 6.1898710531485282E-002 5.3738089431523472E-017 -0.0000000000000000 6.1898430900631241E-002 2.0633155553693678E-002 1.1282638061380777E-017 0.0000000000000000 2.0633038084609891E-002 2.0633155553693588E-002 8.0737686682506175E-019 0.0000000000000000 2.0633038084609801E-002 0.0000000000000000 0.0000000000000000 0.0000000000000000 0.0000000000000000
-4.5000000000000000 0.35294131810868773 2.5196157252919413E-016 -0.0000000000000000 0.35259891287936024 0.11764787954289596 4.9063157463542991E-017 0.0000000000000000 0.11753361305948151 0.11764787954289568 -1.0554335621604612E-017 0.0000000000000000 0.11753361305948126 0.0000000000000000 0.0000000000000000 0.0000000000000000 0.0000000000000000
-4.3999999999999995 0.36201468851335883 -1.0454189549519670E-017 0.0000000000000000 0.32372623057979744 0.12067079877840757 -2.3380193418074651E-017 0.0000000000000000 0.10790805121078619 0.12067079877840720 -8.3837237320606746E-017 0.0000000000000000 0.10790805121078645 0.0000000000000000 0.0000000000000000 0.0000000000000000 0.0000000000000000
-4.2999999999999998 0.38951011022663129 -2.4403520297231779E-016 0.0000000000000000 -0.19610203326072903 0.12983363888255742 -9.8137662096185115E-019 0.0000000000000000 -6.5368466672799080E-002 0.12983363888255789 -6.3548559791064549E-017 0.0000000000000000 -6.5368466672799552E-002 0.0000000000000000 0.0000000000000000 0.0000000000000000 0.0000000000000000
-4.1999999999999993 0.83938505148750675 8.8436221404712193E-018 0.0000000000000000 -0.43169555059363707 0.27980166193694828 1.1749051172504570E-016 0.0000000000000000 -0.14389197977043117 0.27980166193695394 1.2474652472401557E-016 -0.0000000000000000 -0.14389197977043477 0.0000000000000000 0.0000000000000000 0.0000000000000000 0.0000000000000000
-4.0999999999999996 0.80418917832880310 3.9534762989209333E-016 -0.0000000000000000 0.39149214971285190 0.26806558742642522 1.4956945471033095E-016 -0.0000000000000000 0.13049611826746688 0.26806558742642161 2.6966350268200943E-016 -0.0000000000000000 0.13049611826747171 0.0000000000000000 0.0000000000000000 0.0000000000000000 0.0000000000000000
-4.0000000000000000 0.62360750012324040 -3.0140238059945786E-017 0.0000000000000000 0.55992872965818319 0.20786634439264925 -7.3508192610467955E-017 -0.0000000000000000 0.18664066174215774 0.20786634439264789 -1.9074950361595329E-017 0.0000000000000000 0.18664066174215860 0.0000000000000000 0.0000000000000000 0.0000000000000000 0.0000000000000000
-3.8999999999999995 0.73782631783477948 -2.8077532838880283E-016 0.0000000000000000 6.0362382327873332E-002 0.24592613595016707 -1.4646078454709629E-016 0.0000000000000000 2.0113685459026448E-002 0.24592613595016580 -1.9820634493221677E-016 0.0000000000000000 2.0113685459026115E-002 0.0000000000000000 0.0000000000000000 0.0000000000000000 0.0000000000000000
-3.7999999999999998 0.76348348342480676 -3.2794405234715521E-016 0.0000000000000000 -0.66073648625528913 0.25449355672066021 -9.3846380131811555E-017 0.0000000000000000 -0.22025176389265436 0.25449355672066054 -2.1924198477032026E-016 0.0000000000000000 -0.22025176389265508 0.0000000000000000 0.0000000000000000 0.0000000000000000 0.0000000000000000
-3.6999999999999993 0.21278692800269589 -8.7390455685067720E-017 0.0000000000000000 -0.21098768968214698 7.0932576844397813E-002 -2.1264635963455070E-017 0.0000000000000000 -7.0333003682089931E-002 7.0932576844398312E-002 -5.3646718997252297E-017 0.0000000000000000 -7.0333003682090459E-002 0.0000000000000000 0.0000000000000000 0.0000000000000000 0.0000000000000000
-3.5999999999999996 0.29813731295252616 1.4095280831793984E-016 0.0000000000000000 -0.29574995429428458 9.9374920990439333E-002 8.3064707550781198E-017 0.0000000000000000 -9.8578916029377808E-002 9.9374920990439083E-002 5.6354004609916257E-017 0.0000000000000000 -9.8578916029377558E-002 0.0000000000000000 0.0000000000000000 0.0000000000000000 0.0000000000000000
-3.5000000000000000 0.89993715068186464 4.9142280815408510E-016 0.0000000000000000 -0.77021517289545660 0.29998329859480460 2.7071498552260921E-016 0.0000000000000000 -0.25673609740973818 0.29998329859480383 1.8652300470044819E-016 0.0000000000000000 -0.25673609740973774 0.0000000000000000 0.0000000000000000 0.0000000000000000 0.0000000000000000
-3.3999999999999995 0.86629539460040395 7.0598655984704390E-016 -0.0000000000000000 0.22757958866944317 0.28879166521034039 2.4166252036301920E-016 0.0000000000000000 7.5874071750681935E-002 0.28879166521033922 1.8438745817428033E-016 -0.0000000000000000 7.5874071750680824E-002 0.0000000000000000 0.0000000000000000 0.0000000000000000 0.0000000000000000
-3.2999999999999998 1.5649809551436704 1.1924210605904044E-015 -0.0000000000000000 1.5325830360959161 0.52172848252479331 7.1699967850493156E-016 -0.0000000000000000 0.51092682050280736 0.52172848252478987 2.4681137184671422E-016 0.0000000000000000 0.51092682050280391 0.0000000000000000 0.0000000000000000 0.0000000000000000 0.0000000000000000
-3.1999999999999993 2.2962816565647888 1.5563485016805242E-015 -0.0000000000000000 2.2960614030853916 0.76538295272279189 1.3420872825077839E-015 -0.0000000000000000 0.76530831584887216 0.76538295272279189 4.4551815443207569E-016 -0.0000000000000000 0.76530831584887216 0.0000000000000000 0.0000000000000000 0.0000000000000000 0.0000000000000000
-3.0999999999999996 1.5943585365398716 1.1310364385682916E-015 -0.0000000000000000 1.5942859089581749 0.53145979028993551 3.9198406570580669E-016 -0.0000000000000000 0.53143423289559244 0.53145979028993662 5.9364811769047385E-016 -0.0000000000000000 0.53143423289559377 0.0000000000000000 0.0000000000000000 0.0000000000000000 0.0000000000000000
-3.0000000000000000 1.4851704046392853 1.2231598179103070E-015 -0.0000000000000000 1.4662949291583103 0.49498868827083375 4.9437070700979766E-017 0.0000000000000000 0.48869805549561374 0.49498868827083475 7.3444369795481665E-016 -0.0000000000000000 0.48869805549561551 0.0000000000000000 0.0000000000000000 0.0000000000000000 0.0000000000000000
-2.8999999999999995 1.0522913269540695 1.1474357993640835E-017 -0.0000000000000000 0.26800027643385249 0.35071974177932008 -5.0458149226939237E-017 0.0000000000000000 8.9337815990232466E-002 0.35071974177931203 8.5008215890458709E-017 0.0000000000000000 8.9337815990244374E-002 0.0000000000000000 0.0000000000000000 0.0000000000000000 0.0000000000000000
-2.7999999999999998 2.9881430905586521 -1.0972469790216922E-015 0.0000000000000000 -1.3944092346231383 0.99606519193765009 -9.4739327298648835E-016 0.0000000000000000 -0.46471038365620310 0.99606519193763143 -1.8135690524629482E-016 0.0000000000000000 -0.46471038365618733 0.0000000000000000 0.0000000000000000 0.0000000000000000 0.0000000000000000
-2.6999999999999993 3.3764033290049627 -8.1917743858116473E-016 0.0000000000000000 -0.35095203903655636 1.1255557989078111 -8.8539901904346191E-016 0.0000000000000000 -0.11700409567267678 1.1255557989078333 -1.0219732640886658E-017 0.0000000000000000 -0.11700409567270142 0.0000000000000000 0.0000000000000000 0.0000000000000000 0.0000000000000000
-2.5999999999999996 3.3652741200671006 -3.8893237440800343E-016 -0.0000000000000000 0.83267269124321852 1.1218676633648579 -1.3233080943610662E-016 0.0000000000000000 0.27764002421526507 1.1218676633648734 5.9699275524412539E-017 0.0000000000000000 0.27764002421526485 0.0000000000000000 0.0000000000000000 0.0000000000000000 0.0000000000000000
-2.5000000000000000 2.5699502215213341 5.7309092233703183E-016 -0.0000000000000000 1.1575636125817601 0.85681587629316869 3.6860643123831218E-016 0.0000000000000000 0.38599455348839717 0.85681587629316835 7.1296536645627773E-017 0.0000000000000000 0.38599455348840100 0.0000000000000000 0.0000000000000000 0.0000000000000000 0.0000000000000000
-2.3999999999999995 2.1814647304689014 3.5068058694878571E-016 -0.0000000000000000 1.2991381446540817 0.72728994955381043 3.8549337638314144E-016 -0.0000000000000000 0.43328411076717910 0.72728994955379589 -6.0011437280019925E-017 -0.0000000000000000 0.43328411076717233 0.0000000000000000 0.0000000000000000 0.0000000000000000 0.0000000000000000
-2.2999999999999998 5.3551813436572893 -3.6153674353594806E-016 0.0000000000000000 0.69338173273631876 1.7856383307045456 3.8235151942353843E-016 0.0000000000000000 0.23186446055549126 1.7856383307045360 -5.2626495826088582E-016 0.0000000000000000 0.23186446055549426 0.0000000000000000 0.0000000000000000 0.0000000000000000 0.0000000000000000
-2.1999999999999993 5.1157574066401192 -6.2783352599995325E-017 0.0000000000000000 1.3493734234956776 1.7041680986145327 3.7389558951107996E-016 0.0000000000000000 0.44844023824314150 1.7041680986145438 -3.9009594166035751E-016 0.0000000000000000 0.44844023824313750 0.0000000000000000 0.0000000000000000 0.0000000000000000 0.0000000000000000
-2.0999999999999996 1.8549344760410769 -1.4115025855071649E-016 0.0000000000000000 1.1977854234261671 0.61799889136769837 4.0821935583169085E-017 0.0000000000000000 0.39891942301981809 0.61799889136770203 -1.0380694249973974E-016 -0.0000000000000000 0.39891942301981753 0.0000000000000000 0.0000000000000000 0.0000000000000000 0.0000000000000000
-2.0000000000000000 1.3216149196720106 -1.5885389811160987E-016 0.0000000000000000 -0.48025326547978880 0.44082559798915871 4.5678084511439956E-017 0.0000000000000000 -0.15971016494199958 0.44082559798915855 -9.7473292332384408E-017 -0.0000000000000000 -0.15971016494199866 0.0000000000000000 0.0000000000000000 0.0000000000000000 0.0000000000000000
-1.9000000000000004 1.4374650460077065 -3.1225081681295594E-016 0.0000000000000000 -0.39097744267851631 0.47964826230589452 4.7863059025826393E-017 0.0000000000000000 -0.12985561471039642 0.47964826230588842 -7.6915776182375142E-017 -0.0000000000000000 -0.12985561471039073 0.0000000000000000 0.0000000000000000 0.0000000000000000 0.0000000000000000
-1.7999999999999989 1.6607024850310541 -7.5506188017925498E-016 0.0000000000000000 0.67465695395083980 0.55254329441668348 -1.9499668250438727E-017 0.0000000000000000 0.22396900215542867 0.55254329441667660 1.1271085318198885E-016 0.0000000000000000 0.22396900215543675 0.0000000000000000 0.0000000000000000 0.0000000000000000 0.0000000000000000
-1.6999999999999993 1.9139371351264947 -4.6667951610119856E-016 -0.0000000000000000 0.72871568840449374 0.63693734860384321 1.5552129084308363E-016 0.0000000000000000 0.24258486801099766 0.63693734860385787 2.2530742877741408E-016 0.0000000000000000 0.24258486801098428 0.0000000000000000 0.0000000000000000 0.0000000000000000 0.0000000000000000
-1.5999999999999996 2.6422935071732154 -6.0600977505264838E-016 -0.0000000000000000 -0.87550887895145924 0.88028487269547206 -6.5233691861374225E-016 0.0000000000000000 -0.29153727739706425 0.88028487269547617 -1.7809206529200566E-016 -0.0000000000000000 -0.29153727739707008 0.0000000000000000 0.0000000000000000 0.0000000000000000 0.0000000000000000
-1.5000000000000000 3.9749026430030643 -1.5263320892497658E-015 -0.0000000000000000 -1.9108350432708046 1.3251063507634910 -1.1240626959503313E-015 -0.0000000000000000 -0.63775892839132908 1.3251063507634893 -1.0626129967261669E-015 -0.0000000000000000 -0.63775892839133186 0.0000000000000000 0.0000000000000000 0.0000000000000000 0.0000000000000000
-1.4000000000000004 5.4060449762673040 -2.3996099574632319E-015 -0.0000000000000000 -3.6898918060269077 1.8030898854200270 -8.2509308536533194E-016 -0.0000000000000000 -1.2304103010491092 1.8030898854200270 -1.6113619041722617E-015 -0.0000000000000000 -1.2304103010491048 0.0000000000000000 0.0000000000000000 0.0000000000000000 0.0000000000000000
-1.2999999999999989 3.7523019191161371 -1.3917921688554761E-015 -0.0000000000000000 -1.8001371439552456 1.2506128505621597 -3.0701626225315033E-016 0.0000000000000000 -0.60001814714530366 1.2506128505621565 -5.1236540814656550E-016 -0.0000000000000000 -0.60001814714530233 0.0000000000000000 0.0000000000000000 0.0000000000000000 0.0000000000000000
-1.1999999999999993 1.6433121919068108 -3.4795807971147914E-016 -0.0000000000000000 0.45076042349689904 0.54812089467126979 2.1132150545730978E-017 0.0000000000000000 0.15118602073854751 0.54812089467126790 -1.0323486253249704E-016 -0.0000000000000000 0.15118602073854684 0.0000000000000000 0.0000000000000000 0.0000000000000000 0.0000000000000000
-1.0999999999999996 3.2323573885077757 5.7783200488526679E-016 0.0000000000000000 -0.64513402145204823 1.0768714030118214 4.5477144252202700E-016 -0.0000000000000000 -0.21535774909330013 1.0768714030118223 4.6641866127223613E-017 -0.0000000000000000 -0.21535774909330324 0.0000000000000000 0.0000000000000000 0.0000000000000000 0.0000000000000000
-1.0000000000000000 6.1341401888629363 1.7788430219356309E-015 0.0000000000000000 -0.50884476556134706 2.0446723414336265 6.4604058753372620E-016 -0.0000000000000000 -0.16999315911020418 2.0446723414336243 7.3583391759424960E-016 0.0000000000000000 -0.16999315911020352 0.0000000000000000 0.0000000000000000 0.0000000000000000 0.0000000000000000
-0.90000000000000036 7.2439038361941765 1.3615552751367459E-015 0.0000000000000000 2.8164440966834010 2.4158040435345631 -1.6915511900146762E-016 -0.0000000000000000 0.94098015792383038 2.4158040435345631 8.0108712700210639E-016 0.0000000000000000 0.94098015792383494 0.0000000000000000 0.0000000000000000 0.0000000000000000 0.0000000000000000
-0.79999999999999893 4.0762477444018970 -2.2259937779787291E-016 -0.0000000000000000 2.3863923188671263 1.3573965019702148 -6.1084680136569714E-016 -0.0000000000000000 0.79515794588791522 1.3573965019702205 6.2103606012760086E-016 -0.0000000000000000 0.79515794588791777 0.0000000000000000 0.0000000000000000 0.0000000000000000 0.0000000000000000
-0.69999999999999929 2.7862853925903259 -3.0219098150824141E-016 -0.0000000000000000 1.8245819221251995 0.92976887465277147 -7.8216356426354019E-016 0.0000000000000000 0.60966933730258321 0.92976887465277014 1.2107607532665585E-015 -0.0000000000000000 0.60966933730258477 0.0000000000000000 0.0000000000000000 0.0000000000000000 0.0000000000000000
-0.59999999999999964 3.8075581600060682 5.9950874424291242E-016 -0.0000000000000000 -1.4370011381882410 1.2756283869500347 3.2029280351000486E-016 0.0000000000000000 -0.48272202699915062 1.2756283869500307 -1.0179032096380158E-015 0.0000000000000000 -0.48272202699915034 0.0000000000000000 0.0000000000000000 0.0000000000000000 0.0000000000000000
-0.50000000000000000 3.4686746365435401 8.6384358664198281E-016 -0.0000000000000000 -2.9349747622025704 1.1526193326739236 9.9034414566614992E-016 -0.0000000000000000 -0.97728548775143231 1.1526193326739227 -1.1367859778510514E-015 0.0000000000000000 -0.97728548775143098 0.0000000000000000 0.0000000000000000 0.0000000000000000 0.0000000000000000
-0.39999999999999858 3.3120439120497491 -4.4640727432890162E-016 -0.0000000000000000 -1.2218641532478629 1.1011795625229226 -3.2687848467490704E-017 -0.0000000000000000 -0.40305020016957915 1.1011795625229233 -5.1498247940345854E-016 0.0000000000000000 -0.40305020016958060 0.0000000000000000 0.0000000000000000 0.0000000000000000 0.0000000000000000
-0.29999999999999893 4.2955258184359710 -1.0810541844634223E-015 -0.0000000000000000 -1.3160494132173368 1.4319624335947305 -2.8692709045674977E-016 -0.0000000000000000 -0.44102489378355197 1.4319624335947279 -2.6146191840029679E-016 0.0000000000000000 -0.44102489378354948 0.0000000000000000 0.0000000000000000 0.0000000000000000 0.0000000000000000
-0.19999999999999929 4.1834414930910135 2.2860549755094788E-017 -0.0000000000000000 -0.88335197733941562 1.3966948005736621 2.2082148998382294E-016 0.0000000000000000 -0.29783924561702502 1.3966948005736592 -1.2491244654134541E-016 0.0000000000000000 -0.29783924561702180 0.0000000000000000 0.0000000000000000 0.0000000000000000 0.0000000000000000
-9.9999999999999645E-002 4.6986999753728309 5.1738198707909752E-016 -0.0000000000000000 0.21022974062009858 1.5668937213627405 5.3012014000729568E-016 -0.0000000000000000 7.2499863719525992E-002 1.5668937213627401 -1.3661341673891902E-016 0.0000000000000000 7.2499863719522550E-002 0.0000000000000000 0.0000000000000000 0.0000000000000000 0.0000000000000000
0.0000000000000000 2.8694072765030194 2.5024826026233815E-016 -0.0000000000000000 0.62905649163985777 0.95672099655260967 -1.3023876716216381E-017 -0.0000000000000000 0.20807179115016516 0.95672099655261134 1.5720287651344014E-016 -0.0000000000000000 0.20807179115016233 0.0000000000000000 0.0000000000000000 0.0000000000000000 0.0000000000000000
0.10000000000000142 1.2812796733591205 8.0920973089614006E-017 -0.0000000000000000 -0.46652353756401299 0.42573031042355686 5.6789877919905315E-017 -0.0000000000000000 -0.15523688037741928 0.42573031042355880 -1.7423338196973929E-017 -0.0000000000000000 -0.15523688037741767 0.0000000000000000 0.0000000000000000 0.0000000000000000 0.0000000000000000
0.20000000000000107 1.2973229168281588 1.1158841892824006E-016 -0.0000000000000000 -1.2531173866002245 0.43221961796021086 -1.0155452064119958E-017 -0.0000000000000000 -0.41788651989837938 0.43221961796021247 -8.2648042859424520E-017 0.0000000000000000 -0.41788651989838022 0.0000000000000000 0.0000000000000000 0.0000000000000000 0.0000000000000000
0.30000000000000071 1.3961172285055548 1.0413320227549748E-016 0.0000000000000000 -1.0294116570772895 0.46678556880017130 -5.2663568770171075E-017 -0.0000000000000000 -0.34439886558791888 0.46678556880017097 4.9560025848588677E-018 0.0000000000000000 -0.34439886558791932 0.0000000000000000 0.0000000000000000 0.0000000000000000 0.0000000000000000
0.40000000000000036 2.2766107086321696 1.0887618270575130E-016 0.0000000000000000 -0.16308727099434450 0.75953339282820709 2.2277645894319765E-016 0.0000000000000000 -5.4876420557907868E-002 0.75953339282820509 -9.6271074709561223E-017 0.0000000000000000 -5.4876420557907479E-002 0.0000000000000000 0.0000000000000000 0.0000000000000000 0.0000000000000000
0.50000000000000000 2.7709421970419594 -5.2649697745962327E-016 0.0000000000000000 -0.12566147478631318 0.92290262023262093 -1.9479626307846481E-016 0.0000000000000000 -3.4922528509912343E-002 0.92290262023261782 -2.4786735557978309E-016 -0.0000000000000000 -3.4922528509909345E-002 0.0000000000000000 0.0000000000000000 0.0000000000000000 0.0000000000000000
0.60000000000000142 3.1570427301351787 -1.0408245564654276E-016 0.0000000000000000 -1.8593735109170353 1.0540332855836956 -1.1401317579927059E-016 0.0000000000000000 -0.62516590508769498 1.0540332855836949 1.9012565061541069E-016 -0.0000000000000000 -0.62516590508769398 0.0000000000000000 0.0000000000000000 0.0000000000000000 0.0000000000000000
0.70000000000000107 3.5218758614526502 -2.8590834804916404E-016 0.0000000000000000 -2.8193912267668599 1.1723753754533048 -4.0786330476189090E-016 0.0000000000000000 -0.93831440322191750 1.1723753754533071 2.3734540808423289E-016 -0.0000000000000000 -0.93831440322191928 0.0000000000000000 0.0000000000000000 0.0000000000000000 0.0000000000000000
0.80000000000000071 2.9581627841424938 6.7843781475898232E-016 -0.0000000000000000 -2.6584298061670211 0.98127709047785516 -3.3542505291900393E-017 -0.0000000000000000 -0.87874311015804141 0.98127709047785472 4.3972529578887787E-016 0.0000000000000000 -0.87874311015804141 0.0000000000000000 0.0000000000000000 0.0000000000000000 0.0000000000000000
0.90000000000000036 2.2231924815915409 1.1622309984719297E-015 -0.0000000000000000 -2.0416250359200534 0.73529677547079519 1.4018244356717049E-016 -0.0000000000000000 -0.67553023582202532 0.73529677547079353 4.7077613781325621E-016 0.0000000000000000 -0.67553023582202254 0.0000000000000000 0.0000000000000000 0.0000000000000000 0.0000000000000000
1.0000000000000000 2.0259310556444761 9.2811385383928831E-016 0.0000000000000000 -1.4862759113156634 0.68010956120544896 4.7188587386984948E-016 -0.0000000000000000 -0.50179180037121596 0.68010956120545141 3.4087671577638756E-016 0.0000000000000000 -0.50179180037121662 0.0000000000000000 0.0000000000000000 0.0000000000000000 0.0000000000000000
1.1000000000000014 3.7726447255355340 -3.7704110201073955E-016 -0.0000000000000000 -2.3621052999445733 1.2607832454610628 6.9726552265700108E-017 0.0000000000000000 -0.79296181278197841 1.2607832454610592 1.0346308661275539E-016 -0.0000000000000000 -0.79296181278197497 0.0000000000000000 0.0000000000000000 0.0000000000000000 0.0000000000000000
1.2000000000000011 3.2929376553505363 -3.9024998228336852E-016 -0.0000000000000000 -1.2426612439497062 1.0974141250590050 -4.3687278917043794E-016 -0.0000000000000000 -0.41671392809443136 1.0974141250590059 5.9694190666712800E-016 -0.0000000000000000 -0.41671392809443225 0.0000000000000000 0.0000000000000000 0.0000000000000000 0.0000000000000000
1.3000000000000007 2.7452290602095144 -2.9056511920011374E-015 0.0000000000000000 -0.89671538264492545 0.91571967767405438 -1.8439459586289576E-015 -0.0000000000000000 -0.29670409119974145 0.91571967767405471 5.7107337696832255E-016 0.0000000000000000 -0.29670409119974084 0.0000000000000000 0.0000000000000000 0.0000000000000000 0.0000000000000000
1.4000000000000004 5.9647234408421532 1.6337991404878907E-015 -0.0000000000000000 -4.0292157827486843 1.9844599281964894 -1.6149279029976762E-016 -0.0000000000000000 -1.3419090920544992 1.9844599281964912 6.0141366550659600E-016 0.0000000000000000 -1.3419090920544983 0.0000000000000000 0.0000000000000000 0.0000000000000000 0.0000000000000000
1.5000000000000000 5.0346307807862667 8.7516505548476339E-016 0.0000000000000000 -3.1368180554838649 1.6813428224440683 4.5383791056335937E-016 0.0000000000000000 -1.0469513490577800 1.6813428224440705 -8.6799833618782436E-016 -0.0000000000000000 -1.0469513490577818 0.0000000000000000 0.0000000000000000 0.0000000000000000 0.0000000000000000
1.6000000000000014 3.3267881710235181 -3.6779458059861547E-015 0.0000000000000000 -1.6612385322890932 1.1095874683620082 -1.0363511637127409E-016 0.0000000000000000 -0.55355563718108280 1.1095874683620146 -2.0279671293491931E-015 -0.0000000000000000 -0.55355563718108991 0.0000000000000000 0.0000000000000000 0.0000000000000000 0.0000000000000000
1.7000000000000011 3.7954911029912899 1.4124443802054909E-015 -0.0000000000000000 -3.3019008645778105 1.2650840951544187 -3.5099647729855236E-016 0.0000000000000000 -1.1006228035952115 1.2650840951544149 3.7386679039089210E-016 0.0000000000000000 -1.1006228035952077 0.0000000000000000 0.0000000000000000 0.0000000000000000 0.0000000000000000
1.8000000000000007 1.4539032781265147 1.9417764447683845E-015 0.0000000000000000 -1.3896428512536314 0.48378778459399446 7.0061694957429012E-017 -0.0000000000000000 -0.46273421579301249 0.48378778459399163 8.5716430833640903E-016 0.0000000000000000 -0.46273421579300977 0.0000000000000000 0.0000000000000000 0.0000000000000000 0.0000000000000000
1.9000000000000004 0.12982395723802265 3.0740086940856580E-016 0.0000000000000000 -0.12321533756788589 4.3366446105667346E-002 7.2176636965049493E-017 0.0000000000000000 -4.1889431906987636E-002 4.3366446105667228E-002 7.8949042572706949E-017 -0.0000000000000000 -4.1889431906987476E-002 0.0000000000000000 0.0000000000000000 0.0000000000000000 0.0000000000000000
2.0000000000000000 6.4652571248074983E-002 1.5590292230261112E-016 0.0000000000000000 4.1896991241535786E-002 2.0906476007372787E-002 4.5495655560597339E-017 0.0000000000000000 1.2686329470656548E-002 2.0906476007373880E-002 1.7531193627542847E-017 0.0000000000000000 1.2686329470657969E-002 0.0000000000000000 0.0000000000000000 0.0000000000000000 0.0000000000000000
2.1000000000000014 0.76563321770479309 7.9035417321221000E-016 0.0000000000000000 -0.22940148965000062 0.25425027088051383 3.0464886339210992E-016 -0.0000000000000000 -7.5750369948397470E-002 0.25425027088051477 1.6840515557752348E-016 0.0000000000000000 -7.5750369948396234E-002 0.0000000000000000 0.0000000000000000 0.0000000000000000 0.0000000000000000
2.2000000000000011 3.3621970733920294 2.3036057750131361E-015 0.0000000000000000 -0.90880685315673926 1.1197163465639000 1.2081477043295413E-015 0.0000000000000000 -0.30186100249986253 1.1197163465639011 6.3446971008456568E-016 0.0000000000000000 -0.30186100249986053 0.0000000000000000 0.0000000000000000 0.0000000000000000 0.0000000000000000
2.3000000000000007 3.2820358289293092 8.8748703587989328E-016 0.0000000000000000 0.33073828689660978 1.0958384038548947 7.0344767958358246E-016 0.0000000000000000 0.11088563096989262 1.0958384038548923 3.1542658684238159E-016 0.0000000000000000 0.11088563096989029 0.0000000000000000 0.0000000000000000 0.0000000000000000 0.0000000000000000
2.4000000000000004 1.8320042910769785 2.2274829218193565E-016 -0.0000000000000000 -0.90137217782811785 0.61134079943656416 2.9663751518562225E-016 0.0000000000000000 -0.30024541483418710 0.61134079943656194 -1.0152717019068162E-016 -0.0000000000000000 -0.30024541483418943 0.0000000000000000 0.0000000000000000 0.0000000000000000 0.0000000000000000
2.5000000000000000 1.8193420179078896 6.1071447541071116E-017 -0.0000000000000000 0.18663280030095397 0.60665066791054012 2.8911947885621377E-017 0.0000000000000000 6.1671683680680434E-002 0.60665066791053812 -2.0720659927831090E-017 -0.0000000000000000 6.1671683680679101E-002 0.0000000000000000 0.0000000000000000 0.0000000000000000 0.0000000000000000
2.6000000000000014 3.1189685919498293 -2.3414686121309957E-015 -0.0000000000000000 2.9963475607187258 1.0395593850821057 -8.6240415597262370E-016 -0.0000000000000000 0.99857703659644170 1.0395593850821070 -5.7022405018076914E-016 0.0000000000000000 0.99857703659644304 0.0000000000000000 0.0000000000000000 0.0000000000000000 0.0000000000000000
2.7000000000000011 2.9573983900852361 -2.2865363233214461E-015 -0.0000000000000000 2.9979024364054179 0.98588329473681691 -7.6757070889194372E-016 -0.0000000000000000 0.99946990186480866 0.98588329473681879 -6.2656189731431055E-016 -0.0000000000000000 0.99946990186481077 0.0000000000000000 0.0000000000000000 0.0000000000000000 0.0000000000000000
2.8000000000000007 2.3283230377900606 -3.7962631168411715E-016 0.0000000000000000 2.3281942778783935 0.77599017987297025 -8.5950636767045697E-017 0.0000000000000000 0.77593871796184155 0.77599017987297114 -1.4571330444092397E-016 -0.0000000000000000 0.77593871796184244 0.0000000000000000 0.0000000000000000 0.0000000000000000 0.0000000000000000
2.9000000000000004 1.8877129917192781 -1.5460246523610463E-016 0.0000000000000000 1.8302540287868212 0.62817573380930836 4.6410946883312845E-017 0.0000000000000000 0.60849943475701296 0.62817573380930902 -1.2182832528711239E-016 0.0000000000000000 0.60849943475701296 0.0000000000000000 0.0000000000000000 0.0000000000000000 0.0000000000000000
3.0000000000000000 3.0829969761135936 -4.6307714742866227E-017 0.0000000000000000 3.0075870761645036 1.0280876207445722 3.9708353995865885E-016 -0.0000000000000000 1.0024138641591531 1.0280876207445733 -2.1191747900765889E-016 0.0000000000000000 1.0024138641591542 0.0000000000000000 0.0000000000000000 0.0000000000000000 0.0000000000000000
3.1000000000000014 1.9465712296332665 -1.2942631670310187E-016 -0.0000000000000000 1.8011454956271924 0.65023397670886118 2.6224224750287864E-016 0.0000000000000000 0.60089215440354260 0.65023397670885197 -1.1180834903756764E-017 0.0000000000000000 0.60089215440353361 0.0000000000000000 0.0000000000000000 0.0000000000000000 0.0000000000000000
3.2000000000000011 1.5019997885664171 2.5134538039468888E-017 -0.0000000000000000 1.1679347483178724 0.50052695694708538 2.6623674900301151E-017 0.0000000000000000 0.38828514058581415 0.50052695694708527 1.2922382288914889E-016 -0.0000000000000000 0.38828514058581431 0.0000000000000000 0.0000000000000000 0.0000000000000000 0.0000000000000000
3.3000000000000007 0.68769343555764106 1.9875799307866282E-016 -0.0000000000000000 0.18657170984490301 0.23047283819298431 1.1295060129866111E-016 0.0000000000000000 6.1919107580327468E-002 0.23047283819298853 5.1059998883175792E-017 -0.0000000000000000 6.1919107580331520E-002 0.0000000000000000 0.0000000000000000 0.0000000000000000 0.0000000000000000
3.4000000000000004 0.44714644895169153 1.3836743390706890E-016 0.0000000000000000 -0.34446062618384754 0.14921321464980328 1.0925818998979509E-016 0.0000000000000000 -0.11468132814378136 0.14921321464980278 1.6449526380336369E-017 0.0000000000000000 -0.11468132814378110 0.0000000000000000 0.0000000000000000 0.0000000000000000 0.0000000000000000
3.5000000000000000 1.3008649069947549 -6.4609205975517240E-017 0.0000000000000000 -0.17949639794531924 0.43308481931980436 -2.7499117355934538E-017 0.0000000000000000 -5.8626869187349356E-002 0.43308481931979903 2.9805365780995734E-017 0.0000000000000000 -5.8626869187354796E-002 0.0000000000000000 0.0000000000000000 0.0000000000000000 0.0000000000000000
3.6000000000000014 2.4404309617729822 4.8980100961895120E-018 0.0000000000000000 1.0044737168670390 0.81430891370262781 -8.9624126200853385E-017 0.0000000000000000 0.33562714154272921 0.81430891370262781 1.3228898283006659E-016 0.0000000000000000 0.33562714154273032 0.0000000000000000 0.0000000000000000 0.0000000000000000 0.0000000000000000
3.7000000000000011 2.2175280431974169 6.5047677793581199E-016 0.0000000000000000 0.94245221751385677 0.73829919540874756 6.6290396158541578E-017 -0.0000000000000000 0.31414387744473016 0.73829919540875499 3.1653095599409921E-016 0.0000000000000000 0.31414387744473782 0.0000000000000000 0.0000000000000000 0.0000000000000000 0.0000000000000000
3.8000000000000007 2.5605122417379222 6.1115620790477454E-016 -0.0000000000000000 -0.19555518179010312 0.85173688172644813 6.1899668360136993E-017 -0.0000000000000000 -6.4554465051854859E-002 0.85173688172644613 3.0214261265122911E-016 -0.0000000000000000 -6.4554465051857080E-002 0.0000000000000000 0.0000000000000000 0.0000000000000000 0.0000000000000000
3.9000000000000004 1.5893820529121947 -9.9212706197708378E-016 -0.0000000000000000 -1.2005466114189294 0.52983360340688657 -3.7030318650378734E-016 0.0000000000000000 -0.40109109623047834 0.52983360340688679 -1.0223441039120015E-016 -0.0000000000000000 -0.40109109623048067 0.0000000000000000 0.0000000000000000 0.0000000000000000 0.0000000000000000
4.0000000000000000 1.0401054090865329 -4.2392931086819702E-015 -0.0000000000000000 -0.89350063271216629 0.34554086557356573 -1.8252374167204016E-015 0.0000000000000000 -0.29951292610223240 0.34554086557356856 -6.8962905289405012E-016 -0.0000000000000000 -0.29951292610223457 0.0000000000000000 0.0000000000000000 0.0000000000000000 0.0000000000000000
4.1000000000000014 2.2545404564156222 -1.2073999382900902E-015 -0.0000000000000000 -1.2217694141980484E-003 0.75299936892622621 -7.4388889823419693E-016 0.0000000000000000 1.5740724253254790E-003 0.75299936892622954 -3.8081330759132462E-016 -0.0000000000000000 1.5740724253276994E-003 0.0000000000000000 0.0000000000000000 0.0000000000000000 0.0000000000000000
4.2000000000000011 5.9230468014596651 1.9372761587196224E-015 -0.0000000000000000 4.6151703630428562 1.9778093312628477 8.6299443611236037E-016 0.0000000000000000 1.5412686379789429 1.9778093312628471 1.5075153582053136E-016 0.0000000000000000 1.5412686379789458 0.0000000000000000 0.0000000000000000 0.0000000000000000 0.0000000000000000
4.3000000000000007 4.4341180304932823 7.0552381143773428E-016 -0.0000000000000000 4.0661412689209353 1.4757004610269486 4.6734026425219316E-016 0.0000000000000000 1.3527107331581998 1.4757004610269457 2.1379280995287991E-016 0.0000000000000000 1.3527107331581987 0.0000000000000000 0.0000000000000000 0.0000000000000000 0.0000000000000000
4.4000000000000004 1.3205422105605646 6.5089145688925279E-016 0.0000000000000000 1.2685352957212115 0.43952766484722461 3.6504504812435697E-016 0.0000000000000000 0.42218131298408412 0.43952766484722117 3.0717131024497009E-016 0.0000000000000000 0.42218131298408079 0.0000000000000000 0.0000000000000000 0.0000000000000000 0.0000000000000000
4.5000000000000000 2.8940946386034265 2.5696107915374436E-015 0.0000000000000000 2.8099251565611989 0.96471866727317912 1.2716915041901188E-015 0.0000000000000000 0.93669645641421839 0.96471866727317579 1.1079230787104549E-015 0.0000000000000000 0.93669645641421528 0.0000000000000000 0.0000000000000000 0.0000000000000000 0.0000000000000000
4.6000000000000014 2.8535077814572491 1.4586607298552099E-015 -0.0000000000000000 2.3111837660603407 0.95125449756154612 6.5430459410504161E-016 0.0000000000000000 0.77039370955251940 0.95125449756154978 5.8783522661895535E-016 -0.0000000000000000 0.77039370955252395 0.0000000000000000 0.0000000000000000 0.0000000000000000 0.0000000000000000
4.7000000000000011 6.4250946036535499 1.8951803773835036E-016 -0.0000000000000000 4.8079189756134681 2.1415060598793998 9.9262551578217727E-017 0.0000000000000000 1.6025350886484475 2.1415060598793971 -1.4953653883321698E-016 -0.0000000000000000 1.6025350886484462 0.0000000000000000 0.0000000000000000 0.0000000000000000 0.0000000000000000
4.8000000000000007 5.9315281870121934 2.0199144666007479E-016 0.0000000000000000 1.8354479495082865 1.9769356985501831 3.2906916493718696E-017 0.0000000000000000 0.61229999900172072 1.9769356985501836 -5.0406877440181045E-017 -0.0000000000000000 0.61229999900172738 0.0000000000000000 0.0000000000000000 0.0000000000000000 0.0000000000000000
4.9000000000000004 3.8262076417908508 2.9916371428873455E-016 0.0000000000000000 -1.0117115135311952 1.2752601428463879 7.0124337710283115E-017 0.0000000000000000 -0.33698461238760913 1.2752601428463854 1.6216115273580368E-016 0.0000000000000000 -0.33698461238760369 0.0000000000000000 0.0000000000000000 0.0000000000000000 0.0000000000000000
5.0000000000000000 2.8498689508168624 9.9224306530213527E-017 -0.0000000000000000 0.56009017326771771 0.95029126393572749 6.6009639177797620E-017 0.0000000000000000 0.18631544028255781 0.95029126393573038 7.8433810299936112E-017 0.0000000000000000 0.18631544028255348 0.0000000000000000 0.0000000000000000 0.0000000000000000 0.0000000000000000
5.1000000000000014 0.71619376899554488 -5.3361926697300691E-017 -0.0000000000000000 1.0925607884789301E-002 0.23882553267153034 2.6387745993624379E-017 -0.0000000000000000 3.5115900668708927E-003 0.23882553267153289 -3.4969768724109680E-017 0.0000000000000000 3.5115900668678951E-003 0.0000000000000000 0.0000000000000000 0.0000000000000000 0.0000000000000000
5.2000000000000011 1.2697629863771924 -2.4940027593761840E-016 0.0000000000000000 -1.2491041042527380 0.42318070895825782 3.7491504660267850E-017 -0.0000000000000000 -0.41629708360718937 0.42318070895825960 -2.2957835020512077E-016 0.0000000000000000 -0.41629708360719114 0.0000000000000000 0.0000000000000000 0.0000000000000000 0.0000000000000000
5.3000000000000007 2.3516169695617997 -2.8498354688943970E-016 0.0000000000000000 -2.3434834494373948 0.78366396607356492 4.1161566071822725E-018 -0.0000000000000000 -0.78094980127895020 0.78366396607356470 -2.6229465601212877E-016 0.0000000000000000 -0.78094980127894931 0.0000000000000000 0.0000000000000000 0.0000000000000000 0.0000000000000000
5.4000000000000004 2.7696453035141864 6.6768346155209567E-016 0.0000000000000000 -2.4133292142388245 0.92292231279445347 2.8079819827837860E-016 0.0000000000000000 -0.80405330893499771 0.92292231279445114 2.0982522821860197E-016 0.0000000000000000 -0.80405330893498561 0.0000000000000000 0.0000000000000000 0.0000000000000000 0.0000000000000000
5.5000000000000000 4.1002083615808305 9.2408711094955041E-016 -0.0000000000000000 -0.20313097661923796 1.3672064882416470 3.9076509768861539E-016 -0.0000000000000000 -6.7920872887899719E-002 1.3672064882416621 4.4670140651983568E-016 0.0000000000000000 -6.7920872887898165E-002 0.0000000000000000 0.0000000000000000 0.0000000000000000 0.0000000000000000
5.6000000000000014 6.7612499165231963 3.4024921738467140E-016 -0.0000000000000000 3.4155534931145244 2.2539033633720442 -1.0097670346631647E-016 -0.0000000000000000 1.1383240608491163 2.2539033633720442 3.0299336490039133E-016 0.0000000000000000 1.1383240608491034 0.0000000000000000 0.0000000000000000 0.0000000000000000 0.0000000000000000
5.7000000000000011 3.4734153928925764 -2.2429515244073190E-016 -0.0000000000000000 0.88417510803207766 1.1576684291994652 -3.1360516737152184E-016 -0.0000000000000000 0.29464629632044520 1.1576684291994526 -5.6954357079120494E-018 0.0000000000000000 0.29464629632044331 0.0000000000000000 0.0000000000000000 0.0000000000000000 0.0000000000000000
5.8000000000000007 0.70517585849700071 2.8636429790625528E-016 -0.0000000000000000 0.39272188544889336 0.23513875384518468 1.3358786664293088E-016 -0.0000000000000000 0.13101140925556104 0.23513875384517371 1.7958045728598595E-017 0.0000000000000000 0.13101140925555374 0.0000000000000000 0.0000000000000000 0.0000000000000000 0.0000000000000000
5.9000000000000004 2.2787678873003734 1.6949013830095972E-015 -0.0000000000000000 2.0345383700429678 0.75974501963780072 8.7510178283886746E-016 -0.0000000000000000 0.67830754058360421 0.75974501963778751 1.4768324608949996E-016 0.0000000000000000 0.67830754058359588 0.0000000000000000 0.0000000000000000 0.0000000000000000 0.0000000000000000
6.0000000000000000 3.1917467939129667 1.2230886610263467E-015 -0.0000000000000000 6.3380625830373960E-002 1.0638608493721280 5.8903386138172264E-016 -0.0000000000000000 2.0897592206168270E-002 1.0638608493721280 2.8483539373468052E-016 0.0000000000000000 2.0897592206194471E-002 0.0000000000000000 0.0000000000000000 0.0000000000000000 0.0000000000000000
6.1000000000000014 4.9745548260174193 5.3507069602205663E-017 -0.0000000000000000 -1.1578523005969168 1.6582671261861752 3.0248015122108052E-016 -0.0000000000000000 -0.38583504370114008 1.6582671261861788 3.3869462595435425E-016 0.0000000000000000 -0.38583504370115007 0.0000000000000000 0.0000000000000000 0.0000000000000000 0.0000000000000000
6.1999999999999993 5.4873130580536662 -1.8093959692784156E-016 0.0000000000000000 1.4712272038250580 1.8289787089287266 2.1535767110639839E-016 0.0000000000000000 0.49044916046097109 1.8289787089287404 4.0277891062261577E-016 0.0000000000000000 0.49044916046095788 0.0000000000000000 0.0000000000000000 0.0000000000000000 0.0000000000000000
6.3000000000000007 5.5025395281732319 2.9551202213935880E-016 0.0000000000000000 1.7006802641029446 1.8341242498793500 -2.7967888335194655E-016 0.0000000000000000 0.56685104558130983 1.8341242498793573 7.6905785927691935E-016 -0.0000000000000000 0.56685104558131016 0.0000000000000000 0.0000000000000000 0.0000000000000000 0.0000000000000000
6.4000000000000021 2.1690061244218963 9.3154609797232281E-017 0.0000000000000000 0.26415845258508241 0.72302388425901820 -1.2858394347103324E-016 0.0000000000000000 8.7974709988446087E-002 0.72302388425901432 2.3131550460982151E-016 -0.0000000000000000 8.7974709988459909E-002 0.0000000000000000 0.0000000000000000 0.0000000000000000 0.0000000000000000
6.5000000000000000 0.22106026551251937 -3.6008588197641985E-017 0.0000000000000000 -9.6235408305672149E-002 7.3677557574916730E-002 -1.6016757757868379E-017 -0.0000000000000000 -3.2075150564794187E-002 7.3677557574914898E-002 -3.4080370632776774E-018 -0.0000000000000000 -3.2075150564791211E-002 0.0000000000000000 0.0000000000000000 0.0000000000000000 0.0000000000000000
6.6000000000000014 1.8831419448607012 -7.9321586191755111E-016 -0.0000000000000000 -1.6699601074327466 0.62754622456948861 -2.6067777764929995E-016 -0.0000000000000000 -0.55649961563708616 0.62754622456947673 -2.0284067394488181E-016 0.0000000000000000 -0.55649961563706940 0.0000000000000000 0.0000000000000000 0.0000000000000000 0.0000000000000000
6.6999999999999993 6.5211235910010998 -2.2126194648176833E-015 -0.0000000000000000 -4.5091661519655570 2.1735949395593974 -8.9266430618878401E-016 0.0000000000000000 -1.5029978614519859 2.1735949395593979 -5.2562121322097255E-016 0.0000000000000000 -1.5029978614519692 0.0000000000000000 0.0000000000000000 0.0000000000000000 0.0000000000000000
6.8000000000000007 3.9655349646275466 -5.7814233814842270E-016 -0.0000000000000000 -1.4366165315089414 1.3219884094791665 -4.0546196635642476E-016 0.0000000000000000 -0.47897801240126547 1.3219884094791767 -1.3568112562298285E-016 0.0000000000000000 -0.47897801240128962 0.0000000000000000 0.0000000000000000 0.0000000000000000 0.0000000000000000
6.9000000000000021 2.4708935886236971 3.2049455617012899E-016 0.0000000000000000 -1.9756518037851838 0.82358382972567634 -2.6022000928086820E-016 0.0000000000000000 -0.65847169214850720 0.82358382972567001 -7.5667570760594785E-018 0.0000000000000000 -0.65847169214850843 0.0000000000000000 0.0000000000000000 0.0000000000000000 0.0000000000000000
7.0000000000000000 2.9991421351134164 9.9344236884844076E-017 -0.0000000000000000 -1.2521262811843921 0.99984242480168617 -2.9662515737674515E-016 -0.0000000000000000 -0.41740517356510703 0.99984242480169816 -8.1541886524868717E-017 0.0000000000000000 -0.41740517356511297 0.0000000000000000 0.0000000000000000 0.0000000000000000 0.0000000000000000
7.1000000000000014 5.5325602930214375 -3.1425006472168821E-016 -0.0000000000000000 3.5892434440779830E-002 1.8442021716525965 -3.7549999674506829E-016 -0.0000000000000000 1.1972746085660901E-002 1.8442021716526007 -4.2345989579480182E-016 0.0000000000000000 1.1972746085657016E-002 0.0000000000000000 0.0000000000000000 0.0000000000000000 0.0000000000000000
7.1999999999999993 3.7422989353853437 5.0552839538409169E-016 -0.0000000000000000 1.0604265888448867 1.2473832596369849 1.7669047188285812E-016 0.0000000000000000 0.35336908635689201 1.2473832596369796 4.0509655861839813E-017 -0.0000000000000000 0.35336908635688935 0.0000000000000000 0.0000000000000000 0.0000000000000000 0.0000000000000000
7.3000000000000007 3.1874263894881483 1.6736453632497109E-015 -0.0000000000000000 3.0053070062085889 1.0624739889256196 7.1085191870526030E-016 -0.0000000000000000 1.0017584126696877 1.0624739889256196 8.2621816147345371E-016 -0.0000000000000000 1.0017584126696881 0.0000000000000000 0.0000000000000000 0.0000000000000000 0.0000000000000000
7.4000000000000021 1.6600282284253149 4.0583720184796516E-016 -0.0000000000000000 1.6583482157887353 0.55335655111244975 1.6777689807729029E-016 0.0000000000000000 0.55279682975763544 0.55335655111244608 2.5722733590544333E-016 -0.0000000000000000 0.55279682975763178 0.0000000000000000 0.0000000000000000 0.0000000000000000 0.0000000000000000
7.5000000000000000 2.5361790888381286 -4.2302074759476841E-016 0.0000000000000000 2.5356393678961044 0.84538487125662554 -1.6985784625346108E-016 0.0000000000000000 0.84520638095327294 0.84538487125662498 -6.7936080665544681E-017 -0.0000000000000000 0.84520638095327216 0.0000000000000000 0.0000000000000000 0.0000000000000000 0.0000000000000000
7.6000000000000014 1.1807890199660489 -2.1492516137625468E-016 0.0000000000000000 1.1170701333372850 0.39359976398880947 -9.0373551625474425E-017 0.0000000000000000 0.37235521001528127 0.39359976398881569 -4.1546801317759868E-017 -0.0000000000000000 0.37235521001528493 0.0000000000000000 0.0000000000000000 0.0000000000000000 0.0000000000000000
7.6999999999999993 0.63948145470759676 -1.5644771547044659E-016 -0.0000000000000000 -0.49928409669591739 0.21317991112851253 -5.1713875900323486E-017 0.0000000000000000 -0.16644790091178041 0.21317991112852291 -3.8115761810694034E-017 0.0000000000000000 -0.16644790091178951 0.0000000000000000 0.0000000000000000 0.0000000000000000 0.0000000000000000
7.8000000000000007 1.9990255176495486 -2.9072199799859101E-016 0.0000000000000000 -1.9978301481222833 0.66629376769836646 1.0496491391084256E-016 0.0000000000000000 -0.66589755129880612 0.66629376769835791 -1.5128441020311863E-016 0.0000000000000000 -0.66589755129879757 0.0000000000000000 0.0000000000000000 0.0000000000000000 0.0000000000000000
7.9000000000000021 2.6824829360655835 -2.5322913379630449E-017 0.0000000000000000 -2.6823891373169255 0.89413602561536498 7.0126518268941195E-016 0.0000000000000000 -0.89410425837681862 0.89413602561535566 -2.8982924853058125E-016 -0.0000000000000000 -0.89410425837680929 0.0000000000000000 0.0000000000000000 0.0000000000000000 0.0000000000000000
8.0000000000000000 0.90651482912780723 8.9899577159039150E-018 0.0000000000000000 -0.90568835909170564 0.30221484741690824 3.1569783505960749E-016 0.0000000000000000 -0.30193881575857123 0.30221484741691340 -1.2189959475509965E-016 -0.0000000000000000 -0.30193881575857640 0.0000000000000000 0.0000000000000000 0.0000000000000000 0.0000000000000000
8.1000000000000014 0.35533917486727440 -2.5003904383178593E-016 0.0000000000000000 -0.23921086326549948 0.11846527256084860 -3.7301636931184878E-017 0.0000000000000000 -7.9747898831179997E-002 0.11846527256085286 -1.5311017847149976E-016 -0.0000000000000000 -7.9747898831179456E-002 0.0000000000000000 0.0000000000000000 0.0000000000000000 0.0000000000000000
8.1999999999999993 3.0888857263346634 -2.4770360458961638E-015 0.0000000000000000 -0.83778068552847929 1.0296970445607394 -6.2254888744117665E-016 0.0000000000000000 -0.27925130871844633 1.0296970445607654 -9.6139679469373421E-016 -0.0000000000000000 -0.27925130871842668 0.0000000000000000 0.0000000000000000 0.0000000000000000 0.0000000000000000
8.3000000000000007 5.1143586830170200 -3.8925975073475505E-015 0.0000000000000000 0.67432848001333001 1.7047657007185264 -1.0448320810971246E-015 0.0000000000000000 0.22479372582484347 1.7047657007185206 -6.7121940059040874E-016 0.0000000000000000 0.22479372582484458 0.0000000000000000 0.0000000000000000 0.0000000000000000 0.0000000000000000
8.4000000000000021 2.8826878925695247 -5.9495933028320958E-016 0.0000000000000000 -0.84478274431191824 0.96086187828567127 -3.6160514144643885E-016 -0.0000000000000000 -0.28163077502440004 0.96086187828564540 3.4766507024722160E-016 0.0000000000000000 -0.28163077502441902 0.0000000000000000 0.0000000000000000 0.0000000000000000 0.0000000000000000
8.5000000000000000 2.6172905316903581 1.1124168399585452E-015 0.0000000000000000 -0.71341168504199026 0.87244565304972588 1.7152091603610481E-016 -0.0000000000000000 -0.23779560189676918 0.87244565304971566 7.5158705377774107E-016 0.0000000000000000 -0.23779560189678428 0.0000000000000000 0.0000000000000000 0.0000000000000000 0.0000000000000000
8.6000000000000014 4.0366956611550417 3.4718789334716673E-015 -0.0000000000000000 3.5227726486006561 1.3455711312702139 7.6573404534456180E-016 -0.0000000000000000 1.1742694596135208 1.3455711312702179 2.0726615642767034E-015 -0.0000000000000000 1.1742694596135244 0.0000000000000000 0.0000000000000000 0.0000000000000000 0.0000000000000000
8.6999999999999993 4.3922684145528201 5.4948487905392937E-015 -0.0000000000000000 2.9169444934075091 1.4640337940386352 1.3277276321901425E-015 -0.0000000000000000 0.97233101276480383 1.4640337940386501 1.9402706953044354E-015 -0.0000000000000000 0.97233101276483636 0.0000000000000000 0.0000000000000000 0.0000000000000000 0.0000000000000000
8.8000000000000007 4.0098577383341230 5.3720587503167626E-015 -0.0000000000000000 -1.3457861447158113 1.3366057892958909 1.4328191580999430E-015 -0.0000000000000000 -0.44857103098427020 1.3366057892958731 6.7903560800940761E-016 -0.0000000000000000 -0.44857103098427958 0.0000000000000000 0.0000000000000000 0.0000000000000000 0.0000000000000000
8.9000000000000021 1.3991514872470736 1.4988113612907034E-015 0.0000000000000000 -1.1956255824550901 0.46643276828341396 3.7259132248061381E-016 0.0000000000000000 -0.39858817857182272 0.46643276828342284 -1.1163282274154267E-017 0.0000000000000000 -0.39858817857183759 0.0000000000000000 0.0000000000000000 0.0000000000000000 0.0000000000000000
9.0000000000000000 0.10794188924030394 6.0457536446300690E-017 0.0000000000000000 -0.10570004267667323 3.5986370477780874E-002 1.2761231338979435E-017 -0.0000000000000000 -3.5239079537553911E-002 3.5986370477782664E-002 -2.2446067597333189E-017 -0.0000000000000000 -3.5239079537555798E-002 0.0000000000000000 0.0000000000000000 0.0000000000000000 0.0000000000000000
9.1000000000000014 0.73936301821689798 -6.4723081820588715E-016 0.0000000000000000 -0.73933503913921328 0.24643642061928306 -1.5256491090978992E-016 -0.0000000000000000 -0.24642779547008287 0.24643642061928719 -5.3589567600891285E-016 -0.0000000000000000 -0.24642779547008700 0.0000000000000000 0.0000000000000000 0.0000000000000000 0.0000000000000000
9.2000000000000028 3.0852177548112261 -2.6925470392921027E-015 0.0000000000000000 -3.0850968027758068 1.0283881821135199 -4.1807625847998708E-016 -0.0000000000000000 -1.0283507931637703 1.0283881821135230 -2.1727578178796971E-015 -0.0000000000000000 -1.0283507931637734 0.0000000000000000 0.0000000000000000 0.0000000000000000 0.0000000000000000
9.3000000000000007 1.7314083378432334 -1.5187121688618309E-015 0.0000000000000000 -1.7247382413421808 0.57715733596292218 -1.2736137031888471E-016 0.0000000000000000 -0.57493562747108939 0.57715733596291685 -1.1722619126833651E-015 -0.0000000000000000 -0.57493562747108407 0.0000000000000000 0.0000000000000000 0.0000000000000000 0.0000000000000000
9.4000000000000021 0.82000637123254116 -1.1267624017114808E-015 0.0000000000000000 -0.45245842037010142 0.27332704994209717 -4.1350973226740627E-016 0.0000000000000000 -0.15081187204412333 0.27332704994209944 -2.9149477187304477E-016 0.0000000000000000 -0.15081187204412533 0.0000000000000000 0.0000000000000000 0.0000000000000000 0.0000000000000000
9.5000000000000000 3.6289694134119630 -3.4957557952953304E-015 0.0000000000000000 -0.13746246834990128 1.2096457726778853 -1.1101349331985971E-015 -0.0000000000000000 -4.5815407578193246E-002 1.2096457726778889 -8.2239995859872302E-016 0.0000000000000000 -4.5815407578193468E-002 0.0000000000000000 0.0000000000000000 0.0000000000000000 0.0000000000000000
9.6000000000000014 4.2926898106303764 -8.1216229171336659E-016 0.0000000000000000 2.3848882089755992 1.4309076915382588 -2.8483340974599804E-016 -0.0000000000000000 0.79494297911883405 1.4309076915382557 1.2268298314793999E-016 0.0000000000000000 0.79494297911883982 0.0000000000000000 0.0000000000000000 0.0000000000000000 0.0000000000000000
9.7000000000000028 1.7177557847496556 2.9877040781755640E-016 0.0000000000000000 1.5847404587328564 0.57258915622056650 -1.0030347850423699E-016 -0.0000000000000000 0.52824398082225055 0.57258915622056450 3.6779105530596731E-016 0.0000000000000000 0.52824398082224966 0.0000000000000000 0.0000000000000000 0.0000000000000000 0.0000000000000000
9.8000000000000007 0.40922067715747579 3.0911773273297691E-017 -0.0000000000000000 0.39410824233589881 0.13640959619893522 -4.4269565630361746E-017 -0.0000000000000000 0.13137125023986462 0.13640959619893209 8.5831489662931775E-017 0.0000000000000000 0.13137125023986154 0.0000000000000000 0.0000000000000000 0.0000000000000000 0.0000000000000000
9.9000000000000021 0.24330978589098506 -5.5358996181958778E-018 0.0000000000000000 -0.17869059389303021 8.1103448173861142E-002 -4.9267243212060715E-018 -0.0000000000000000 -5.9562848390683099E-002 8.1103448173859657E-002 6.1203749618173835E-018 0.0000000000000000 -5.9562848390682918E-002 0.0000000000000000 0.0000000000000000 0.0000000000000000 0.0000000000000000
 @# EF
   1.917   0.000
   1.917  10.000
