 @#dos of site           1 s(n) s(x) s(y) s(z) p(n) p(x) p(y) p(z) d(n) d(x) d(y) d(z)
-10.000000000000000 4.2492212583448837E-085 -1.6644564606459362E-102 -0.0000000000000000 2.2288254130004362E-099 1.2747663775034694E-084 6.8924575260975138E-103 0.0000000000000000 -1.5087433564926030E-098 2.1246106291724535E-084 8.3268449733207395E-103 0.0000000000000000 2.5602917564722960E-098
-9.9000000000000004 4.2492212583448837E-085 -1.6644564606459362E-102 -0.0000000000000000 2.2288254130004362E-099 1.2747663775034694E-084 6.8924575260975138E-103 0.0000000000000000 -1.5087433564926030E-098 2.1246106291724535E-084 8.3268449733207395E-103 0.0000000000000000 2.5602917564722960E-098
-9.8000000000000007 4.2492212583448837E-085 -1.6644564606459362E-102 -0.0000000000000000 2.2288254130004362E-099 1.2747663775034694E-084 6.8924575260975138E-103 0.0000000000000000 -1.5087433564926030E-098 2.1246106291724535E-084 8.3268449733207395E-103 0.0000000000000000 2.5602917564722960E-098
-9.6999999999999993 4.2492212583448837E-085 -1.6644564606459362E-102 -0.0000000000000000 2.2288254130004362E-099 1.2747663775034694E-084 6.8924575260975138E-103 0.0000000000000000 -1.5087433564926030E-098 2.1246106291724535E-084 8.3268449733207395E-103 0.0000000000000000 2.5602917564722960E-098
-9.5999999999999996 4.2492212583448837E-085 -1.6644564606459362E-102 -0.0000000000000000 2.2288254130004362E-099 1.2747663775034694E-084 6.8924575260975138E-103 0.0000000000000000 -1.5087433564926030E-098 2.1246106291724535E-084 8.3268449733207395E-103 0.0000000000000000 2.5602917564722960E-098
-9.5000000000000000 4.2492212583448837E-085 -1.6644564606459362E-102 -0.0000000000000000 2.2288254130004362E-099 1.2747663775034694E-084 6.8924575260975138E-103 0.0000000000000000 -1.5087433564926030E-098 2.1246106291724535E-084 8.3268449733207395E-103 0.0000000000000000 2.5602917564722960E-098
-9.4000000000000004 4.2492212583448837E-085 -1.6644564606459362E-102 -0.0000000000000000 2.2288254130004362E-099 1.2747663775034694E-084 6.8924575260975138E-103 0.0000000000000000 -1.5087433564926030E-098 2.1246106291724535E-084 8.3268449733207395E-103 0.0000000000000000 2.5602917564722960E-098
-9.3000000000000007 4.2492212583448837E-085 -1.6644564606459362E-102 -0.0000000000000000 2.2288254130004362E-099 1.2747663775034694E-084 6.8924575260975138E-103 0.0000000000000000 -1.5087433564926030E-098 2.1246106291724535E-084 8.3268449733207395E-103 0.0000000000000000 2.5602917564722960E-098
-9.1999999999999993 4.2492212583448837E-085 -1.6644564606459362E-102 -0.0000000000000000 2.2288254130004362E-099 1.2747663775034694E-084 6.8924575260975138E-103 0.0000000000000000 -1.5087433564926030E-098 2.1246106291724535E-084 8.3268449733207395E-103 0.0000000000000000 2.5602917564722960E-098
-9.0999999999999996 4.2492212583448837E-085 -1.6644564606459362E-102 -0.0000000000000000 2.2288254130004362E-099 1.2747663775034694E-084 6.8924575260975138E-103 0.0000000000000000 -1.5087433564926030E-098 2.1246106291724535E-084 8.3268449733207395E-103 0.0000000000000000 2.5602917564722960E-098
-9.0000000000000000 4.2492212583448837E-085 -1.6644564606459362E-102 -0.0000000000000000 2.2288254130004362E-099 1.2747663775034694E-084 6.8924575260975138E-103 0.0000000000000000 -1.5087433564926030E-098 2.1246106291724535E-084 8.3268449733207395E-103 0.0000000000000000 2.5602917564722960E-098
-8.9000000000000004 4.2492212583448837E-085 -1.6644564606459362E-102 -0.0000000000000000 2.2288254130004362E-099 1.2747663775034694E-084 6.8924575260975138E-103 0.0000000000000000 -1.5087433564926030E-098 2.1246106291724535E-084 8.3268449733207395E-103 0.0000000000000000 2.5602917564722960E-098
-8.8000000000000007 4.2492212583448837E-085 -1.6644564606459362E-102 -0.0000000000000000 2.2288254130004362E-099 1.2747663775034694E-084 6.8924575260975138E-103 0.0000000000000000 -1.5087433564926030E-098 2.1246106291724535E-084 8.3268449733207395E-103 0.0000000000000000 2.5602917564722960E-098
-8.6999999999999993 4.2492212583448837E-085 -1.6644564606459362E-102 -0.0000000000000000 2.2288254130004362E-099 1.2747663775034694E-084 6.8924575260975138E-103 0.0000000000000000 -1.5087433564926030E-098 2.1246106291724535E-084 8.3268449733207395E-103 0.0000000000000000 2.5602917564722960E-098
-8.5999999999999996 4.2492212583448837E-085 -1.6644564606459362E-102 -0.0000000000000000 2.2288254130004362E-099 1.2747663775034694E-084 6.8924575260975138E-103 0.0000000000000000 -1.5087433564926030E-098 2.1246106291724535E-084 8.3268449733207395E-103 0.0000000000000000 2.5602917564722960E-098
-8.5000000000000000 4.2492212583448837E-085 -1.6644564606459362E-102 -0.0000000000000000 2.2288254130004362E-099 1.2747663775034694E-084 6.8924575260975138E-103 0.0000000000000000 -1.5087433564926030E-098 2.1246106291724535E-084 8.3268449733207395E-103 0.0000000000000000 2.5602917564722960E-098
-8.4000000000000004 4.2492212583448837E-085 -1.6644564606459362E-102 -0.0000000000000000 2.2288254130004362E-099 1.2747663775034694E-084 6.8924575260975138E-103 0.0000000000000000 -1.5087433564926030E-098 2.1246106291724535E-084 8.3268449733207395E-103 0.0000000000000000 2.5602917564722960E-098
-8.3000000000000007 4.2492212583448837E-085 -1.6644564606459362E-102 -0.0000000000000000 2.2288254130004362E-099 1.2747663775034694E-084 6.8924575260975138E-103 0.0000000000000000 -1.5087433564926030E-098 2.1246106291724535E-084 8.3268449733207395E-103 0.0000000000000000 2.5602917564722960E-098
-8.1999999999999993 4.2492212583448837E-085 -1.6644564606459362E-102 -0.0000000000000000 2.2288254130004362E-099 1.2747663775034694E-084 6.8924575260975138E-103 0.0000000000000000 -1.5087433564926030E-098 2.1246106291724535E-084 8.3268449733207395E-103 0.0000000000000000 2.5602917564722960E-098
-8.0999999999999996 4.2492212583448837E-085 -1.6644564606459362E-102 -0.0000000000000000 2.2288254130004362E-099 1.2747663775034694E-084 6.8924575260975138E-103 0.0000000000000000 -1.5087433564926030E-098 2.1246106291724535E-084 8.3268449733207395E-103 0.0000000000000000 2.5602917564722960E-098
-8.0000000000000000 4.2492212583448837E-085 -1.6644564606459362E-102 -0.0000000000000000 2.2288254130004362E-099 1.2747663775034694E-084 6.8924575260975138E-103 0.0000000000000000 -1.5087433564926030E-098 2.1246106291724535E-084 8.3268449733207395E-103 0.0000000000000000 2.5602917564722960E-098
-7.9000000000000004 4.2492212583448837E-085 -1.6644564606459362E-102 -0.0000000000000000 2.2288254130004362E-099 1.2747663775034694E-084 6.8924575260975138E-103 0.0000000000000000 -1.5087433564926030E-098 2.1246106291724535E-084 8.3268449733207395E-103 0.0000000000000000 2.5602917564722960E-098
-7.7999999999999998 4.2492212583448837E-085 -1.6644564606459362E-102 -0.0000000000000000 2.2288254130004362E-099 1.2747663775034694E-084 6.8924575260975138E-103 0.0000000000000000 -1.5087433564926030E-098 2.1246106291724535E-084 8.3268449733207395E-103 0.0000000000000000 2.5602917564722960E-098
-7.6999999999999993 4.2492212583448837E-085 -1.6644564606459362E-102 -0.0000000000000000 2.2288254130004362E-099 1.2747663775034694E-084 6.8924575260975138E-103 0.0000000000000000 -1.5087433564926030E-098 2.1246106291724535E-084 8.3268449733207395E-103 0.0000000000000000 2.5602917564722960E-098
-7.5999999999999996 4.2492212583448837E-085 -1.6644564606459362E-102 -0.0000000000000000 2.2288254130004362E-099 1.2747663775034694E-084 6.8924575260975138E-103 0.0000000000000000 -1.5087433564926030E-098 2.1246106291724535E-084 8.3268449733207395E-103 0.0000000000000000 2.5602917564722960E-098
-7.5000000000000000 4.2492212583448837E-085 -1.6644564606459362E-102 -0.0000000000000000 2.2288254130004362E-099 1.2747663775034694E-084 6.8924575260975138E-103 0.0000000000000000 -1.5087433564926030E-098 2.1246106291724535E-084 8.3268449733207395E-103 0.0000000000000000 2.5602917564722960E-098
-7.4000000000000004 4.2492212583448837E-085 -1.6644564606459362E-102 -0.0000000000000000 2.2288254130004362E-099 1.2747663775034694E-084 6.8924575260975138E-103 0.0000000000000000 -1.5087433564926030E-098 2.1246106291724535E-084 8.3268449733207395E-103 0.0000000000000000 2.5602917564722960E-098
-7.2999999999999998 4.2492212583448837E-085 -1.6644564606459362E-102 -0.0000000000000000 2.2288254130004362E-099 1.2747663775034694E-084 6.8924575260975138E-103 0.0000000000000000 -1.5087433564926030E-098 2.1246106291724535E-084 8.3268449733207395E-103 0.0000000000000000 2.5602917564722960E-098
-7.1999999999999993 1.1993581385914095E-083 -6.7286651835308879E-100 -0.0000000000000000 1.1568659260079609E-083 1.1009145168048459E-084 9.9118368858810375E-102 0.0000000000000000 -1.7385184266097656E-085 2.1403186985616812E-084 -2.2577904436960499E-102 -0.0000000000000000 1.5705637944550886E-086
-7.0999999999999996 4.8526021278667069E-072 -2.8154675406863777E-088 -0.0000000000000000 4.8526020681198947E-072 -7.2924086456516263E-074 3.8703384498525625E-090 0.0000000000000000 -7.2924078178891650E-074 6.5889234863862605E-075 -1.3008999567338313E-090 -0.0000000000000000 6.5879035486010523E-075
-7.0000000000000000 2.6994630933551736E-061 -1.5662442744701308E-077 -0.0000000000000000 2.6994629527231312E-061 -4.0567075975664475E-063 2.1530693243258436E-079 0.0000000000000000 -4.0567070088909272E-063 3.6653645016774078E-064 -7.2368627351056315E-080 -0.0000000000000000 3.6647970504787715E-064
-6.9000000000000004 1.9917723421367936E-051 -1.1556544894130944E-067 -0.0000000000000000 1.9917719030842823E-051 -2.9932018232145384E-053 1.5886450118564704E-069 0.0000000000000000 -2.9932009888550512E-053 2.7044530929056409E-054 -5.3396952860340987E-070 -0.0000000000000000 2.7040341896992081E-054
-6.7999999999999998 1.9492237041410830E-042 -1.1309827859212579E-058 -0.0000000000000000 1.9492218860810800E-042 -2.9292602338793107E-044 1.5547343429535567E-060 0.0000000000000000 -2.9292577609504708E-044 2.6466795277076795E-045 -5.2256794004925159E-061 -0.0000000000000000 2.6462686846514194E-045
-6.6999999999999993 2.5301352420823890E-034 -1.4680577490667264E-050 -0.0000000000000000 2.5301252568190092E-034 -3.8022430330496715E-036 2.0181291212257363E-052 0.0000000000000000 -3.8022307257919115E-036 3.4354455041221919E-037 -6.7831447021931460E-053 -0.0000000000000000 3.4349073424661392E-037
-6.5999999999999996 4.3559959547526313E-027 -2.5274823939415216E-043 -0.0000000000000000 4.3559232152374372E-027 -6.5461060059263175E-029 3.4747024365064667E-045 0.0000000000000000 -6.5460185460093310E-029 5.9145993532794784E-030 -1.1678562931494334E-045 -0.0000000000000000 5.9136372956835185E-030
-6.5000000000000000 9.9471739462278247E-021 -5.7714569957343570E-037 -0.0000000000000000 9.9464711315141605E-021 -1.4948336432280386E-022 7.9362439643965572E-039 0.0000000000000000 -1.4947496399296031E-022 1.3506144171478164E-023 -2.6671746605055387E-039 -0.0000000000000000 1.3503603933122232E-023
-6.4000000000000004 3.0130710915100368E-015 -1.7478804311294139E-031 -0.0000000000000000 3.0121704108172020E-015 -4.5278529384805300E-017 2.4058269318617923E-033 0.0000000000000000 -4.5267779257668742E-017 4.0908620828100722E-018 -8.0827631533686251E-034 -0.0000000000000000 4.0896526601743110E-018
-6.2999999999999998 1.2109849062428052E-010 -7.0188810903679544E-027 -0.0000000000000000 1.2094539582885228E-010 -1.8196105932424818E-012 9.7007893027694862E-029 0.0000000000000000 -1.8177839310783948E-012 1.6437408189700854E-013 -3.2547428810769749E-029 -0.0000000000000000 1.6425069854847214E-013
-6.1999999999999993 6.4655295327576237E-007 -3.7336561743132802E-023 -0.0000000000000000 6.4310143986072742E-007 -9.7109432525910632E-009 5.2500986761260711E-025 0.0000000000000000 -9.6697645072305207E-009 8.7665869961223908E-010 -1.7516425197717903E-025 -0.0000000000000000 8.7431495513613552E-010
-6.0999999999999996 4.6086371864382050E-004 -2.6201349836839571E-020 -0.0000000000000000 4.5054280201263313E-004 -6.9097978006823180E-006 3.9533319036757278E-022 0.0000000000000000 -6.7866650115677967E-006 6.2206174172795924E-007 -1.2900594170666170E-022 -0.0000000000000000 6.1536282566642784E-007
-6.0000000000000000 4.4761718977146370E-002 -2.3826248938167746E-018 -0.0000000000000000 4.0668296785976180E-002 -6.6633190362717421E-004 4.6694586396160004E-020 0.0000000000000000 -6.1749590501315233E-004 5.9308664387450717E-005 -1.4160823372719207E-020 -0.0000000000000000 5.6680788495351808E-005
-5.8999999999999995 0.63872125163734939 -2.5762567485815836E-017 -0.0000000000000000 0.42338637560176562 -9.2650953331277486E-003 1.0875202081418882E-018 0.0000000000000000 -6.6960755098931166E-003 7.8997033199415783E-004 -2.8486765479734781E-019 0.0000000000000000 6.5209132176889098E-004
-5.7999999999999998 1.6270931895585121 -1.5602052404549104E-017 -0.0000000000000000 0.12463695833688182 -2.2123179479096929E-002 5.3150665315242058E-018 0.0000000000000000 -4.1983628581234115E-003 1.6724174047735014E-003 -1.2304306805237985E-018 0.0000000000000000 7.1098725446153491E-004
-5.7000000000000002 0.91095322225617026 1.4137059193546951E-017 -0.0000000000000000 -0.47970839835482049 -1.1301392762338566E-002 2.1254815906858247E-018 0.0000000000000000 5.2854829575440260E-003 1.0975322378253124E-003 -1.1877045930162972E-018 -0.0000000000000000 2.0623009037540069E-004
-5.5999999999999996 0.57963913355211061 -1.3409863584227638E-016 -0.0000000000000000 0.37064171621584946 -3.5126910763766971E-003 -4.4497460575154983E-017 0.0000000000000000 -1.7098792200453618E-003 7.8330079686258942E-003 -4.0086033960343429E-018 -0.0000000000000000 7.4525408145389325E-003
-5.5000000000000000 1.6336834332930124 -2.2003411239110470E-016 -0.0000000000000000 0.79416523384625415 -4.0035816856227322E-003 -1.1483546886029174E-016 0.0000000000000000 -9.0645426161126558E-003 2.2691436529055038E-002 -2.8355375961311714E-018 -0.0000000000000000 1.6785493475742097E-002
-5.3999999999999995 1.6362330401835365 3.3368740499708750E-016 -0.0000000000000000 -0.78659997862313946 5.3697492226245265E-003 -3.4386356046635226E-017 0.0000000000000000 -9.3806193796901922E-003 1.5670097572663827E-002 2.0462424248065543E-017 -0.0000000000000000 -1.4196342774906220E-003
-5.2999999999999998 0.91502125920940791 9.1525008109543515E-016 0.0000000000000000 -1.6856800819193496E-002 1.4488535876718152E-002 2.4572015378552918E-017 -0.0000000000000000 8.7571698872168906E-003 2.1410832265948754E-002 3.0756203971687860E-017 0.0000000000000000 1.4821243982072503E-002
-5.1999999999999993 2.9595434966601828 4.8077735649224879E-015 0.0000000000000000 2.7343005495233910 8.2009509236777564E-002 1.5915265733957695E-016 -0.0000000000000000 7.3180131311437260E-002 0.11958939320793843 1.4273655041882450E-016 0.0000000000000000 0.11612256819311609
-5.0999999999999996 4.0145369678976781 1.6652440731251217E-015 -0.0000000000000000 0.98328265927414327 0.14089474547575498 1.0250428795857396E-016 0.0000000000000000 -4.6693128695120684E-003 0.13002830230030774 8.3085682737262451E-017 -0.0000000000000000 7.6882546790377440E-002
-5.0000000000000000 3.7165925133677233 -5.5498094030396848E-015 -0.0000000000000000 -3.1347130743037721 0.17244892086627758 -7.1715972747263442E-017 0.0000000000000000 -0.15658891799628280 7.2103916475820429E-002 -8.5599309567996153E-017 -0.0000000000000000 -4.7996582301540525E-002
-4.8999999999999995 1.0315622643828959 -1.8104711202700872E-015 -0.0000000000000000 -1.0225764830016864 4.9448017024943468E-002 -2.6392420360909181E-017 0.0000000000000000 -4.9203173490932402E-002 1.8192625771131923E-002 -2.9790009616750422E-017 -0.0000000000000000 -1.7815125147342136E-002
-4.7999999999999998 4.0891205159157056E-002 -7.2388236914385952E-017 -0.0000000000000000 -4.0794450189287408E-002 1.9666980347665675E-003 -1.0640412482412298E-018 0.0000000000000000 -1.9563023786872578E-003 7.2192635991179428E-004 -1.1865349924344467E-018 -0.0000000000000000 -7.0997130535688929E-004
-4.6999999999999993 1.2192485065390007E-002 9.0373189340835674E-018 0.0000000000000000 1.1761632462057225E-002 1.5238723218195466E-003 1.3357913714975445E-018 -0.0000000000000000 1.5031843174936818E-003 1.6808783985665637E-003 5.5377947312652717E-019 0.0000000000000000 1.6730905612058772E-003
-4.5999999999999996 0.48893199107908347 3.7942480128559206E-016 0.0000000000000000 0.48892902096539947 6.1898710531485282E-002 5.3738089431523472E-017 -0.0000000000000000 6.1898430900631241E-002 6.8269999854389835E-002 2.2153838519132139E-017 0.0000000000000000 6.8260267481441955E-002
-4.5000000000000000 2.7573220424536884 1.8444148493941286E-015 0.0000000000000000 2.7553427519149767 0.35294131810868773 2.5196157252919413E-016 -0.0000000000000000 0.35259891287936024 0.37839407222005533 1.0427470338727847E-016 0.0000000000000000 0.37822994494935330
-4.3999999999999995 2.6603620879325840 2.6583164218646657E-016 -0.0000000000000000 2.4401930771106279 0.36201468851335883 -1.0454189549519670E-017 0.0000000000000000 0.32372623057979744 0.32805892564158967 6.7046946220681853E-018 0.0000000000000000 0.31577434268048599
-4.2999999999999998 2.3140365553657323 -1.6248430112725593E-015 -0.0000000000000000 -1.0383065305674819 0.38951011022663129 -2.4403520297231779E-016 0.0000000000000000 -0.19610203326072903 0.16278436395216714 -8.2829139225243301E-017 -0.0000000000000000 -2.1213907157532574E-002
-4.1999999999999993 4.5949878350773163 -7.8634098175056586E-016 -0.0000000000000000 -2.6181605730138826 0.83938505148750675 8.8436221404712193E-018 0.0000000000000000 -0.43169555059363707 0.38549299376818003 -3.3938451285777207E-017 -0.0000000000000000 -5.1508429312732695E-004
-4.0999999999999996 4.0036482713407739 1.5454697845692294E-015 0.0000000000000000 1.6953025064794816 0.80418917832880310 3.9534762989209333E-016 -0.0000000000000000 0.39149214971285190 0.68020491584861698 1.0846258130362235E-016 0.0000000000000000 0.56176631972350366
-4.0000000000000000 2.8038710003163834 -8.2257910606706869E-017 -0.0000000000000000 2.5270419871756991 0.62360750012324040 -3.0140238059945786E-017 0.0000000000000000 0.55992872965818319 0.97356656272667486 -9.3393746885140749E-017 -0.0000000000000000 0.95496168990062669
-3.8999999999999995 3.0220366675753869 -1.2494210310451392E-015 -0.0000000000000000 0.45920872504328725 0.73782631783477948 -2.8077532838880283E-016 0.0000000000000000 6.0362382327873332E-002 0.88110820735758733 -2.0999810234918065E-016 -0.0000000000000000 0.67664293008875909
-3.7999999999999998 2.9170571500147329 -1.5658928690869031E-015 -0.0000000000000000 -2.4700078534561518 0.76348348342480676 -3.2794405234715521E-016 0.0000000000000000 -0.66073648625528913 0.31637052088664164 -1.6896613238505320E-016 -0.0000000000000000 -0.11330382340885831
-3.6999999999999993 0.79447062851187511 -4.3119363451822445E-016 -0.0000000000000000 -0.78665310608953953 0.21278692800269589 -8.7390455685067720E-017 0.0000000000000000 -0.21098768968214698 6.7647245628101496E-002 -3.9905351903065837E-017 -0.0000000000000000 -6.4050083862582916E-002
-3.5999999999999996 0.88866834635481629 1.3157181950933478E-016 -0.0000000000000000 -0.88319199161219675 0.29813731295252616 1.4095280831793984E-016 0.0000000000000000 -0.29574995429428458 0.13549898743160629 3.0491524479413740E-017 -0.0000000000000000 -0.12755479289938684
-3.5000000000000000 2.6227059695545591 5.6786588525709869E-016 -0.0000000000000000 -2.3264001711085998 0.89993715068186464 4.9142280815408510E-016 0.0000000000000000 -0.77021517289545660 0.59142439843409123 1.9665802403571840E-016 -0.0000000000000000 -0.15435135781253273
-3.3999999999999995 2.1706449528926766 1.2070115637576068E-015 -0.0000000000000000 0.27797671314749894 0.86629539460040395 7.0598655984704390E-016 -0.0000000000000000 0.22757958866944317 2.1107269559555775 1.0454072628421233E-015 0.0000000000000000 1.8252218699941314
-3.2999999999999998 3.2566602141332881 2.3378784852994125E-015 0.0000000000000000 3.1606396489242563 1.5649809551436704 1.1924210605904044E-015 -0.0000000000000000 1.5325830360959161 5.7408289675108719 2.5504173655442783E-015 0.0000000000000000 5.7254547529805286
-3.1999999999999993 4.5873544740824057 2.8676690064450461E-015 0.0000000000000000 4.5866928033345724 2.2962816565647888 1.5563485016805242E-015 -0.0000000000000000 2.2960614030853916 9.8972532692389450 1.8786151037157698E-015 0.0000000000000000 9.8955877869354971
-3.0999999999999996 2.8660172140746858 1.6599948851131046E-015 0.0000000000000000 2.8659009885974416 1.5943585365398716 1.1310364385682916E-015 -0.0000000000000000 1.5942859089581749 9.1936855806605742 1.1005495988907330E-015 0.0000000000000000 9.1921890765438334
-3.0000000000000000 2.3398465210332033 1.5961690689161787E-015 0.0000000000000000 2.3091999184678271 1.4851704046392853 1.2231598179103070E-015 -0.0000000000000000 1.4662949291583103 5.5365969403655502 1.2518285847577668E-015 0.0000000000000000 5.5290296462883610
-2.8999999999999995 1.5329041731800457 -1.8053749782214119E-016 0.0000000000000000 0.26236070202226869 1.0522913269540695 1.1474357993640835E-017 -0.0000000000000000 0.26800027643385249 8.3880481679505063 4.4943854176308285E-016 0.0000000000000000 8.1129893992741646
-2.7999999999999998 4.4141643598620082 -2.3835123801103407E-015 -0.0000000000000000 -2.6674479066269745 2.9881430905586521 -1.0972469790216922E-015 0.0000000000000000 -1.3944092346231383 14.061981144341820 -1.2393514048075720E-015 -0.0000000000000000 12.525518295972839
-2.6999999999999993 4.3224582943729084 -1.7608095974324609E-015 -0.0000000000000000 -1.6297548108541859 3.3764033290049627 -8.1917743858116473E-016 0.0000000000000000 -0.35095203903655636 18.383516382126974 -2.8435645676790047E-015 -0.0000000000000000 16.954840087892659
-2.5999999999999996 3.6515829856882407 -1.1423062327900102E-015 0.0000000000000000 -0.15579856929985203 3.3652741200671006 -3.8893237440800343E-016 -0.0000000000000000 0.83267269124321852 19.827831007472238 1.3547228629975582E-016 0.0000000000000000 18.358565245991745
-2.5000000000000000 2.3455223534268086 -3.0184777269156459E-016 0.0000000000000000 0.24932673463374777 2.5699502215213341 5.7309092233703183E-016 -0.0000000000000000 1.1575636125817601 12.406456564083562 1.5332300608740925E-015 0.0000000000000000 11.540977319670322
-2.3999999999999995 1.4749853549390610 -1.3220183191301740E-016 0.0000000000000000 0.42207554667429004 2.1814647304689014 3.5068058694878571E-016 -0.0000000000000000 1.2991381446540817 13.110602636247696 3.8732614392276293E-016 0.0000000000000000 12.611356398061536
-2.2999999999999998 3.8956320784868868 -1.3331392264529125E-015 -0.0000000000000000 -1.4594193102604769 5.3551813436572893 -3.6153674353594806E-016 0.0000000000000000 0.69338173273631876 28.270156522930776 1.2312064345473828E-015 -0.0000000000000000 25.677432322506547
-2.1999999999999993 3.4251597329284813 -8.6103694297127038E-016 -0.0000000000000000 -0.90026694407726615 5.1157574066401192 -6.2783352599995325E-017 0.0000000000000000 1.3493734234956776 32.250386870766661 1.2958045552368833E-015 -0.0000000000000000 30.149613598327843
-2.0999999999999996 0.99708820086225214 -2.1585863557505975E-016 -0.0000000000000000 0.27066840767718964 1.8549344760410769 -1.4115025855071649E-016 0.0000000000000000 1.1977854234261671 21.312696919572311 -1.0468089344472530E-015 -0.0000000000000000 20.762675604374806
-2.0000000000000000 1.0384591578700277 -5.0767438985931713E-016 -0.0000000000000000 -0.83089350773323012 1.3216149196720106 -1.5885389811160987E-016 0.0000000000000000 -0.48025326547978880 10.391885611463922 -2.0861107299752331E-015 -0.0000000000000000 8.1225834844950366
-1.9000000000000004 0.94847261900858026 -5.4588773494958025E-016 -0.0000000000000000 -0.89745785297855252 1.4374650460077065 -3.1225081681295594E-016 0.0000000000000000 -0.39097744267851631 12.141926733665857 -1.2413254598075692E-015 -0.0000000000000000 9.9423975292525260
-1.7999999999999989 0.42891860529954146 -5.2808891847248333E-016 -0.0000000000000000 -0.33020721157549110 1.6607024850310541 -7.5506188017925498E-016 0.0000000000000000 0.67465695395083980 25.521358135597769 -7.9961709442035831E-017 -0.0000000000000000 24.831976455594987
-1.6999999999999993 0.43473219532534180 -3.2307353988394682E-016 0.0000000000000000 -0.35367090527920753 1.9139371351264947 -4.6667951610119856E-016 -0.0000000000000000 0.72871568840449374 38.382018387568721 -2.5680609592651895E-017 -0.0000000000000000 37.651365253833774
-1.5999999999999996 1.1568853683955345 -2.5651757532886045E-016 0.0000000000000000 -1.0932005454481688 2.6422935071732154 -6.0600977505264838E-016 -0.0000000000000000 -0.87550887895145924 39.380972518171369 -1.1658485253042937E-015 0.0000000000000000 37.030656045648833
-1.5000000000000000 1.9837015039593568 -5.1006968830942452E-016 0.0000000000000000 -1.8093680978596316 3.9749026430030643 -1.5263320892497658E-015 -0.0000000000000000 -1.9108350432708046 38.825833488394579 -1.6102570665759433E-015 0.0000000000000000 34.129262501545654
-1.4000000000000004 3.1099230930488222 -1.1316360623254236E-015 0.0000000000000000 -2.9254653192057605 5.4060449762673040 -2.3996099574632319E-015 -0.0000000000000000 -3.6898918060269077 30.275141638458948 -4.4679345609478440E-016 0.0000000000000000 20.798127307796413
-1.2999999999999989 2.0834817787895976 -6.7513039916576452E-016 0.0000000000000000 -1.8229750593427756 3.7523019191161371 -1.3917921688554761E-015 -0.0000000000000000 -1.8001371439552456 29.431663912509411 6.6954454013897008E-016 0.0000000000000000 21.229166373939616
-1.1999999999999993 0.55400505715909998 -7.7755948277977776E-017 0.0000000000000000 -0.31426545813314505 1.6433121919068108 -3.4795807971147914E-016 -0.0000000000000000 0.45076042349689904 25.101273350130469 -2.0762258207526862E-016 -0.0000000000000000 22.135457395817575
-1.0999999999999996 1.5183550625739635 5.5896859303507030E-016 -0.0000000000000000 -1.0411258542763870 3.2323573885077757 5.7783200488526679E-016 0.0000000000000000 -0.64513402145204823 23.488763727726784 7.0403904750319032E-016 0.0000000000000000 11.536154047627271
-1.0000000000000000 2.6720574268574069 1.2125419539215595E-015 -0.0000000000000000 -1.2882494705523628 6.1341401888629363 1.7788430219356309E-015 0.0000000000000000 -0.50884476556134706 40.502839830413230 2.0459474710480622E-015 0.0000000000000000 23.362414739811172
-0.90000000000000036 2.3864509791143611 6.4445028487529726E-016 0.0000000000000000 0.35506462867974076 7.2439038361941765 1.3615552751367459E-015 0.0000000000000000 2.8164440966834010 52.831363642853525 -8.5755999038921892E-016 -0.0000000000000000 42.790977429770059
-0.79999999999999893 1.6275317080683949 -5.3228083771519207E-016 0.0000000000000000 0.92110762481049990 4.0762477444018970 -2.2259937779787291E-016 -0.0000000000000000 2.3863923188671263 41.976027485410064 -2.9082659191783668E-016 0.0000000000000000 37.255444514378318
-0.69999999999999929 1.4970238069087021 -1.9501101901781828E-016 0.0000000000000000 0.89943074436793069 2.7862853925903259 -3.0219098150824141E-016 -0.0000000000000000 1.8245819221251995 33.217079572923950 8.8273538598106910E-016 0.0000000000000000 25.198139347228395
-0.59999999999999964 1.7010639977737445 9.4808397786173837E-017 0.0000000000000000 -0.75461021714452814 3.8075581600060682 5.9950874424291242E-016 -0.0000000000000000 -1.4370011381882410 27.671236151814242 6.9651858065900019E-016 0.0000000000000000 -2.0301386086294002
-0.50000000000000000 1.2520498443732784 1.5540682889864099E-016 -0.0000000000000000 -1.1310215571330429 3.4686746365435401 8.6384358664198281E-016 -0.0000000000000000 -2.9349747622025704 16.949402864464744 -2.1819568721270777E-016 0.0000000000000000 -11.345212800836766
-0.39999999999999858 0.73072177519640391 -1.2021853917085559E-016 0.0000000000000000 -0.35276925253163932 3.3120439120497491 -4.4640727432890162E-016 -0.0000000000000000 -1.2218641532478629 16.430644537093240 1.5632162448167564E-016 0.0000000000000000 -5.5919867436280812
-0.29999999999999893 0.91392828138002724 -2.4960433064146526E-016 0.0000000000000000 -0.40819097896669743 4.2955258184359710 -1.0810541844634223E-015 -0.0000000000000000 -1.3160494132173368 24.914543717924552 2.4655500673730356E-015 0.0000000000000000 2.4756749260637516
-0.19999999999999929 0.80967400397455769 -1.1170245876036876E-016 0.0000000000000000 -0.55227763415821063 4.1834414930910135 2.2860549755094788E-017 -0.0000000000000000 -0.88335197733941562 33.033983063988728 1.3837400968405532E-015 0.0000000000000000 5.0084413381724673
-9.9999999999999645E-002 0.89191854185055297 -1.9996811730598853E-016 0.0000000000000000 -0.25842749205130133 4.6986999753728309 5.1738198707909752E-016 -0.0000000000000000 0.21022974062009858 40.695605113912656 1.8844294290124848E-015 0.0000000000000000 1.9801178380428723
0.0000000000000000 0.73812754874493613 -1.8758297457847981E-016 0.0000000000000000 0.40295568567240969 2.8694072765030194 2.5024826026233815E-016 -0.0000000000000000 0.62905649163985777 26.531937162716758 1.9730056664327293E-015 0.0000000000000000 5.1685755380342844
0.10000000000000142 0.30176164560842811 -2.6208121120621330E-017 0.0000000000000000 6.9403384967716739E-002 1.2812796733591205 8.0920973089614006E-017 -0.0000000000000000 -0.46652353756401299 13.597931876355528 6.0449434878569358E-016 0.0000000000000000 0.16321982713113226
0.20000000000000107 0.16180911185273059 -1.7821922098528380E-017 -0.0000000000000000 -0.10072891619663668 1.2973229168281588 1.1158841892824006E-016 -0.0000000000000000 -1.2531173866002245 17.520975257331745 1.0390591953681213E-015 0.0000000000000000 0.26985372289567877
0.30000000000000071 0.24284260776278419 4.9568912434026314E-017 -0.0000000000000000 0.11840114561254847 1.3961172285055548 1.0413320227549748E-016 0.0000000000000000 -1.0294116570772895 37.686318898884537 2.6432128200601878E-015 0.0000000000000000 11.677076510164486
0.40000000000000036 0.45363540380004164 3.2644655325413430E-017 -0.0000000000000000 0.43697353436917818 2.2766107086321696 1.0887618270575130E-016 0.0000000000000000 -0.16308727099434450 52.196233886478709 2.5072650694517814E-015 -0.0000000000000000 27.739831410106902
0.50000000000000000 0.38694936909722216 -9.1323418036677702E-017 0.0000000000000000 0.37250610864713135 2.7709421970419594 -5.2649697745962327E-016 0.0000000000000000 -0.12566147478631318 60.906064057214955 2.2696060481813847E-015 -0.0000000000000000 33.447317640861421
0.60000000000000142 0.18825469792009950 4.8363251947615600E-017 -0.0000000000000000 0.11214437292503535 3.1570427301351787 -1.0408245564654276E-016 0.0000000000000000 -1.8593735109170353 75.975492783271605 3.3855009046830295E-015 -0.0000000000000000 25.750637175308970
0.70000000000000107 0.15959924004736403 2.2343882115621176E-017 -0.0000000000000000 -4.8470884388335356E-002 3.5218758614526502 -2.8590834804916404E-016 0.0000000000000000 -2.8193912267668599 77.327351751036346 -2.7770889971315279E-015 -0.0000000000000000 15.649628963554818
0.80000000000000071 0.16650927143843958 -5.4216884922273377E-017 -0.0000000000000000 -4.5291433185911896E-002 2.9581627841424938 6.7843781475898232E-016 -0.0000000000000000 -2.6584298061670211 84.631075499104554 -9.5267489772890975E-016 0.0000000000000000 10.697793460861512
0.90000000000000036 0.25812047923621806 2.3494460627373139E-016 0.0000000000000000 0.12908596499604566 2.2231924815915409 1.1622309984719297E-015 -0.0000000000000000 -2.0416250359200534 91.585899794743469 1.6411521812068716E-015 0.0000000000000000 23.117577414062509
1.0000000000000000 0.45814070804913143 4.9983730068610580E-016 0.0000000000000000 0.25464687970542965 2.0259310556444761 9.2811385383928831E-016 0.0000000000000000 -1.4862759113156634 95.581167065190314 3.2082606340275953E-015 -0.0000000000000000 41.613288227987979
1.1000000000000014 0.46206226073398105 -2.8605611914664308E-016 -0.0000000000000000 8.1065087027995503E-002 3.7726447255355340 -3.7704110201073955E-016 -0.0000000000000000 -2.3621052999445733 65.123424469047336 1.6603955513963792E-015 0.0000000000000000 12.406115858898307
1.2000000000000011 0.63069343574275094 -1.1617471385317616E-016 -0.0000000000000000 0.32772904135324854 3.2929376553505363 -3.9024998228336852E-016 -0.0000000000000000 -1.2426612439497062 48.035588492308619 -9.3774554316495799E-016 0.0000000000000000 -5.7080327595751221
1.3000000000000007 1.1216536187647168 -1.0849107716166264E-015 -0.0000000000000000 0.68789599123801526 2.7452290602095144 -2.9056511920011374E-015 0.0000000000000000 -0.89671538264492545 57.901798599953892 1.6275384394377219E-015 0.0000000000000000 -3.8769935894916046
1.4000000000000004 1.9002523874211843 1.4069053292220860E-015 0.0000000000000000 0.73174745424119680 5.9647234408421532 1.6337991404878907E-015 -0.0000000000000000 -4.0292157827486843 62.950228573557901 -7.2693092143580652E-016 0.0000000000000000 -0.50987286823936984
1.5000000000000000 1.7522012763730812 1.6805292392941255E-015 0.0000000000000000 0.58644879286801677 5.0346307807862667 8.7516505548476339E-016 0.0000000000000000 -3.1368180554838649 58.039504454921882 -1.9270135075306893E-015 -0.0000000000000000 -6.0936212661184577
1.6000000000000014 1.3137922906668993 1.2879188902560840E-016 -0.0000000000000000 0.35317728843056007 3.3267881710235181 -3.6779458059861547E-015 0.0000000000000000 -1.6612385322890932 50.597940648935811 -3.8239946148835302E-015 0.0000000000000000 -6.0720027021582368
1.7000000000000011 0.76183059523795005 9.2229817736494933E-017 -0.0000000000000000 -0.50939968364541666 3.7954911029912899 1.4124443802054909E-015 -0.0000000000000000 -3.3019008645778105 48.689688709630914 -2.0680072237988512E-015 -0.0000000000000000 -14.093386373617033
1.8000000000000007 0.31409527363911555 -2.3847630294793589E-017 -0.0000000000000000 -0.29483088272462882 1.4539032781265147 1.9417764447683845E-015 0.0000000000000000 -1.3896428512536314 31.733730586089163 6.5027735800249342E-016 0.0000000000000000 -11.553284464134858
1.9000000000000004 5.9785816017912205E-002 -2.1734656977030983E-017 -0.0000000000000000 -4.6457468865218662E-002 0.12982395723802265 3.0740086940856580E-016 0.0000000000000000 -0.12321533756788589 19.796699838628989 -4.1627434192812590E-017 -0.0000000000000000 -5.0887505789599512
2.0000000000000000 7.6417955902814291E-002 7.7305850147026738E-017 -0.0000000000000000 6.4257304444617622E-002 6.4652571248074983E-002 1.5590292230261112E-016 0.0000000000000000 4.1896991241535786E-002 5.8646834711646552 -1.6990406910613926E-016 -0.0000000000000000 -1.4308490573936399
2.1000000000000014 0.33509674035014203 1.7748318306875185E-016 -0.0000000000000000 0.28125853531924094 0.76563321770479309 7.9035417321221000E-016 0.0000000000000000 -0.22940148965000062 1.6855096042960434 -3.0170873239030786E-016 -0.0000000000000000 -6.6571887428757748E-002
2.2000000000000011 1.1992541883537111 -3.9994449848492245E-016 0.0000000000000000 0.96934089570128135 3.3621970733920294 2.3036057750131361E-015 0.0000000000000000 -0.90880685315673926 6.9130170862957527 -3.3821313412438500E-015 -0.0000000000000000 -1.9597428571757778
2.3000000000000007 1.5873096632955610 -7.9910936047804438E-016 0.0000000000000000 1.4408537251810123 3.2820358289293092 8.8748703587989328E-016 0.0000000000000000 0.33073828689660978 14.386517376578032 -4.8283124982000278E-015 -0.0000000000000000 -7.4926626910166103
2.4000000000000004 0.38077869084092741 -1.3694660875110148E-016 0.0000000000000000 0.30884297987925224 1.8320042910769785 2.2274829218193565E-016 -0.0000000000000000 -0.90137217782811785 17.598649723140255 -6.2159181312274847E-016 -0.0000000000000000 -15.833109464068997
2.5000000000000000 0.33397109001188546 -2.4231017145078281E-017 0.0000000000000000 0.26197337259777437 1.8193420179078896 6.1071447541071116E-017 -0.0000000000000000 0.18663280030095397 14.344256985166311 -1.5572614463121286E-015 0.0000000000000000 -11.297476791449348
2.6000000000000014 0.57014722067261669 -2.2091599257790157E-016 -0.0000000000000000 0.54659719377979388 3.1189685919498293 -2.3414686121309957E-015 -0.0000000000000000 2.9963475607187258 8.9158643742440393 -5.3790896041572446E-016 0.0000000000000000 -4.1638857638457054
2.7000000000000011 0.65604872555491200 -1.6073727563320920E-016 -0.0000000000000000 0.65198897582297521 2.9573983900852361 -2.2865363233214461E-015 -0.0000000000000000 2.9979024364054179 7.3942465173404397 4.4104286660861049E-016 0.0000000000000000 -3.2537123407027910
2.8000000000000007 1.5193067413317594 6.5007528770501407E-017 -0.0000000000000000 1.4862837310159120 2.3283230377900606 -3.7962631168411715E-016 0.0000000000000000 2.3281942778783935 14.204806222626171 -2.9062303931269963E-016 0.0000000000000000 -4.1762777283938162
2.9000000000000004 1.1993749627902510 -1.4134862307306137E-018 -0.0000000000000000 0.96109563098468676 1.8877129917192781 -1.5460246523610463E-016 0.0000000000000000 1.8302540287868212 29.031544288087382 -2.6733782830697106E-015 0.0000000000000000 -22.105728325123266
3.0000000000000000 1.3892462812025737 -8.2336684670801519E-017 -0.0000000000000000 0.99077810552329304 3.0829969761135936 -4.6307714742866227E-017 0.0000000000000000 3.0075870761645036 42.402794530894752 -3.7718173853326653E-015 -0.0000000000000000 -35.672006571725930
3.1000000000000014 0.91445484546017963 -6.7791858417024300E-017 0.0000000000000000 0.71886593788210662 1.9465712296332665 -1.2942631670310187E-016 -0.0000000000000000 1.8011454956271924 41.119720877447541 -3.9265669166642370E-015 0.0000000000000000 -36.810680185854189
3.2000000000000011 0.84732151547999957 -4.3453700754563906E-016 0.0000000000000000 0.70877401281327179 1.5019997885664171 2.5134538039468888E-017 -0.0000000000000000 1.1679347483178724 50.950721946516850 -5.1088008708166915E-015 0.0000000000000000 -47.307127863447135
3.3000000000000007 0.33444212775848997 -2.0539416271227989E-016 0.0000000000000000 0.18581930604303004 0.68769343555764106 1.9875799307866282E-016 -0.0000000000000000 0.18657170984490301 52.335275697316604 4.9083697805887665E-016 0.0000000000000000 -51.106123738841404
3.4000000000000004 0.14474625363897833 -1.9612463415713988E-017 -0.0000000000000000 -8.7526477596361632E-002 0.44714644895169153 1.3836743390706890E-016 0.0000000000000000 -0.34446062618384754 60.609674835610910 7.4611905098566667E-016 -0.0000000000000000 -60.480195647644216
3.5000000000000000 0.75217578320071110 -4.1699074882932892E-017 -0.0000000000000000 -8.6160905928486908E-002 1.3008649069947549 -6.4609205975517240E-017 0.0000000000000000 -0.17949639794531924 82.141860578158543 -1.9884280670975135E-015 -0.0000000000000000 -81.361044718118990
3.6000000000000014 1.5805639194936985 -1.7089697580722833E-016 0.0000000000000000 0.36827550156986644 2.4404309617729822 4.8980100961895120E-018 0.0000000000000000 1.0044737168670390 62.682509082136768 -3.7268324436936434E-015 -0.0000000000000000 -60.431221873325420
3.7000000000000011 1.0960161530629131 -1.5007495088259087E-017 0.0000000000000000 -0.32758457907235228 2.2175280431974169 6.5047677793581199E-016 0.0000000000000000 0.94245221751385677 26.916491117814360 -1.3466223752027240E-015 -0.0000000000000000 -25.365729792173106
3.8000000000000007 1.1661849720500306 1.7064846023263272E-017 -0.0000000000000000 -1.1116550681158532 2.5605122417379222 6.1115620790477454E-016 -0.0000000000000000 -0.19555518179010312 33.064331225117364 6.4857932366901032E-016 0.0000000000000000 -32.156545129127259
3.9000000000000004 1.1174096699022691 -4.8428210647914542E-016 -0.0000000000000000 -1.1056846306921249 1.5893820529121947 -9.9212706197708378E-016 -0.0000000000000000 -1.2005466114189294 30.775526603342044 1.8063371784847061E-015 0.0000000000000000 -30.616980607538473
4.0000000000000000 0.65330231550782758 -1.3748991418926316E-015 0.0000000000000000 -0.59899601565537852 1.0401054090865329 -4.2392931086819702E-015 -0.0000000000000000 -0.89350063271216629 23.113101561609032 2.8886667414492048E-015 -0.0000000000000000 -23.041072316619204
4.1000000000000014 1.5773775608617824 4.6241519118038303E-016 -0.0000000000000000 -0.73223614292559946 2.2545404564156222 -1.2073999382900902E-015 -0.0000000000000000 -1.2217694141980484E-003 20.240892186676316 3.7453831811147531E-015 0.0000000000000000 -19.151801683228623
4.2000000000000011 2.5729439626375301 1.5694588776380206E-015 -0.0000000000000000 0.89971119194261528 5.9230468014596651 1.9372761587196224E-015 -0.0000000000000000 4.6151703630428562 19.571346435322109 1.8888970249042458E-015 0.0000000000000000 -14.894010297560033
4.3000000000000007 1.2374023982983697 2.9400344192607314E-016 0.0000000000000000 0.96850064892227561 4.4341180304932823 7.0552381143773428E-016 -0.0000000000000000 4.0661412689209353 16.064384584895041 8.4935042939798810E-016 0.0000000000000000 -12.797743161585661
4.4000000000000004 0.12381911683650543 6.3797992191601868E-018 -0.0000000000000000 0.11613522293181958 1.3205422105605646 6.5089145688925279E-016 0.0000000000000000 1.2685352957212115 10.000825959673294 -1.2097493959275368E-016 -0.0000000000000000 -9.2290647800981827
4.5000000000000000 2.2741507317318017E-002 1.1206371210037195E-017 -0.0000000000000000 -3.4215531845863817E-003 2.8940946386034265 2.5696107915374436E-015 0.0000000000000000 2.8099251565611989 8.4448462356824425 -7.6126856840014443E-016 -0.0000000000000000 -6.9023483072449583
4.6000000000000014 0.36053500594002219 -2.6106402611919839E-018 0.0000000000000000 0.10762913671398219 2.8535077814572491 1.4586607298552099E-015 -0.0000000000000000 2.3111837660603407 5.2104969412627806 -4.8337956938967139E-016 -0.0000000000000000 -3.2083356749110368
4.7000000000000011 1.7111097463342257 -6.4309877843601385E-017 0.0000000000000000 0.83393729075475309 6.4250946036535499 1.8951803773835036E-016 -0.0000000000000000 4.8079189756134681 8.6057953041154960 -2.6847723956062201E-016 -0.0000000000000000 -2.2709185966862417
4.8000000000000007 2.4947669528519363 -3.6104217548152602E-017 0.0000000000000000 -0.55954385172889609 5.9315281870121934 2.0199144666007479E-016 0.0000000000000000 1.8354479495082865 13.104341043042421 6.7862114644226173E-016 -0.0000000000000000 -8.5540234206083419
4.9000000000000004 2.7444469197343939 1.3312514040308460E-016 -0.0000000000000000 -1.7473941649061246 3.8262076417908508 2.9916371428873455E-016 0.0000000000000000 -1.0117115135311952 11.868248990954763 8.7063294180506124E-016 -0.0000000000000000 -10.103116913327744
5.0000000000000000 1.7167053869715216 7.4770612634878371E-017 -0.0000000000000000 -0.40564627415569732 2.8498689508168624 9.9224306530213527E-017 -0.0000000000000000 0.56009017326771771 5.7159168105120592 2.4605770333303072E-016 0.0000000000000000 -3.5514953204158779
5.1000000000000014 0.29740674596181116 -1.3663524977965996E-017 -0.0000000000000000 -1.7645826379345059E-002 0.71619376899554488 -5.3361926697300691E-017 -0.0000000000000000 1.0925607884789301E-002 1.3619657572624047 -8.9583983456919676E-018 0.0000000000000000 -0.90041724767769593
5.2000000000000011 0.13029095813177521 -8.9566774274468240E-017 -0.0000000000000000 -0.12232415894878161 1.2697629863771924 -2.4940027593761840E-016 0.0000000000000000 -1.2491041042527380 1.9692451185500923 -1.4324351518540804E-016 -0.0000000000000000 -1.9557033379120847
5.3000000000000007 0.43620816673718810 -1.1679324381127761E-016 -0.0000000000000000 -0.43302392212516883 2.3516169695617997 -2.8498354688943970E-016 0.0000000000000000 -2.3434834494373948 2.5149801383265813 -1.2803072404338200E-016 -0.0000000000000000 -2.5123810920679133
5.4000000000000004 1.1783166205456932 4.6361077818543248E-016 0.0000000000000000 -1.0582506947077817 2.7696453035141864 6.6768346155209567E-016 0.0000000000000000 -2.4133292142388245 3.3992588682831277 1.1005058626542552E-015 -0.0000000000000000 -3.3061335629600839
5.5000000000000000 1.4770624652886442 5.1250236693389795E-016 0.0000000000000000 -0.52220488752722005 4.1002083615808305 9.2408711094955041E-016 -0.0000000000000000 -0.20313097661923796 3.5937791479001548 1.2496175426889022E-015 -0.0000000000000000 -2.3900337944393657
5.6000000000000014 1.1333475865511433 2.7932065518101188E-016 0.0000000000000000 0.87588306458484277 6.7612499165231963 3.4024921738467140E-016 -0.0000000000000000 3.4155534931145244 3.6329806123445794 4.2864186999098594E-016 0.0000000000000000 -0.22805159870363290
5.7000000000000011 0.40985937847559761 1.1767172616542118E-016 -0.0000000000000000 0.40541658237660538 3.4734153928925764 -2.2429515244073190E-016 -0.0000000000000000 0.88417510803207766 2.1739570273171891 -9.2301934651019756E-017 0.0000000000000000 -0.69238052094463276
5.8000000000000007 0.16822110923658012 1.1368797308894191E-016 0.0000000000000000 0.16771309865356387 0.70517585849700071 2.8636429790625528E-016 -0.0000000000000000 0.39272188544889336 0.30606535148056563 4.5390365239690325E-017 0.0000000000000000 -4.0410157714405259E-002
5.9000000000000004 0.76324249680671241 5.1981316388670376E-016 0.0000000000000000 0.71500912002606665 2.2787678873003734 1.6949013830095972E-015 -0.0000000000000000 2.0345383700429678 0.63185884682349625 4.4426725585459365E-016 0.0000000000000000 0.28120234656830567
6.0000000000000000 0.85810426718925359 4.5715279944981570E-016 0.0000000000000000 0.21129077061887269 3.1917467939129667 1.2230886610263467E-015 -0.0000000000000000 6.3380625830373960E-002 2.6005758790694564 5.6428050170944529E-016 -0.0000000000000000 -1.9230613856947523
6.1000000000000014 1.1853168712367297 1.6656387923135536E-016 0.0000000000000000 -0.39539518510503946 4.9745548260174193 5.3507069602205663E-017 -0.0000000000000000 -1.1578523005969168 4.9445266448935872 2.8159874721027156E-016 -0.0000000000000000 -4.2631252256508549
6.1999999999999993 1.4260422559175780 -1.3962059505293331E-016 0.0000000000000000 -0.46257952581560058 5.4873130580536662 -1.8093959692784156E-016 0.0000000000000000 1.4712272038250580 3.8479851103645437 -3.6208794776468572E-016 -0.0000000000000000 -2.6517920390908172
6.3000000000000007 1.0879822947927322 -8.7731448562480153E-018 -0.0000000000000000 -0.91242278273697675 5.5025395281732319 2.9551202213935880E-016 0.0000000000000000 1.7006802641029446 3.1756717814188766 -1.1821632862321807E-017 -0.0000000000000000 -1.9947021169782646
6.4000000000000021 0.49435088908400276 -8.3673109514895774E-018 -0.0000000000000000 -0.49010057308789218 2.1690061244218963 9.3154609797232281E-017 0.0000000000000000 0.26415845258508241 1.5085343255694541 4.7579802719687026E-017 -0.0000000000000000 -1.1133692296673705
6.5000000000000000 6.3057429795935760E-002 -8.6780113632979172E-018 -0.0000000000000000 -6.3043328763261491E-002 0.22106026551251937 -3.6008588197641985E-017 0.0000000000000000 -9.6235408305672149E-002 0.18653592533227314 -2.3459424507155102E-017 -0.0000000000000000 -0.16599189775900797
6.6000000000000014 0.49636455291413828 -2.1061050717004551E-016 -0.0000000000000000 -0.49635768026840565 1.8831419448607012 -7.9321586191755111E-016 -0.0000000000000000 -1.6699601074327466 1.3153178520671840 -6.0440205357920052E-016 0.0000000000000000 -1.2613308623873911
6.6999999999999993 1.6001215547596346 -9.0891039811712149E-016 -0.0000000000000000 -1.6000997755050295 6.5211235910010998 -2.2126194648176833E-015 -0.0000000000000000 -4.5091661519655570 4.1140869403266658 -1.8196707161910464E-015 0.0000000000000000 -3.6050241103448606
6.8000000000000007 0.78877433760788729 -4.8650184358497994E-016 -0.0000000000000000 -0.78869198502952775 3.9655349646275466 -5.7814233814842270E-016 -0.0000000000000000 -1.4366165315089414 2.0207867263156234 -6.4598120689401961E-016 0.0000000000000000 -1.3813940714338577
6.9000000000000021 0.52770431693386544 6.2891058133108927E-017 -0.0000000000000000 -0.51518969946921345 2.4708935886236971 3.2049455617012899E-016 0.0000000000000000 -1.9756518037851838 0.91958008972716143 1.3349662765201400E-016 0.0000000000000000 -0.79936378281640696
7.0000000000000000 0.48365560464431190 1.0105524674702021E-016 0.0000000000000000 -0.18912610188602397 2.9991421351134164 9.9344236884844076E-017 -0.0000000000000000 -1.2521262811843921 0.94741239104750452 8.8004158959822891E-017 -0.0000000000000000 -0.62636457462020023
7.1000000000000014 0.49119722797988796 -4.0547500503316819E-017 0.0000000000000000 0.42877895541291555 5.5325602930214375 -3.1425006472168821E-016 -0.0000000000000000 3.5892434440779830E-002 1.5286207465151818 -3.0937525696404946E-017 0.0000000000000000 -0.50280182875363744
7.1999999999999993 0.19099645611409227 -2.0305940373559949E-017 0.0000000000000000 0.19020884185901410 3.7422989353853437 5.0552839538409169E-016 -0.0000000000000000 1.0604265888448867 0.98017271258431649 2.5525266101598448E-016 0.0000000000000000 -1.0921661216909906E-002
7.3000000000000007 1.5939449298523548E-002 -8.1165178396025247E-020 0.0000000000000000 1.5922836736296089E-002 3.1874263894881483 1.6736453632497109E-015 -0.0000000000000000 3.0053070062085889 0.70789191595655565 6.4506584334305092E-016 0.0000000000000000 0.64043032775277442
7.4000000000000021 0.14272154343126128 -2.5357122403805695E-017 -0.0000000000000000 0.14271696661615677 1.6600282284253149 4.0583720184796516E-016 -0.0000000000000000 1.6583482157887353 0.39062543883465134 1.4946997498398642E-016 0.0000000000000000 0.38989058002306959
7.5000000000000000 0.49473764495630396 -8.9201023131737834E-017 -0.0000000000000000 0.49473719907595953 2.5361790888381286 -4.2302074759476841E-016 0.0000000000000000 2.5356393678961044 0.65195627005069690 -1.7327964760218016E-016 -0.0000000000000000 0.65145224484920394
7.6000000000000014 0.22764234159185470 -4.0682181904184394E-017 -0.0000000000000000 0.22754813837844645 1.1807890199660489 -2.1492516137625468E-016 0.0000000000000000 1.1170701333372850 0.31303993480742431 -8.9475828828846291E-017 -0.0000000000000000 0.27886484375707055
7.6999999999999993 2.1555385143588224E-002 -3.7469848849984033E-018 -0.0000000000000000 6.2294451207711042E-003 0.63948145470759676 -1.5644771547044659E-016 -0.0000000000000000 -0.49928409669591739 0.31721813114243852 -1.0535178596574333E-016 0.0000000000000000 -0.28107631641337599
7.8000000000000007 0.16600258311654464 -2.1187632312557269E-017 -0.0000000000000000 -0.16575336011247244 1.9990255176495486 -2.9072199799859101E-016 0.0000000000000000 -1.9978301481222833 0.94088168737346356 -2.1557395092478297E-016 0.0000000000000000 -0.94048882367316122
7.9000000000000021 0.47637142238055374 -7.1365215918291964E-017 -0.0000000000000000 -0.47636230863978080 2.6824829360655835 -2.5322913379630449E-017 0.0000000000000000 -2.6823891373169255 1.0632673630013600 -3.4344309968795517E-017 0.0000000000000000 -1.0631504680233170
8.0000000000000000 0.18153364027614896 -3.2365220524839656E-017 -0.0000000000000000 -0.18137265101262937 0.90651482912780723 8.9899577159039150E-018 0.0000000000000000 -0.90568835909170564 0.34262279830439657 1.1436185558851884E-017 0.0000000000000000 -0.34252912667408508
8.1000000000000014 2.0864028966018397E-002 -1.3604116756512513E-017 -0.0000000000000000 2.5225874343300422E-003 0.35533917486727440 -2.5003904383178593E-016 0.0000000000000000 -0.23921086326549948 0.13168623133423149 -5.8754440386294543E-017 -0.0000000000000000 -0.12350269659079496
8.1999999999999993 0.22761704686834786 -2.2316798237132732E-016 0.0000000000000000 0.22569889141734020 3.0888857263346634 -2.4770360458961638E-015 0.0000000000000000 -0.83778068552847929 0.94090040477833559 -5.3571869298519106E-016 -0.0000000000000000 -0.78236962512347441
8.3000000000000007 0.63555047214399529 -5.6269542180581965E-016 0.0000000000000000 0.53005259079022249 5.1143586830170200 -3.8925975073475505E-015 0.0000000000000000 0.67432848001333001 1.1902674790279635 -7.0561317341366961E-016 -0.0000000000000000 -0.78266849881683731
8.4000000000000021 0.61448343238062209 -1.1136463612210440E-016 0.0000000000000000 -0.21694171470372506 2.8826878925695247 -5.9495933028320958E-016 0.0000000000000000 -0.84478274431191824 0.98729530990084713 9.6740056422387269E-017 -0.0000000000000000 -0.84322190112489304
8.5000000000000000 0.44365216329566282 1.0634650088868384E-016 0.0000000000000000 -0.42566663791299020 2.6172905316903581 1.1124168399585452E-015 0.0000000000000000 -0.71341168504199026 0.90781544009645010 3.5421960640769994E-016 -0.0000000000000000 -0.75739751375427977
8.6000000000000014 6.6223637658084838E-002 2.3825465547609356E-017 0.0000000000000000 -6.6110644163145049E-002 4.0366956611550417 3.4718789334716673E-015 -0.0000000000000000 3.5227726486006561 0.44439149404712902 5.1427513698281474E-016 0.0000000000000000 0.20718825553758696
8.6999999999999993 0.16335297494852610 1.5809950202522449E-016 0.0000000000000000 -0.16335004518681398 4.3922684145528201 5.4948487905392937E-015 -0.0000000000000000 2.9169444934075091 0.51547287165534117 1.1449745861705056E-015 0.0000000000000000 0.32448199512814785
8.8000000000000007 0.59264269807199021 5.7541918998659916E-016 0.0000000000000000 -0.59264124402837914 4.0098577383341230 5.3720587503167626E-015 -0.0000000000000000 -1.3457861447158113 0.52701213072011266 1.0864313492621631E-015 0.0000000000000000 -0.15465393243721615
8.9000000000000021 0.28713223574842650 2.7688008607225086E-016 0.0000000000000000 -0.28713160796394321 1.3991514872470736 1.4988113612907034E-015 0.0000000000000000 -1.1956255824550901 0.17986865245095729 2.7689953923631994E-016 -0.0000000000000000 -0.15038914445357882
9.0000000000000000 1.8451756030911037E-002 1.7648000035202453E-017 0.0000000000000000 -1.8451406490318505E-002 0.10794188924030394 6.0457536446300690E-017 0.0000000000000000 -0.10570004267667323 1.4138030768927340E-002 1.2360926235239989E-017 -0.0000000000000000 -1.3810186862223290E-002
9.1000000000000014 1.6397159779240301E-004 -6.0938616101264745E-019 0.0000000000000000 -1.5418972568536686E-004 0.73936301821689798 -6.4723081820588715E-016 0.0000000000000000 -0.73933503913921328 0.10602010837371785 -7.3100522094578890E-017 -0.0000000000000000 -0.10600930178515232
9.2000000000000028 7.5330146700831386E-005 -3.4977113078585846E-018 0.0000000000000000 5.9836639953750698E-005 3.0852177548112261 -2.6925470392921027E-015 0.0000000000000000 -3.0850968027758068 0.44246280294875845 -3.0958049175980876E-016 -0.0000000000000000 -0.44241226525945970
9.3000000000000007 1.5236432890387643E-002 -4.0724517828103002E-018 0.0000000000000000 1.5228045085511083E-002 1.7314083378432334 -1.5187121688618309E-015 0.0000000000000000 -1.7247382413421808 0.25130102552803102 -1.8026203548987624E-016 -0.0000000000000000 -0.24879905965878502
9.4000000000000021 0.69288970168487718 -2.9093970390351963E-017 -0.0000000000000000 0.69288907854968329 0.82000637123254116 -1.1267624017114808E-015 0.0000000000000000 -0.45245842037010142 0.21086988697231246 -2.2624819121423799E-016 -0.0000000000000000 -9.2074521671838452E-002
9.5000000000000000 4.8708510450368143 5.4565862462122245E-016 -0.0000000000000000 4.8708509519400840 3.6289694134119630 -3.4957557952953304E-015 0.0000000000000000 -0.13746246834990128 0.96158284426609175 -7.5643599728187311E-016 -0.0000000000000000 -2.4224105515026184E-002
9.6000000000000014 6.8867264134133812 2.4013333258006135E-015 -0.0000000000000000 6.8867257894865066 4.2926898106303764 -8.1216229171336659E-016 0.0000000000000000 2.3848882089755992 1.0369848967238253 -1.3637907867240481E-016 -0.0000000000000000 0.53646110181922613
9.7000000000000028 3.3644138453493886 1.3587949535357890E-015 -0.0000000000000000 3.3639352462289409 1.7177557847496556 2.9877040781755640E-016 0.0000000000000000 1.5847404587328564 0.41899600120008423 1.2103828264527293E-016 0.0000000000000000 0.38388619974996380
9.8000000000000007 0.94975789430564028 1.4691249561213230E-016 -0.0000000000000000 0.86293366124432203 0.40922067715747579 3.0911773273297691E-017 -0.0000000000000000 0.39410824233589881 0.10791459410924439 2.5111623946247048E-017 0.0000000000000000 9.7868817611171027E-002
9.9000000000000021 1.2110675341949650 1.4751597292365411E-016 -0.0000000000000000 -1.0692563384891041 0.24330978589098506 -5.5358996181958778E-018 0.0000000000000000 -0.17869059389303021 0.13857816030859832 1.6665843769683341E-017 0.0000000000000000 -0.12249796280144498
 @# EF
   1.917   0.000
   1.917  10.000
