 @# k   band (eV)
   0.000  -0.716  -0.033   0.029   0.712
   0.001  -0.716  -0.034   0.028   0.711
   0.003  -0.716  -0.035   0.027   0.710
   0.004  -0.716  -0.037   0.025   0.708
   0.005  -0.717  -0.039   0.023   0.706
   0.006  -0.717  -0.043   0.019   0.702
   0.008  -0.717  -0.047   0.015   0.698
   0.009  -0.718  -0.052   0.010   0.693
   0.010  -0.718  -0.058   0.004   0.687
   0.011  -0.719  -0.064  -0.002   0.681
   0.013  -0.719  -0.071  -0.009   0.674
   0.014  -0.720  -0.079  -0.017   0.666
   0.015  -0.720  -0.088  -0.026   0.657
   0.016  -0.721  -0.097  -0.035   0.648
   0.018  -0.722  -0.107  -0.045   0.638
   0.019  -0.723  -0.118  -0.056   0.627
   0.020  -0.724  -0.129  -0.067   0.616
   0.022  -0.725  -0.141  -0.079   0.604
   0.023  -0.726  -0.154  -0.092   0.591
   0.024  -0.727  -0.167  -0.105   0.578
   0.025  -0.728  -0.181  -0.119   0.564
   0.027  -0.729  -0.196  -0.134   0.549
   0.028  -0.730  -0.211  -0.149   0.534
   0.029  -0.732  -0.227  -0.165   0.518
   0.030  -0.733  -0.243  -0.181   0.501
   0.032  -0.734  -0.260  -0.198   0.485
   0.033  -0.736  -0.278  -0.216   0.467
   0.034  -0.737  -0.296  -0.234   0.449
   0.036  -0.739  -0.315  -0.253   0.430
   0.037  -0.740  -0.334  -0.272   0.411
   0.038  -0.742  -0.353  -0.291   0.392
   0.039  -0.743  -0.373  -0.311   0.372
   0.041  -0.745  -0.393  -0.331   0.352
   0.042  -0.747  -0.414  -0.352   0.331
   0.043  -0.748  -0.435  -0.373   0.310
   0.044  -0.750  -0.457  -0.395   0.288
   0.046  -0.752  -0.479  -0.417   0.266
   0.047  -0.754  -0.501  -0.439   0.244
   0.048  -0.755  -0.523  -0.461   0.221
   0.049  -0.757  -0.546  -0.484   0.199
   0.051  -0.759  -0.569  -0.507   0.176
   0.052  -0.761  -0.593  -0.531   0.152
   0.053  -0.763  -0.616  -0.554   0.129
   0.055  -0.765  -0.640  -0.578   0.105
   0.056  -0.767  -0.664  -0.602   0.081
   0.057  -0.768  -0.688  -0.626   0.057
   0.058  -0.770  -0.712  -0.650   0.033
   0.060  -0.772  -0.736  -0.674   0.009
   0.061  -0.774  -0.760  -0.698  -0.015
   0.062  -0.785  -0.776  -0.723  -0.040
   0.063  -0.809  -0.778  -0.747  -0.064
   0.065  -0.834  -0.780  -0.772  -0.089
   0.066  -0.858  -0.796  -0.782  -0.113
   0.067  -0.882  -0.820  -0.784  -0.137
   0.069  -0.906  -0.844  -0.786  -0.161
   0.070  -0.931  -0.869  -0.788  -0.186
   0.071  -0.955  -0.893  -0.790  -0.210
   0.072  -0.978  -0.916  -0.792  -0.233
   0.074  -1.002  -0.940  -0.794  -0.257
   0.075  -1.026  -0.964  -0.795  -0.281
   0.076  -1.049  -0.987  -0.797  -0.304
   0.077  -1.072  -1.010  -0.799  -0.327
   0.079  -1.095  -1.033  -0.801  -0.350
   0.080  -1.117  -1.055  -0.803  -0.372
   0.081  -1.140  -1.078  -0.805  -0.395
   0.082  -1.161  -1.099  -0.806  -0.416
   0.084  -1.183  -1.121  -0.808  -0.438
   0.085  -1.204  -1.142  -0.810  -0.459
   0.086  -1.225  -1.163  -0.811  -0.480
   0.088  -1.245  -1.183  -0.813  -0.500
   0.089  -1.265  -1.203  -0.815  -0.520
   0.090  -1.285  -1.223  -0.816  -0.540
   0.091  -1.304  -1.242  -0.818  -0.559
   0.093  -1.322  -1.260  -0.819  -0.577
   0.094  -1.340  -1.278  -0.821  -0.595
   0.095  -1.358  -1.296  -0.822  -0.613
   0.096  -1.375  -1.313  -0.823  -0.630
   0.098  -1.391  -1.329  -0.825  -0.646
   0.099  -1.407  -1.345  -0.826  -0.662
   0.100  -1.422  -1.360  -0.827  -0.677
   0.102  -1.437  -1.375  -0.828  -0.692
   0.103  -1.451  -1.389  -0.829  -0.706
   0.104  -1.464  -1.402  -0.830  -0.719
   0.105  -1.477  -1.415  -0.832  -0.732
   0.107  -1.489  -1.427  -0.832  -0.744
   0.108  -1.501  -1.439  -0.833  -0.756
   0.109  -1.511  -1.449  -0.834  -0.766
   0.110  -1.521  -1.459  -0.835  -0.776
   0.112  -1.531  -1.469  -0.836  -0.786
   0.113  -1.539  -1.477  -0.836  -0.794
   0.114  -1.547  -1.485  -0.837  -0.802
   0.115  -1.554  -1.492  -0.838  -0.809
   0.117  -1.561  -1.499  -0.838  -0.816
   0.118  -1.566  -1.504  -0.839  -0.821
   0.119  -1.571  -1.509  -0.839  -0.826
   0.121  -1.576  -1.514  -0.839  -0.831
   0.122  -1.579  -1.517  -0.840  -0.834
   0.123  -1.582  -1.520  -0.840  -0.837
   0.124  -1.584  -1.522  -0.840  -0.839
   0.126  -1.585  -1.523  -0.840  -0.840
   0.127  -1.585  -1.523  -0.840  -0.840
   0.129  -1.584  -1.522  -0.840  -0.840
   0.130  -1.582  -1.520  -0.838  -0.838
   0.132  -1.578  -1.516  -0.836  -0.836
   0.134  -1.573  -1.511  -0.834  -0.834
   0.136  -1.566  -1.504  -0.830  -0.830
   0.138  -1.558  -1.496  -0.825  -0.825
   0.139  -1.548  -1.486  -0.820  -0.820
   0.141  -1.536  -1.474  -0.814  -0.814
   0.143  -1.523  -1.461  -0.807  -0.807
   0.145  -1.509  -1.447  -0.799  -0.799
   0.147  -1.493  -1.431  -0.791  -0.791
   0.148  -1.476  -1.414  -0.781  -0.781
   0.150  -1.457  -1.395  -0.771  -0.771
   0.152  -1.437  -1.375  -0.760  -0.760
   0.154  -1.416  -1.354  -0.749  -0.749
   0.156  -1.393  -1.331  -0.736  -0.736
   0.157  -1.369  -1.307  -0.723  -0.723
   0.159  -1.344  -1.282  -0.710  -0.710
   0.161  -1.317  -1.255  -0.695  -0.695
   0.163  -1.289  -1.227  -0.680  -0.680
   0.165  -1.259  -1.197  -0.664  -0.664
   0.166  -1.229  -1.167  -0.648  -0.648
   0.168  -1.197  -1.135  -0.631  -0.631
   0.170  -1.164  -1.102  -0.613  -0.613
   0.172  -1.131  -1.069  -0.595  -0.595
   0.174  -1.096  -1.034  -0.576  -0.576
   0.175  -1.059  -0.997  -0.556  -0.556
   0.177  -1.022  -0.960  -0.536  -0.536
   0.179  -0.984  -0.922  -0.516  -0.516
   0.181  -0.945  -0.883  -0.495  -0.495
   0.183  -0.905  -0.843  -0.473  -0.473
   0.184  -0.865  -0.803  -0.451  -0.451
   0.186  -0.823  -0.761  -0.429  -0.429
   0.188  -0.781  -0.719  -0.406  -0.406
   0.190  -0.738  -0.676  -0.383  -0.383
   0.192  -0.694  -0.632  -0.359  -0.359
   0.193  -0.650  -0.588  -0.335  -0.335
   0.195  -0.604  -0.542  -0.311  -0.311
   0.197  -0.559  -0.497  -0.286  -0.286
   0.199  -0.513  -0.451  -0.261  -0.261
   0.200  -0.466  -0.404  -0.236  -0.236
   0.202  -0.419  -0.357  -0.211  -0.211
   0.204  -0.372  -0.310  -0.185  -0.185
   0.206  -0.324  -0.262  -0.159  -0.159
   0.208  -0.276  -0.214  -0.133  -0.133
   0.209  -0.228  -0.166  -0.107  -0.107
   0.211  -0.179  -0.117  -0.081  -0.081
   0.213  -0.131  -0.069  -0.055  -0.055
   0.215  -0.082  -0.028  -0.028  -0.020
   0.217  -0.033  -0.002  -0.002   0.029
   0.218   0.016   0.024   0.024   0.078
   0.220   0.050   0.050   0.064   0.126
   0.222   0.077   0.077   0.113   0.175
   0.224   0.103   0.103   0.161   0.223
   0.226   0.129   0.129   0.210   0.272
   0.227   0.155   0.155   0.258   0.320
   0.229   0.181   0.181   0.305   0.367
   0.231   0.206   0.206   0.353   0.415
   0.233   0.232   0.232   0.400   0.462
   0.235   0.257   0.257   0.446   0.508
   0.236   0.282   0.282   0.493   0.555
   0.238   0.306   0.306   0.538   0.600
   0.240   0.331   0.331   0.583   0.645
   0.242   0.355   0.355   0.628   0.690
   0.244   0.378   0.378   0.671   0.733
   0.245   0.402   0.402   0.714   0.776
   0.247   0.424   0.424   0.757   0.819
   0.249   0.447   0.447   0.798   0.860
   0.251   0.469   0.469   0.839   0.901
   0.253   0.490   0.490   0.879   0.941
   0.254   0.511   0.511   0.918   0.980
   0.256   0.532   0.532   0.956   1.018
   0.258   0.552   0.552   0.993   1.055
   0.260   0.571   0.571   1.029   1.091
   0.262   0.590   0.590   1.064   1.126
   0.263   0.609   0.609   1.098   1.160
   0.265   0.626   0.626   1.131   1.193
   0.267   0.643   0.643   1.163   1.225
   0.269   0.660   0.660   1.193   1.255
   0.270   0.676   0.676   1.222   1.284
   0.272   0.691   0.691   1.250   1.312
   0.274   0.705   0.705   1.277   1.339
   0.276   0.719   0.719   1.303   1.365
   0.278   0.732   0.732   1.327   1.389
   0.279   0.744   0.744   1.350   1.412
   0.281   0.756   0.756   1.371   1.433
   0.283   0.767   0.767   1.391   1.453
   0.285   0.777   0.777   1.410   1.472
   0.287   0.786   0.786   1.427   1.489
   0.288   0.795   0.795   1.443   1.505
   0.290   0.803   0.803   1.457   1.519
   0.292   0.809   0.809   1.470   1.532
   0.294   0.816   0.816   1.481   1.543
   0.296   0.821   0.821   1.491   1.553
   0.297   0.825   0.825   1.500   1.562
   0.299   0.829   0.829   1.507   1.569
   0.301   0.832   0.832   1.512   1.574
   0.303   0.834   0.834   1.516   1.578
   0.305   0.835   0.835   1.518   1.580
   0.306   0.836   0.836   1.519   1.581
 @# k   EF=0
   0.000   0.000
   0.306   0.000
