&charge
 q_mul(1,1,0) = 0.48238790737705223
 q_mul(1,1,1) = -7.8852087545098163E-018
 q_mul(1,1,2) = 3.1600324516351248E-018
 q_mul(1,1,3) = -8.4824397186762310E-003
 q_mul(1,2,0) = 0.62366134436679943
 q_mul(1,2,1) = -2.4696691823082602E-017
 q_mul(1,2,2) = 7.2569394944997030E-018
 q_mul(1,2,3) = -0.10728255115761526
 q_mul(1,3,0) = 6.8939507485859846
 q_mul(1,3,1) = 5.3762263248350146E-017
 q_mul(1,3,2) = -3.4528187628380971E-016
 q_mul(1,3,3) = 2.5850871589415245
 rho_net(1,1,1,1) = (0.13800120363086010, 0.0000000000000000)
 rho_net(1,1,1,2) = (0.14465496269432943, 0.0000000000000000)
 rho_net(1,1,1,3) = (-2.2814726101954091E-018, -1.4982001745001000E-018)
 rho_net(1,1,1,4) = (-2.2814726101954091E-018, 1.4982001745001000E-018)
 rho_net(1,1,2,1) = (0.0000000000000000, 0.0000000000000000)
 rho_net(1,1,2,2) = (0.0000000000000000, 0.0000000000000000)
 rho_net(1,1,2,3) = (0.0000000000000000, 0.0000000000000000)
 rho_net(1,1,2,4) = (0.0000000000000000, 0.0000000000000000)
 rho_net(1,1,3,1) = (0.0000000000000000, 0.0000000000000000)
 rho_net(1,1,3,2) = (0.0000000000000000, 0.0000000000000000)
 rho_net(1,1,3,3) = (0.0000000000000000, 0.0000000000000000)
 rho_net(1,1,3,4) = (0.0000000000000000, 0.0000000000000000)
 rho_net(1,1,4,1) = (0.0000000000000000, 0.0000000000000000)
 rho_net(1,1,4,2) = (0.0000000000000000, 0.0000000000000000)
 rho_net(1,1,4,3) = (0.0000000000000000, 0.0000000000000000)
 rho_net(1,1,4,4) = (0.0000000000000000, 0.0000000000000000)
 rho_net(1,1,5,1) = (0.0000000000000000, 0.0000000000000000)
 rho_net(1,1,5,2) = (0.0000000000000000, 0.0000000000000000)
 rho_net(1,1,5,3) = (0.0000000000000000, 0.0000000000000000)
 rho_net(1,1,5,4) = (0.0000000000000000, 0.0000000000000000)
 rho_net(1,1,6,1) = (0.0000000000000000, 0.0000000000000000)
 rho_net(1,1,6,2) = (0.0000000000000000, 0.0000000000000000)
 rho_net(1,1,6,3) = (0.0000000000000000, 0.0000000000000000)
 rho_net(1,1,6,4) = (0.0000000000000000, 0.0000000000000000)
 rho_net(1,1,7,1) = (0.0000000000000000, 0.0000000000000000)
 rho_net(1,1,7,2) = (0.0000000000000000, 0.0000000000000000)
 rho_net(1,1,7,3) = (0.0000000000000000, 0.0000000000000000)
 rho_net(1,1,7,4) = (0.0000000000000000, 0.0000000000000000)
 rho_net(1,1,8,1) = (0.0000000000000000, 0.0000000000000000)
 rho_net(1,1,8,2) = (0.0000000000000000, 0.0000000000000000)
 rho_net(1,1,8,3) = (0.0000000000000000, 0.0000000000000000)
 rho_net(1,1,8,4) = (0.0000000000000000, 0.0000000000000000)
 rho_net(1,1,9,1) = (0.0000000000000000, 0.0000000000000000)
 rho_net(1,1,9,2) = (0.0000000000000000, 0.0000000000000000)
 rho_net(1,1,9,3) = (0.0000000000000000, 0.0000000000000000)
 rho_net(1,1,9,4) = (0.0000000000000000, 0.0000000000000000)
 rho_net(1,2,1,1) = (0.0000000000000000, 0.0000000000000000)
 rho_net(1,2,1,2) = (0.0000000000000000, 0.0000000000000000)
 rho_net(1,2,1,3) = (0.0000000000000000, 0.0000000000000000)
 rho_net(1,2,1,4) = (0.0000000000000000, 0.0000000000000000)
 rho_net(1,2,2,1) = (4.3079574474385880E-002, 0.0000000000000000)
 rho_net(1,2,2,2) = (5.9122997498775580E-002, 0.0000000000000000)
 rho_net(1,2,2,3) = (-1.2092043585581200E-018, 3.4612571050286478E-020)
 rho_net(1,2,2,4) = (-1.2092043585581200E-018, -3.4612571050286478E-020)
 rho_net(1,2,3,1) = (0.0000000000000000, 0.0000000000000000)
 rho_net(1,2,3,2) = (0.0000000000000000, 0.0000000000000000)
 rho_net(1,2,3,3) = (0.0000000000000000, 0.0000000000000000)
 rho_net(1,2,3,4) = (0.0000000000000000, 0.0000000000000000)
 rho_net(1,2,4,1) = (0.0000000000000000, 0.0000000000000000)
 rho_net(1,2,4,2) = (0.0000000000000000, 0.0000000000000000)
 rho_net(1,2,4,3) = (0.0000000000000000, 0.0000000000000000)
 rho_net(1,2,4,4) = (0.0000000000000000, 0.0000000000000000)
 rho_net(1,2,5,1) = (0.0000000000000000, 0.0000000000000000)
 rho_net(1,2,5,2) = (0.0000000000000000, 0.0000000000000000)
 rho_net(1,2,5,3) = (0.0000000000000000, 0.0000000000000000)
 rho_net(1,2,5,4) = (0.0000000000000000, 0.0000000000000000)
 rho_net(1,2,6,1) = (0.0000000000000000, 0.0000000000000000)
 rho_net(1,2,6,2) = (0.0000000000000000, 0.0000000000000000)
 rho_net(1,2,6,3) = (0.0000000000000000, 0.0000000000000000)
 rho_net(1,2,6,4) = (0.0000000000000000, 0.0000000000000000)
 rho_net(1,2,7,1) = (0.0000000000000000, 0.0000000000000000)
 rho_net(1,2,7,2) = (0.0000000000000000, 0.0000000000000000)
 rho_net(1,2,7,3) = (0.0000000000000000, 0.0000000000000000)
 rho_net(1,2,7,4) = (0.0000000000000000, 0.0000000000000000)
 rho_net(1,2,8,1) = (0.0000000000000000, 0.0000000000000000)
 rho_net(1,2,8,2) = (0.0000000000000000, 0.0000000000000000)
 rho_net(1,2,8,3) = (0.0000000000000000, 0.0000000000000000)
 rho_net(1,2,8,4) = (0.0000000000000000, 0.0000000000000000)
 rho_net(1,2,9,1) = (0.0000000000000000, 0.0000000000000000)
 rho_net(1,2,9,2) = (0.0000000000000000, 0.0000000000000000)
 rho_net(1,2,9,3) = (0.0000000000000000, 0.0000000000000000)
 rho_net(1,2,9,4) = (0.0000000000000000, 0.0000000000000000)
 rho_net(1,3,1,1) = (0.0000000000000000, 0.0000000000000000)
 rho_net(1,3,1,2) = (0.0000000000000000, 0.0000000000000000)
 rho_net(1,3,1,3) = (0.0000000000000000, 0.0000000000000000)
 rho_net(1,3,1,4) = (0.0000000000000000, 0.0000000000000000)
 rho_net(1,3,2,1) = (0.0000000000000000, 0.0000000000000000)
 rho_net(1,3,2,2) = (0.0000000000000000, 0.0000000000000000)
 rho_net(1,3,2,3) = (0.0000000000000000, 0.0000000000000000)
 rho_net(1,3,2,4) = (0.0000000000000000, 0.0000000000000000)
 rho_net(1,3,3,1) = (4.3079574474385936E-002, 0.0000000000000000)
 rho_net(1,3,3,2) = (5.9122997498775774E-002, 0.0000000000000000)
 rho_net(1,3,3,3) = (-3.1010439833563122E-018, -8.6384709626263769E-019)
 rho_net(1,3,3,4) = (-3.1010439833563122E-018, 8.6384709626263769E-019)
 rho_net(1,3,4,1) = (0.0000000000000000, 0.0000000000000000)
 rho_net(1,3,4,2) = (0.0000000000000000, 0.0000000000000000)
 rho_net(1,3,4,3) = (0.0000000000000000, 0.0000000000000000)
 rho_net(1,3,4,4) = (0.0000000000000000, 0.0000000000000000)
 rho_net(1,3,5,1) = (0.0000000000000000, 0.0000000000000000)
 rho_net(1,3,5,2) = (0.0000000000000000, 0.0000000000000000)
 rho_net(1,3,5,3) = (0.0000000000000000, 0.0000000000000000)
 rho_net(1,3,5,4) = (0.0000000000000000, 0.0000000000000000)
 rho_net(1,3,6,1) = (0.0000000000000000, 0.0000000000000000)
 rho_net(1,3,6,2) = (0.0000000000000000, 0.0000000000000000)
 rho_net(1,3,6,3) = (0.0000000000000000, 0.0000000000000000)
 rho_net(1,3,6,4) = (0.0000000000000000, 0.0000000000000000)
 rho_net(1,3,7,1) = (0.0000000000000000, 0.0000000000000000)
 rho_net(1,3,7,2) = (0.0000000000000000, 0.0000000000000000)
 rho_net(1,3,7,3) = (0.0000000000000000, 0.0000000000000000)
 rho_net(1,3,7,4) = (0.0000000000000000, 0.0000000000000000)
 rho_net(1,3,8,1) = (0.0000000000000000, 0.0000000000000000)
 rho_net(1,3,8,2) = (0.0000000000000000, 0.0000000000000000)
 rho_net(1,3,8,3) = (0.0000000000000000, 0.0000000000000000)
 rho_net(1,3,8,4) = (0.0000000000000000, 0.0000000000000000)
 rho_net(1,3,9,1) = (0.0000000000000000, 0.0000000000000000)
 rho_net(1,3,9,2) = (0.0000000000000000, 0.0000000000000000)
 rho_net(1,3,9,3) = (0.0000000000000000, 0.0000000000000000)
 rho_net(1,3,9,4) = (0.0000000000000000, 0.0000000000000000)
 rho_net(1,4,1,1) = (0.0000000000000000, 0.0000000000000000)
 rho_net(1,4,1,2) = (0.0000000000000000, 0.0000000000000000)
 rho_net(1,4,1,3) = (0.0000000000000000, 0.0000000000000000)
 rho_net(1,4,1,4) = (0.0000000000000000, 0.0000000000000000)
 rho_net(1,4,2,1) = (0.0000000000000000, 0.0000000000000000)
 rho_net(1,4,2,2) = (0.0000000000000000, 0.0000000000000000)
 rho_net(1,4,2,3) = (0.0000000000000000, 0.0000000000000000)
 rho_net(1,4,2,4) = (0.0000000000000000, 0.0000000000000000)
 rho_net(1,4,3,1) = (0.0000000000000000, 0.0000000000000000)
 rho_net(1,4,3,2) = (0.0000000000000000, 0.0000000000000000)
 rho_net(1,4,3,3) = (0.0000000000000000, 0.0000000000000000)
 rho_net(1,4,3,4) = (0.0000000000000000, 0.0000000000000000)
 rho_net(1,4,4,1) = (4.3080246836157417E-002, 0.0000000000000000)
 rho_net(1,4,4,2) = (5.9118771980952188E-002, 0.0000000000000000)
 rho_net(1,4,4,3) = (-5.4704127872721587E-019, -5.0140404786630774E-019)
 rho_net(1,4,4,4) = (-5.4704127872721587E-019, 5.0140404786630774E-019)
 rho_net(1,4,5,1) = (0.0000000000000000, 0.0000000000000000)
 rho_net(1,4,5,2) = (0.0000000000000000, 0.0000000000000000)
 rho_net(1,4,5,3) = (0.0000000000000000, 0.0000000000000000)
 rho_net(1,4,5,4) = (0.0000000000000000, 0.0000000000000000)
 rho_net(1,4,6,1) = (0.0000000000000000, 0.0000000000000000)
 rho_net(1,4,6,2) = (0.0000000000000000, 0.0000000000000000)
 rho_net(1,4,6,3) = (0.0000000000000000, 0.0000000000000000)
 rho_net(1,4,6,4) = (0.0000000000000000, 0.0000000000000000)
 rho_net(1,4,7,1) = (0.0000000000000000, 0.0000000000000000)
 rho_net(1,4,7,2) = (0.0000000000000000, 0.0000000000000000)
 rho_net(1,4,7,3) = (0.0000000000000000, 0.0000000000000000)
 rho_net(1,4,7,4) = (0.0000000000000000, 0.0000000000000000)
 rho_net(1,4,8,1) = (0.0000000000000000, 0.0000000000000000)
 rho_net(1,4,8,2) = (0.0000000000000000, 0.0000000000000000)
 rho_net(1,4,8,3) = (0.0000000000000000, 0.0000000000000000)
 rho_net(1,4,8,4) = (0.0000000000000000, 0.0000000000000000)
 rho_net(1,4,9,1) = (0.0000000000000000, 0.0000000000000000)
 rho_net(1,4,9,2) = (0.0000000000000000, 0.0000000000000000)
 rho_net(1,4,9,3) = (0.0000000000000000, 0.0000000000000000)
 rho_net(1,4,9,4) = (0.0000000000000000, 0.0000000000000000)
 rho_net(1,5,1,1) = (0.0000000000000000, 0.0000000000000000)
 rho_net(1,5,1,2) = (0.0000000000000000, 0.0000000000000000)
 rho_net(1,5,1,3) = (0.0000000000000000, 0.0000000000000000)
 rho_net(1,5,1,4) = (0.0000000000000000, 0.0000000000000000)
 rho_net(1,5,2,1) = (0.0000000000000000, 0.0000000000000000)
 rho_net(1,5,2,2) = (0.0000000000000000, 0.0000000000000000)
 rho_net(1,5,2,3) = (0.0000000000000000, 0.0000000000000000)
 rho_net(1,5,2,4) = (0.0000000000000000, 0.0000000000000000)
 rho_net(1,5,3,1) = (0.0000000000000000, 0.0000000000000000)
 rho_net(1,5,3,2) = (0.0000000000000000, 0.0000000000000000)
 rho_net(1,5,3,3) = (0.0000000000000000, 0.0000000000000000)
 rho_net(1,5,3,4) = (0.0000000000000000, 0.0000000000000000)
 rho_net(1,5,4,1) = (0.0000000000000000, 0.0000000000000000)
 rho_net(1,5,4,2) = (0.0000000000000000, 0.0000000000000000)
 rho_net(1,5,4,3) = (0.0000000000000000, 0.0000000000000000)
 rho_net(1,5,4,4) = (0.0000000000000000, 0.0000000000000000)
 rho_net(1,5,5,1) = (0.94099557192471339, 0.0000000000000000)
 rho_net(1,5,5,2) = (0.47378761317575030, 0.0000000000000000)
 rho_net(1,5,5,3) = (-6.8529003870478962E-018, 4.0763394388320244E-017)
 rho_net(1,5,5,4) = (-6.8529003870478962E-018, -4.0763394388320244E-017)
 rho_net(1,5,6,1) = (0.0000000000000000, 0.0000000000000000)
 rho_net(1,5,6,2) = (0.0000000000000000, 0.0000000000000000)
 rho_net(1,5,6,3) = (0.0000000000000000, 0.0000000000000000)
 rho_net(1,5,6,4) = (0.0000000000000000, 0.0000000000000000)
 rho_net(1,5,7,1) = (0.0000000000000000, 0.0000000000000000)
 rho_net(1,5,7,2) = (0.0000000000000000, 0.0000000000000000)
 rho_net(1,5,7,3) = (0.0000000000000000, 0.0000000000000000)
 rho_net(1,5,7,4) = (0.0000000000000000, 0.0000000000000000)
 rho_net(1,5,8,1) = (0.0000000000000000, 0.0000000000000000)
 rho_net(1,5,8,2) = (0.0000000000000000, 0.0000000000000000)
 rho_net(1,5,8,3) = (0.0000000000000000, 0.0000000000000000)
 rho_net(1,5,8,4) = (0.0000000000000000, 0.0000000000000000)
 rho_net(1,5,9,1) = (0.0000000000000000, 0.0000000000000000)
 rho_net(1,5,9,2) = (0.0000000000000000, 0.0000000000000000)
 rho_net(1,5,9,3) = (0.0000000000000000, 0.0000000000000000)
 rho_net(1,5,9,4) = (0.0000000000000000, 0.0000000000000000)
 rho_net(1,6,1,1) = (0.0000000000000000, 0.0000000000000000)
 rho_net(1,6,1,2) = (0.0000000000000000, 0.0000000000000000)
 rho_net(1,6,1,3) = (0.0000000000000000, 0.0000000000000000)
 rho_net(1,6,1,4) = (0.0000000000000000, 0.0000000000000000)
 rho_net(1,6,2,1) = (0.0000000000000000, 0.0000000000000000)
 rho_net(1,6,2,2) = (0.0000000000000000, 0.0000000000000000)
 rho_net(1,6,2,3) = (0.0000000000000000, 0.0000000000000000)
 rho_net(1,6,2,4) = (0.0000000000000000, 0.0000000000000000)
 rho_net(1,6,3,1) = (0.0000000000000000, 0.0000000000000000)
 rho_net(1,6,3,2) = (0.0000000000000000, 0.0000000000000000)
 rho_net(1,6,3,3) = (0.0000000000000000, 0.0000000000000000)
 rho_net(1,6,3,4) = (0.0000000000000000, 0.0000000000000000)
 rho_net(1,6,4,1) = (0.0000000000000000, 0.0000000000000000)
 rho_net(1,6,4,2) = (0.0000000000000000, 0.0000000000000000)
 rho_net(1,6,4,3) = (0.0000000000000000, 0.0000000000000000)
 rho_net(1,6,4,4) = (0.0000000000000000, 0.0000000000000000)
 rho_net(1,6,5,1) = (0.0000000000000000, 0.0000000000000000)
 rho_net(1,6,5,2) = (0.0000000000000000, 0.0000000000000000)
 rho_net(1,6,5,3) = (0.0000000000000000, 0.0000000000000000)
 rho_net(1,6,5,4) = (0.0000000000000000, 0.0000000000000000)
 rho_net(1,6,6,1) = (0.94093205530304791, 0.0000000000000000)
 rho_net(1,6,6,2) = (0.47310273507431078, 0.0000000000000000)
 rho_net(1,6,6,3) = (-4.6770930348303906E-018, 2.5376855689003075E-017)
 rho_net(1,6,6,4) = (-4.6770930348303906E-018, -2.5376855689003075E-017)
 rho_net(1,6,7,1) = (0.0000000000000000, 0.0000000000000000)
 rho_net(1,6,7,2) = (0.0000000000000000, 0.0000000000000000)
 rho_net(1,6,7,3) = (0.0000000000000000, 0.0000000000000000)
 rho_net(1,6,7,4) = (0.0000000000000000, 0.0000000000000000)
 rho_net(1,6,8,1) = (0.0000000000000000, 0.0000000000000000)
 rho_net(1,6,8,2) = (0.0000000000000000, 0.0000000000000000)
 rho_net(1,6,8,3) = (0.0000000000000000, 0.0000000000000000)
 rho_net(1,6,8,4) = (0.0000000000000000, 0.0000000000000000)
 rho_net(1,6,9,1) = (0.0000000000000000, 0.0000000000000000)
 rho_net(1,6,9,2) = (0.0000000000000000, 0.0000000000000000)
 rho_net(1,6,9,3) = (0.0000000000000000, 0.0000000000000000)
 rho_net(1,6,9,4) = (0.0000000000000000, 0.0000000000000000)
 rho_net(1,7,1,1) = (0.0000000000000000, 0.0000000000000000)
 rho_net(1,7,1,2) = (0.0000000000000000, 0.0000000000000000)
 rho_net(1,7,1,3) = (0.0000000000000000, 0.0000000000000000)
 rho_net(1,7,1,4) = (0.0000000000000000, 0.0000000000000000)
 rho_net(1,7,2,1) = (0.0000000000000000, 0.0000000000000000)
 rho_net(1,7,2,2) = (0.0000000000000000, 0.0000000000000000)
 rho_net(1,7,2,3) = (0.0000000000000000, 0.0000000000000000)
 rho_net(1,7,2,4) = (0.0000000000000000, 0.0000000000000000)
 rho_net(1,7,3,1) = (0.0000000000000000, 0.0000000000000000)
 rho_net(1,7,3,2) = (0.0000000000000000, 0.0000000000000000)
 rho_net(1,7,3,3) = (0.0000000000000000, 0.0000000000000000)
 rho_net(1,7,3,4) = (0.0000000000000000, 0.0000000000000000)
 rho_net(1,7,4,1) = (0.0000000000000000, 0.0000000000000000)
 rho_net(1,7,4,2) = (0.0000000000000000, 0.0000000000000000)
 rho_net(1,7,4,3) = (0.0000000000000000, 0.0000000000000000)
 rho_net(1,7,4,4) = (0.0000000000000000, 0.0000000000000000)
 rho_net(1,7,5,1) = (0.0000000000000000, 0.0000000000000000)
 rho_net(1,7,5,2) = (0.0000000000000000, 0.0000000000000000)
 rho_net(1,7,5,3) = (0.0000000000000000, 0.0000000000000000)
 rho_net(1,7,5,4) = (0.0000000000000000, 0.0000000000000000)
 rho_net(1,7,6,1) = (0.0000000000000000, 0.0000000000000000)
 rho_net(1,7,6,2) = (0.0000000000000000, 0.0000000000000000)
 rho_net(1,7,6,3) = (0.0000000000000000, 0.0000000000000000)
 rho_net(1,7,6,4) = (0.0000000000000000, 0.0000000000000000)
 rho_net(1,7,7,1) = (0.94093205530304891, 0.0000000000000000)
 rho_net(1,7,7,2) = (0.47310273507431355, 0.0000000000000000)
 rho_net(1,7,7,3) = (2.1561702099010928E-018, 2.2401216676292265E-017)
 rho_net(1,7,7,4) = (2.1561702099010928E-018, -2.2401216676292265E-017)
 rho_net(1,7,8,1) = (0.0000000000000000, 0.0000000000000000)
 rho_net(1,7,8,2) = (0.0000000000000000, 0.0000000000000000)
 rho_net(1,7,8,3) = (0.0000000000000000, 0.0000000000000000)
 rho_net(1,7,8,4) = (0.0000000000000000, 0.0000000000000000)
 rho_net(1,7,9,1) = (0.0000000000000000, 0.0000000000000000)
 rho_net(1,7,9,2) = (0.0000000000000000, 0.0000000000000000)
 rho_net(1,7,9,3) = (0.0000000000000000, 0.0000000000000000)
 rho_net(1,7,9,4) = (0.0000000000000000, 0.0000000000000000)
 rho_net(1,8,1,1) = (0.0000000000000000, 0.0000000000000000)
 rho_net(1,8,1,2) = (0.0000000000000000, 0.0000000000000000)
 rho_net(1,8,1,3) = (0.0000000000000000, 0.0000000000000000)
 rho_net(1,8,1,4) = (0.0000000000000000, 0.0000000000000000)
 rho_net(1,8,2,1) = (0.0000000000000000, 0.0000000000000000)
 rho_net(1,8,2,2) = (0.0000000000000000, 0.0000000000000000)
 rho_net(1,8,2,3) = (0.0000000000000000, 0.0000000000000000)
 rho_net(1,8,2,4) = (0.0000000000000000, 0.0000000000000000)
 rho_net(1,8,3,1) = (0.0000000000000000, 0.0000000000000000)
 rho_net(1,8,3,2) = (0.0000000000000000, 0.0000000000000000)
 rho_net(1,8,3,3) = (0.0000000000000000, 0.0000000000000000)
 rho_net(1,8,3,4) = (0.0000000000000000, 0.0000000000000000)
 rho_net(1,8,4,1) = (0.0000000000000000, 0.0000000000000000)
 rho_net(1,8,4,2) = (0.0000000000000000, 0.0000000000000000)
 rho_net(1,8,4,3) = (0.0000000000000000, 0.0000000000000000)
 rho_net(1,8,4,4) = (0.0000000000000000, 0.0000000000000000)
 rho_net(1,8,5,1) = (0.0000000000000000, 0.0000000000000000)
 rho_net(1,8,5,2) = (0.0000000000000000, 0.0000000000000000)
 rho_net(1,8,5,3) = (0.0000000000000000, 0.0000000000000000)
 rho_net(1,8,5,4) = (0.0000000000000000, 0.0000000000000000)
 rho_net(1,8,6,1) = (0.0000000000000000, 0.0000000000000000)
 rho_net(1,8,6,2) = (0.0000000000000000, 0.0000000000000000)
 rho_net(1,8,6,3) = (0.0000000000000000, 0.0000000000000000)
 rho_net(1,8,6,4) = (0.0000000000000000, 0.0000000000000000)
 rho_net(1,8,7,1) = (0.0000000000000000, 0.0000000000000000)
 rho_net(1,8,7,2) = (0.0000000000000000, 0.0000000000000000)
 rho_net(1,8,7,3) = (0.0000000000000000, 0.0000000000000000)
 rho_net(1,8,7,4) = (0.0000000000000000, 0.0000000000000000)
 rho_net(1,8,8,1) = (0.95635227404731959, 0.0000000000000000)
 rho_net(1,8,8,2) = (0.32413014418461672, 0.0000000000000000)
 rho_net(1,8,8,3) = (3.2758491300435651E-017, 4.4489707349067872E-017)
 rho_net(1,8,8,4) = (3.2758491300435651E-017, -4.4489707349067872E-017)
 rho_net(1,8,9,1) = (0.0000000000000000, 0.0000000000000000)
 rho_net(1,8,9,2) = (0.0000000000000000, 0.0000000000000000)
 rho_net(1,8,9,3) = (0.0000000000000000, 0.0000000000000000)
 rho_net(1,8,9,4) = (0.0000000000000000, 0.0000000000000000)
 rho_net(1,9,1,1) = (0.0000000000000000, 0.0000000000000000)
 rho_net(1,9,1,2) = (0.0000000000000000, 0.0000000000000000)
 rho_net(1,9,1,3) = (0.0000000000000000, 0.0000000000000000)
 rho_net(1,9,1,4) = (0.0000000000000000, 0.0000000000000000)
 rho_net(1,9,2,1) = (0.0000000000000000, 0.0000000000000000)
 rho_net(1,9,2,2) = (0.0000000000000000, 0.0000000000000000)
 rho_net(1,9,2,3) = (0.0000000000000000, 0.0000000000000000)
 rho_net(1,9,2,4) = (0.0000000000000000, 0.0000000000000000)
 rho_net(1,9,3,1) = (0.0000000000000000, 0.0000000000000000)
 rho_net(1,9,3,2) = (0.0000000000000000, 0.0000000000000000)
 rho_net(1,9,3,3) = (0.0000000000000000, 0.0000000000000000)
 rho_net(1,9,3,4) = (0.0000000000000000, 0.0000000000000000)
 rho_net(1,9,4,1) = (0.0000000000000000, 0.0000000000000000)
 rho_net(1,9,4,2) = (0.0000000000000000, 0.0000000000000000)
 rho_net(1,9,4,3) = (0.0000000000000000, 0.0000000000000000)
 rho_net(1,9,4,4) = (0.0000000000000000, 0.0000000000000000)
 rho_net(1,9,5,1) = (0.0000000000000000, 0.0000000000000000)
 rho_net(1,9,5,2) = (0.0000000000000000, 0.0000000000000000)
 rho_net(1,9,5,3) = (0.0000000000000000, 0.0000000000000000)
 rho_net(1,9,5,4) = (0.0000000000000000, 0.0000000000000000)
 rho_net(1,9,6,1) = (0.0000000000000000, 0.0000000000000000)
 rho_net(1,9,6,2) = (0.0000000000000000, 0.0000000000000000)
 rho_net(1,9,6,3) = (0.0000000000000000, 0.0000000000000000)
 rho_net(1,9,6,4) = (0.0000000000000000, 0.0000000000000000)
 rho_net(1,9,7,1) = (0.0000000000000000, 0.0000000000000000)
 rho_net(1,9,7,2) = (0.0000000000000000, 0.0000000000000000)
 rho_net(1,9,7,3) = (0.0000000000000000, 0.0000000000000000)
 rho_net(1,9,7,4) = (0.0000000000000000, 0.0000000000000000)
 rho_net(1,9,8,1) = (0.0000000000000000, 0.0000000000000000)
 rho_net(1,9,8,2) = (0.0000000000000000, 0.0000000000000000)
 rho_net(1,9,8,3) = (0.0000000000000000, 0.0000000000000000)
 rho_net(1,9,8,4) = (0.0000000000000000, 0.0000000000000000)
 rho_net(1,9,9,1) = (0.95621074324859612, 0.0000000000000000)
 rho_net(1,9,9,2) = (0.32380179666406772, 0.0000000000000000)
 rho_net(1,9,9,3) = (3.7766114161444881E-018, 4.4117754659767305E-017)
 rho_net(1,9,9,4) = (3.7766114161444881E-018, -4.4117754659767305E-017)
 /
