 @#dos of site           1 p(up) p(dn) px(up) px(dn) py(up) py(dn) pz(up) pz(dn)
-10.000000000000000 6.3738318875172738E-085 6.3738318875172738E-085 2.1246106291724147E-085 2.1246106291724147E-085 2.1246106291724167E-085 2.1246106291724167E-085 2.1246106291724418E-085 2.1246106291724418E-085
-9.9000000000000004 6.3738318875172738E-085 6.3738318875172738E-085 2.1246106291724147E-085 2.1246106291724147E-085 2.1246106291724167E-085 2.1246106291724167E-085 2.1246106291724418E-085 2.1246106291724418E-085
-9.8000000000000007 6.3738318875172738E-085 6.3738318875172738E-085 2.1246106291724147E-085 2.1246106291724147E-085 2.1246106291724167E-085 2.1246106291724167E-085 2.1246106291724418E-085 2.1246106291724418E-085
-9.6999999999999993 6.3738318875172738E-085 6.3738318875172738E-085 2.1246106291724147E-085 2.1246106291724147E-085 2.1246106291724167E-085 2.1246106291724167E-085 2.1246106291724418E-085 2.1246106291724418E-085
-9.5999999999999996 6.3738318875172738E-085 6.3738318875172738E-085 2.1246106291724147E-085 2.1246106291724147E-085 2.1246106291724167E-085 2.1246106291724167E-085 2.1246106291724418E-085 2.1246106291724418E-085
-9.5000000000000000 6.3738318875172738E-085 6.3738318875172738E-085 2.1246106291724147E-085 2.1246106291724147E-085 2.1246106291724167E-085 2.1246106291724167E-085 2.1246106291724418E-085 2.1246106291724418E-085
-9.4000000000000004 6.3738318875172738E-085 6.3738318875172738E-085 2.1246106291724147E-085 2.1246106291724147E-085 2.1246106291724167E-085 2.1246106291724167E-085 2.1246106291724418E-085 2.1246106291724418E-085
-9.3000000000000007 6.3738318875172738E-085 6.3738318875172738E-085 2.1246106291724147E-085 2.1246106291724147E-085 2.1246106291724167E-085 2.1246106291724167E-085 2.1246106291724418E-085 2.1246106291724418E-085
-9.1999999999999993 6.3738318875172738E-085 6.3738318875172738E-085 2.1246106291724147E-085 2.1246106291724147E-085 2.1246106291724167E-085 2.1246106291724167E-085 2.1246106291724418E-085 2.1246106291724418E-085
-9.0999999999999996 6.3738318875172738E-085 6.3738318875172738E-085 2.1246106291724147E-085 2.1246106291724147E-085 2.1246106291724167E-085 2.1246106291724167E-085 2.1246106291724418E-085 2.1246106291724418E-085
-9.0000000000000000 6.3738318875172738E-085 6.3738318875172738E-085 2.1246106291724147E-085 2.1246106291724147E-085 2.1246106291724167E-085 2.1246106291724167E-085 2.1246106291724418E-085 2.1246106291724418E-085
-8.9000000000000004 6.3738318875172738E-085 6.3738318875172738E-085 2.1246106291724147E-085 2.1246106291724147E-085 2.1246106291724167E-085 2.1246106291724167E-085 2.1246106291724418E-085 2.1246106291724418E-085
-8.8000000000000007 6.3738318875172738E-085 6.3738318875172738E-085 2.1246106291724147E-085 2.1246106291724147E-085 2.1246106291724167E-085 2.1246106291724167E-085 2.1246106291724418E-085 2.1246106291724418E-085
-8.6999999999999993 6.3738318875172738E-085 6.3738318875172738E-085 2.1246106291724147E-085 2.1246106291724147E-085 2.1246106291724167E-085 2.1246106291724167E-085 2.1246106291724418E-085 2.1246106291724418E-085
-8.5999999999999996 6.3738318875172738E-085 6.3738318875172738E-085 2.1246106291724147E-085 2.1246106291724147E-085 2.1246106291724167E-085 2.1246106291724167E-085 2.1246106291724418E-085 2.1246106291724418E-085
-8.5000000000000000 6.3738318875172738E-085 6.3738318875172738E-085 2.1246106291724147E-085 2.1246106291724147E-085 2.1246106291724167E-085 2.1246106291724167E-085 2.1246106291724418E-085 2.1246106291724418E-085
-8.4000000000000004 6.3738318875172738E-085 6.3738318875172738E-085 2.1246106291724147E-085 2.1246106291724147E-085 2.1246106291724167E-085 2.1246106291724167E-085 2.1246106291724418E-085 2.1246106291724418E-085
-8.3000000000000007 6.3738318875172738E-085 6.3738318875172738E-085 2.1246106291724147E-085 2.1246106291724147E-085 2.1246106291724167E-085 2.1246106291724167E-085 2.1246106291724418E-085 2.1246106291724418E-085
-8.1999999999999993 6.3738318875172738E-085 6.3738318875172738E-085 2.1246106291724147E-085 2.1246106291724147E-085 2.1246106291724167E-085 2.1246106291724167E-085 2.1246106291724418E-085 2.1246106291724418E-085
-8.0999999999999996 6.3738318875172738E-085 6.3738318875172738E-085 2.1246106291724147E-085 2.1246106291724147E-085 2.1246106291724167E-085 2.1246106291724167E-085 2.1246106291724418E-085 2.1246106291724418E-085
-8.0000000000000000 6.3738318875172738E-085 6.3738318875172738E-085 2.1246106291724147E-085 2.1246106291724147E-085 2.1246106291724167E-085 2.1246106291724167E-085 2.1246106291724418E-085 2.1246106291724418E-085
-7.9000000000000004 6.3738318875172738E-085 6.3738318875172738E-085 2.1246106291724147E-085 2.1246106291724147E-085 2.1246106291724167E-085 2.1246106291724167E-085 2.1246106291724418E-085 2.1246106291724418E-085
-7.7999999999999998 6.3738318875172738E-085 6.3738318875172738E-085 2.1246106291724147E-085 2.1246106291724147E-085 2.1246106291724167E-085 2.1246106291724167E-085 2.1246106291724418E-085 2.1246106291724418E-085
-7.6999999999999993 6.3738318875172738E-085 6.3738318875172738E-085 2.1246106291724147E-085 2.1246106291724147E-085 2.1246106291724167E-085 2.1246106291724167E-085 2.1246106291724418E-085 2.1246106291724418E-085
-7.5999999999999996 6.3738318875172738E-085 6.3738318875172738E-085 2.1246106291724147E-085 2.1246106291724147E-085 2.1246106291724167E-085 2.1246106291724167E-085 2.1246106291724418E-085 2.1246106291724418E-085
-7.5000000000000000 6.3738318875172738E-085 6.3738318875172738E-085 2.1246106291724147E-085 2.1246106291724147E-085 2.1246106291724167E-085 2.1246106291724167E-085 2.1246106291724418E-085 2.1246106291724418E-085
-7.4000000000000004 6.3738318875172738E-085 6.3738318875172738E-085 2.1246106291724147E-085 2.1246106291724147E-085 2.1246106291724167E-085 2.1246106291724167E-085 2.1246106291724418E-085 2.1246106291724418E-085
-7.2999999999999998 6.3738318875172738E-085 6.3738318875172738E-085 2.1246106291724147E-085 2.1246106291724147E-085 2.1246106291724167E-085 2.1246106291724167E-085 2.1246106291724418E-085 2.1246106291724418E-085
-7.1999999999999993 6.3797788843686706E-085 6.3797788843686706E-085 2.1246106291724147E-085 2.1246106291724147E-085 2.1246106291724167E-085 2.1246106291724167E-085 2.1305576260238421E-085 2.1305576260238421E-085
-7.0999999999999996 2.1033836039734215E-076 2.1033836039734215E-076 2.1246106295191762E-085 2.1246106295191762E-085 2.1246106292207116E-085 2.1246106292207116E-085 2.1033835997245149E-076 2.1033835997245149E-076
-7.0000000000000000 9.9481633438264759E-066 9.9481633438264759E-066 3.0467600049818914E-082 3.0467600049818914E-082 3.0326687669243296E-082 3.0326687669243296E-082 9.9481633438264759E-066 9.9481633438264759E-066
-6.9000000000000004 6.3021301334988676E-056 6.3021301334988676E-056 3.7359207530990963E-071 3.7359207530990963E-071 3.7350299453700615E-071 3.7350299453700615E-071 6.3021301334988613E-056 6.3021301334988613E-056
-6.7999999999999998 5.3580069896950815E-047 5.3580069896950815E-047 6.1654578358387772E-061 6.1654578358387772E-061 6.1653822451286397E-061 6.1653822451286397E-061 5.3580069896949599E-047 5.3580069896949599E-047
-6.6999999999999993 6.1288816293582046E-039 6.1288816293582046E-039 1.3646082886021218E-051 1.3646082886021218E-051 1.3646074157284951E-051 1.3646074157284951E-051 6.1288816293554758E-039 6.1288816293554758E-039
-6.5999999999999996 9.4640069769372262E-032 9.4640069769372262E-032 4.0587530764742215E-043 4.0587530764742215E-043 4.0587529097595012E-043 4.0587529097595012E-043 9.4640069768560516E-032 9.4640069768560516E-032
-6.5000000000000000 1.9820191788257606E-025 1.9820191788257606E-025 1.6269880613048293E-035 1.6269880613048293E-035 1.6269880448400558E-035 1.6269880448400558E-035 1.9820191785003640E-025 1.9820191785003640E-025
-6.4000000000000004 5.6679668044501946E-020 5.6679668044501946E-020 8.8250662914899991E-029 8.8250662914899991E-029 8.8250662164873440E-029 8.8250662164873440E-029 5.6679667868000614E-020 5.6679667868000614E-020
-6.2999999999999998 2.2364509635239491E-015 2.2364509635239491E-015 6.5143297964792578E-023 6.5143297964792578E-023 6.5143297417737185E-023 6.5143297417737185E-023 2.2364508332373535E-015 2.2364508332373535E-015
-6.1999999999999993 1.2385787314249007E-011 1.2385787314249007E-011 6.6000953158540741E-018 6.6000953158540741E-018 6.6000952606087413E-018 6.6000952606087413E-018 1.2385774114058429E-011 1.2385774114058429E-011
-6.0999999999999996 9.9265407557838588E-009 9.9265407557838588E-009 9.3036820882020663E-014 9.3036820882020663E-014 9.3036820106316569E-014 9.3036820106316569E-014 9.9263546821428659E-009 9.9263546821428659E-009
-6.0000000000000000 1.2257706293351903E-006 1.2257706293351903E-006 1.8675709749260162E-010 1.8675709749260162E-010 1.8675709594474427E-010 1.8675709594474427E-010 1.2253971151417530E-006 1.2253971151417530E-006
-5.8999999999999995 2.7537208548805220E-005 2.7537208548805220E-005 5.5772115213660420E-008 5.5772115213660420E-008 5.5772114756015175E-008 5.5772114756015175E-008 2.7425664318835543E-005 2.7425664318835543E-005
-5.7999999999999998 1.9072335978824229E-004 1.9072335978824229E-004 2.7163804706986561E-006 2.7163804706986561E-006 2.7163804488250441E-006 2.7163804488250441E-006 1.8529059886871846E-004 1.8529059886871846E-004
-5.7000000000000002 8.1567125265132924E-004 8.1567125265132924E-004 2.6600181133915687E-005 2.6600181133915687E-005 2.6600180927917091E-005 2.6600180927917091E-005 7.6247089058949637E-004 7.6247089058949637E-004
-5.5999999999999996 1.9641502989009747E-003 1.9641502989009747E-003 8.1096740660314626E-005 8.1096740660314626E-005 8.1096740077658429E-005 8.1096740077658429E-005 1.8019568181629998E-003 1.8019568181629998E-003
-5.5000000000000000 3.0752485406886649E-003 3.0752485406886649E-003 1.4878747477418464E-004 1.4878747477418464E-004 1.4878747378722600E-004 1.4878747378722600E-004 2.7776735921272574E-003 2.7776735921272574E-003
-5.3999999999999995 4.6724827567838452E-003 4.6724827567838452E-003 3.0387542361641023E-004 3.0387542361641023E-004 3.0387542155563285E-004 3.0387542155563285E-004 4.0647319116118045E-003 4.0647319116118045E-003
-5.2999999999999998 7.3620297197957195E-003 7.3620297197957195E-003 6.2948047343892692E-004 6.2948047343892692E-004 6.2948046900096965E-004 6.2948046900096965E-004 6.1030687773558244E-003 6.1030687773558244E-003
-5.1999999999999993 1.0766894594546961E-002 1.0766894594546961E-002 1.1044335260261488E-003 1.1044335260261488E-003 1.1044335182186979E-003 1.1044335182186979E-003 8.5580275503021244E-003 8.5580275503021244E-003
-5.0999999999999996 1.3860509058261767E-002 1.3860509058261767E-002 1.5827143046461024E-003 1.5827143046461024E-003 1.5827142940139020E-003 1.5827142940139020E-003 1.0695080459601757E-002 1.0695080459601757E-002
-5.0000000000000000 1.6390640975101286E-002 1.6390640975101286E-002 2.0285131813714582E-003 2.0285131813714582E-003 2.0285131687162619E-003 2.0285131687162619E-003 1.2333614625013563E-002 1.2333614625013563E-002
-4.8999999999999995 1.9858725647212777E-002 1.9858725647212777E-002 2.7422893018652760E-003 2.7422893018652760E-003 2.7422892846425523E-003 2.7422892846425523E-003 1.4374147060704957E-002 1.4374147060704957E-002
-4.7999999999999998 2.6135027084355202E-002 2.6135027084355202E-002 4.1307563752966368E-003 4.1307563752966368E-003 4.1307563471859234E-003 4.1307563471859234E-003 1.7873514361872626E-002 1.7873514361872626E-002
-4.6999999999999993 3.2815366438071661E-002 3.2815366438071661E-002 5.7129565593204380E-003 5.7129565593204380E-003 5.7129565192673539E-003 5.7129565192673539E-003 2.1389453359483938E-002 2.1389453359483938E-002
-4.5999999999999996 3.9531465904811582E-002 3.9531465904811582E-002 7.4477637741209839E-003 7.4477637741209839E-003 7.4477637199337580E-003 7.4477637199337580E-003 2.4635938410756845E-002 2.4635938410756845E-002
-4.5000000000000000 4.6502626670417102E-002 4.6502626670417102E-002 9.3822391320036464E-003 9.3822391320036464E-003 9.3822390691672246E-003 9.3822390691672246E-003 2.7738148469246212E-002 2.7738148469246212E-002
-4.3999999999999995 5.2266516774097591E-002 5.2266516774097591E-002 1.1170817514209317E-002 1.1170817514209317E-002 1.1170817452888403E-002 1.1170817452888403E-002 2.9924881806999992E-002 2.9924881806999992E-002
-4.2999999999999998 5.7908256485066291E-002 5.7908256485066291E-002 1.3088977287615561E-002 1.3088977287615561E-002 1.3088977218545114E-002 1.3088977218545114E-002 3.1730301978905577E-002 3.1730301978905577E-002
-4.1999999999999993 6.7000613739314860E-002 6.7000613739314860E-002 1.6112003635212643E-002 1.6112003635212643E-002 1.6112003517689027E-002 1.6112003517689027E-002 3.4776606586413135E-002 3.4776606586413135E-002
-4.0999999999999996 8.1041137519109921E-002 8.1041137519109921E-002 2.0681391564261544E-002 2.0681391564261544E-002 2.0681391401772345E-002 2.0681391401772345E-002 3.9678354553076105E-002 3.9678354553076105E-002
-4.0000000000000000 9.4677845987002185E-002 9.4677845987002185E-002 2.5336410165117920E-002 2.5336410165117920E-002 2.5336410051750143E-002 2.5336410051750143E-002 4.4005025770134251E-002 4.4005025770134251E-002
-3.8999999999999995 0.10763596702297992 0.10763596702297992 3.0015748210313126E-002 3.0015748210313126E-002 3.0015748047702413E-002 3.0015748047702413E-002 4.7604470764964581E-002 4.7604470764964581E-002
-3.7999999999999998 0.12098457540013065 0.12098457540013065 3.5023295101573586E-002 3.5023295101573586E-002 3.5023294949197023E-002 3.5023294949197023E-002 5.0937985349360393E-002 5.0937985349360393E-002
-3.6999999999999993 0.13255253246525062 0.13255253246525062 3.9736778482665075E-002 3.9736778482665075E-002 3.9736778189470745E-002 3.9736778189470745E-002 5.3078975793114942E-002 5.3078975793114942E-002
-3.5999999999999996 0.14423050876738733 0.14423050876738733 4.4706942521091059E-002 4.4706942521091059E-002 4.4706942036665712E-002 4.4706942036665712E-002 5.4816624209630495E-002 5.4816624209630495E-002
-3.5000000000000000 0.16507196118762868 0.16507196118762868 5.2678178038464203E-002 5.2678178038464203E-002 5.2678177796735677E-002 5.2678177796735677E-002 5.9715605352429001E-002 5.9715605352429001E-002
-3.3999999999999995 0.19562747595786845 0.19562747595786845 6.3631249962525949E-002 6.3631249962525949E-002 6.3631249860185091E-002 6.3631249860185091E-002 6.8364976135157907E-002 6.8364976135157907E-002
-3.2999999999999998 0.22778527666782916 0.22778527666782916 7.4608419152524197E-002 7.4608419152524197E-002 7.4608418788973951E-002 7.4608418788973951E-002 7.8568438726330583E-002 7.8568438726330583E-002
-3.1999999999999993 0.26321614892328460 0.26321614892328460 8.5773486683997480E-002 8.5773486683997480E-002 8.5773485745743699E-002 8.5773485745743699E-002 9.1669176493544460E-002 9.1669176493544460E-002
-3.0999999999999996 0.30388019329689514 0.30388019329689514 9.8806138576560870E-002 9.8806138576560870E-002 9.8806136491471505E-002 9.8806136491471505E-002 0.10626791822886361 0.10626791822886361
-3.0000000000000000 0.37126194095187659 0.37126194095187659 0.12238899537068400 0.12238899537068400 0.12238899448859375 0.12238899448859375 0.12648395109260099 0.12648395109260099
-2.8999999999999995 0.40214113589193318 0.40214113589193318 0.13276064187659981 0.13276064187659981 0.13276064247624780 0.13276064247624780 0.13661985153908918 0.13661985153908918
-2.7999999999999998 0.43459993198288155 0.43459993198288155 0.14730581819481184 0.14730581819481184 0.14730581841188611 0.14730581841188611 0.13998829537618324 0.13998829537618324
-2.6999999999999993 0.58034623674469465 0.58034623674469465 0.21016436666513905 0.21016436666513905 0.21016436640549910 0.21016436640549910 0.16001750367405937 0.16001750367405937
-2.5999999999999996 0.67893969944775079 0.67893969944775079 0.25185639757847483 0.25185639757847483 0.25185639937557497 0.25185639937557497 0.17522690249369871 0.17522690249369871
-2.5000000000000000 0.66744922455925582 0.66744922455925582 0.23987726539905532 0.23987726539905532 0.23987726971268553 0.23987726971268553 0.18769468944751444 0.18769468944751444
-2.3999999999999995 0.66725230866458773 0.66725230866458773 0.23033774131101800 0.23033774131101800 0.23033774468993068 0.23033774468993068 0.20657682266364374 0.20657682266364374
-2.2999999999999998 0.89631799999096406 0.89631799999096406 0.33525120734815395 0.33525120734815395 0.33525120975004219 0.33525120975004219 0.22581558289276926 0.22581558289276926
-2.1999999999999993 1.1024753115589645 1.1024753115589645 0.43570634482640080 0.43570634482640080 0.43570634522934421 0.43570634522934421 0.23106262150323376 0.23106262150323376
-2.0999999999999996 0.96886848148342131 0.96886848148342131 0.37350128197030430 0.37350128197030430 0.37350128077584360 0.37350128077584360 0.22186591873727818 0.22186591873727818
-2.0000000000000000 0.91538751530833462 0.91538751530833462 0.34335852927611094 0.34335852927611094 0.34335852494653102 0.34335852494653102 0.22867046108570380 0.22867046108570380
-1.9000000000000004 0.94382661644100407 0.94382661644100407 0.34929946425961711 0.34929946425961711 0.34929945646163968 0.34929945646163968 0.24522769571975808 0.24522769571975808
-1.7999999999999989 1.3372111394381494 1.3372111394381494 0.53929184371729622 0.53929184371729622 0.53929183407253323 0.53929183407253323 0.25862746164833034 0.25862746164833034
-1.6999999999999993 1.3444260474858030 1.3444260474858030 0.53535035311824863 0.53535035311824863 0.53535034902089240 0.53535034902089240 0.27372534534667065 0.27372534534667065
-1.5999999999999996 1.1732979208497190 1.1732979208497190 0.46780771467868526 0.46780771467868526 0.46780771424501000 0.46780771424501000 0.23768249192603530 0.23768249192603530
-1.5000000000000000 1.0732344745241471 1.0732344745241471 0.44664227697298603 0.44664227697298603 0.44664227700260484 0.44664227700260484 0.17994992054856787 0.17994992054856787
-1.4000000000000004 0.78812492998760808 0.78812492998760808 0.32564636893967791 0.32564636893967791 0.32564637271741353 0.32564637271741353 0.13683218833053315 0.13683218833053315
-1.2999999999999989 0.68020236634662501 0.68020236634662501 0.27772779923328084 0.27772779923328084 0.27772779983279600 0.27772779983279600 0.12474676728055874 0.12474676728055874
-1.1999999999999993 0.83026865758353785 0.83026865758353785 0.34604979773407230 0.34604979773407230 0.34604979353075538 0.34604979353075538 0.13816906631871259 0.13816906631871259
-1.0999999999999996 1.0230134842924419 1.0230134842924419 0.42785439208342430 0.42785439208342430 0.42785439686797960 0.42785439686797960 0.16730469534103726 0.16730469534103726
-1.0000000000000000 1.0336510387169133 1.0336510387169133 0.43215499658961415 0.43215499658961415 0.43215500563716497 0.43215500563716497 0.16934103649014517 0.16934103649014517
-0.90000000000000036 0.99702824633649634 0.99702824633649634 0.41418666579529634 0.41418666579529634 0.41418667166962331 0.41418667166962331 0.16865490887158438 0.16865490887158438
-0.79999999999999893 0.80991620417625521 0.80991620417625521 0.32570700023605015 0.32570700023605015 0.32570700500113658 0.32570700500113658 0.15850219893908662 0.15850219893908662
-0.69999999999999929 0.67869749986665406 0.67869749986665406 0.26724324261903315 0.26724324261903315 0.26724324341092731 0.26724324341092731 0.14421101383670232 0.14421101383670232
-0.59999999999999964 0.64601345635924756 0.64601345635924756 0.25562900013468570 0.25562900013468570 0.25562900030956304 0.25562900030956304 0.13475545591500990 0.13475545591500990
-0.50000000000000000 0.63859399854467469 0.63859399854467469 0.24384858862097530 0.24384858862097530 0.24384858726012978 0.24384858726012978 0.15089682266357388 0.15089682266357388
-0.39999999999999858 0.68135577441806527 0.68135577441806527 0.24331732635141817 0.24331732635141817 0.24331732342749360 0.24331732342749360 0.19472112463916455 0.19472112463916455
-0.29999999999999893 0.92037462206440535 0.92037462206440535 0.31979902606399024 0.31979902606399024 0.31979901693294366 0.31979901693294366 0.28077657906748205 0.28077657906748205
-0.19999999999999929 1.4791332513946720 1.4791332513946720 0.51663351232765831 0.51663351232765831 0.51663349625949406 0.51663349625949406 0.44586624280752241 0.44586624280752241
-9.9999999999999645E-002 1.5591765754400935 1.5591765754400935 0.55930841938456000 0.55930841938456000 0.55930841979585555 0.55930841979585555 0.44055973625970107 0.44055973625970107
0.0000000000000000 1.0772493347527858 1.0772493347527858 0.40529316629186962 0.40529316629186962 0.40529316341220722 0.40529316341220722 0.26666300504872437 0.26666300504872437
0.10000000000000142 0.69690294883851889 0.69690294883851889 0.26665440333820201 0.26665440333820201 0.26665440552988229 0.26665440552988229 0.16359413997044644 0.16359413997044644
0.20000000000000107 0.97044971989133977 0.97044971989133977 0.41326524700146938 0.41326524700146938 0.41326526000953218 0.41326526000953218 0.14391921288035633 0.14391921288035633
0.30000000000000071 1.3983674492974796 1.3983674492974796 0.62879472683630444 0.62879472683630444 0.62879473475255154 0.62879473475255154 0.14077798770864308 0.14077798770864308
0.40000000000000036 1.8735862779610752 1.8735862779610752 0.88700887801699635 0.88700887801699635 0.88700889094941870 0.88700889094941870 9.9568508994687013E-002 9.9568508994687013E-002
0.50000000000000000 2.6040495606440759 2.6040495606440759 1.2517367498779461 1.2517367498779461 1.2517367209029446 1.2517367209029446 0.10057608986318747 0.10057608986318747
0.60000000000000142 2.7846557736809334 2.7846557736809334 1.3372040802401413 1.3372040802401413 1.3372040731819144 1.3372040731819144 0.11024762025890705 0.11024762025890705
0.70000000000000107 1.6585268402070446 1.6585268402070446 0.78061220060689196 0.78061220060689196 0.78061220431096334 0.78061220431096334 9.7302435289203376E-002 9.7302435289203376E-002
0.80000000000000071 1.0443176952298754 1.0443176952298754 0.47229193865658220 0.47229193865658220 0.47229193534672675 0.47229193534672675 9.9733821226576258E-002 9.9733821226576258E-002
0.90000000000000036 1.5065988332243661 1.5065988332243661 0.70181830098290010 0.70181830098290010 0.70181829631971171 0.70181829631971171 0.10296223592179246 0.10296223592179246
1.0000000000000000 1.6074022288300669 1.6074022288300669 0.74837714148039602 0.74837714148039602 0.74837713859925004 0.74837713859925004 0.11064794875043978 0.11064794875043978
1.1000000000000014 2.2853547695980199 2.2853547695980199 1.0638567051185934 1.0638567051185934 1.0638567195107045 1.0638567195107045 0.15764134496875445 0.15764134496875445
1.2000000000000011 2.1202647105817656 2.1202647105817656 0.96610900078649387 0.96610900078649387 0.96610900280297241 0.96610900280297241 0.18804670699233925 0.18804670699233925
1.3000000000000007 1.5967063051264341 1.5967063051264341 0.67898442250446489 0.67898442250446489 0.67898441717717894 0.67898441717717894 0.23873746544482180 0.23873746544482180
1.4000000000000004 1.1411770882440733 1.1411770882440733 0.42203268054758625 0.42203268054758625 0.42203268530735355 0.42203268530735355 0.29711172238914874 0.29711172238914874
1.5000000000000000 1.5505041939472628 1.5505041939472628 0.60257196229480037 0.60257196229480037 0.60257196007858993 0.60257196007858993 0.34536027157389393 0.34536027157389393
1.6000000000000014 1.5852044467328830 1.5852044467328830 0.59578669493280367 0.59578669493280367 0.59578667004786179 0.59578667004786179 0.39363108175224593 0.39363108175224593
1.7000000000000011 1.4903288969961113 1.4903288969961113 0.53278509651018802 0.53278509651018802 0.53278509836659993 0.53278509836659993 0.42475870211935907 0.42475870211935907
1.8000000000000007 1.4428242987909181 1.4428242987909181 0.51348846348401811 0.51348846348401811 0.51348847697047173 0.51348847697047173 0.41584735833645109 0.41584735833645109
1.9000000000000004 1.3042153287219878 1.3042153287219878 0.41780787639663125 0.41780787639663125 0.41780787644362383 0.41780787644362383 0.46859957588173623 0.46859957588173623
2.0000000000000000 1.3287481271964767 1.3287481271964767 0.38703854945254296 0.38703854945254296 0.38703854349130695 0.38703854349130695 0.55467103425263220 0.55467103425263220
2.1000000000000014 1.3679498334011184 1.3679498334011184 0.39127714152184812 0.39127714152184812 0.39127713797217178 0.39127713797217178 0.58539555390710718 0.58539555390710718
2.2000000000000011 1.2319091470002101 1.2319091470002101 0.35798940157227027 0.35798940157227027 0.35798939870666252 0.35798939870666252 0.51593034672128935 0.51593034672128935
2.3000000000000007 1.0227641390629694 1.0227641390629694 0.31862943058536086 0.31862943058536086 0.31862942916795750 0.31862942916795750 0.38550527930965073 0.38550527930965073
2.4000000000000004 0.86765135727445775 0.86765135727445775 0.27541403888217370 0.27541403888217370 0.27541404029448424 0.27541404029448424 0.31682327809780869 0.31682327809780869
2.5000000000000000 0.81965150788442487 0.81965150788442487 0.26320821489381774 0.26320821489381774 0.26320821727404220 0.26320821727404220 0.29323507571656954 0.29323507571656954
2.6000000000000014 0.85670283901701483 0.85670283901701483 0.29225826084292511 0.29225826084292511 0.29225826241726993 0.29225826241726993 0.27218631575682400 0.27218631575682400
2.7000000000000011 0.92076133557497053 0.92076133557497053 0.32574636443604638 0.32574636443604638 0.32574636713651711 0.32574636713651711 0.26926860400240943 0.26926860400240943
2.8000000000000007 0.98556774645524270 0.98556774645524270 0.36357402109485104 0.36357402109485104 0.36357402120221832 0.36357402120221832 0.25841970415817533 0.25841970415817533
2.9000000000000004 0.98400122298387838 0.98400122298387838 0.37008006178074687 0.37008006178074687 0.37008005879118766 0.37008005879118766 0.24384110241194998 0.24384110241194998
3.0000000000000000 0.97287819335844261 0.97287819335844261 0.36020210166452665 0.36020210166452665 0.36020209949853171 0.36020209949853171 0.25247399219539235 0.25247399219539235
3.1000000000000014 0.93084830760156489 0.93084830760156489 0.33553631226354236 0.33553631226354236 0.33553631176267529 0.33553631176267529 0.25977568357534536 0.25977568357534536
3.2000000000000011 0.94269962977494348 0.94269962977494348 0.32862888671112994 0.32862888671112994 0.32862888645271304 0.32862888645271304 0.28544185661110294 0.28544185661110294
3.3000000000000007 0.94718326176336320 0.94718326176336320 0.31865059324867001 0.31865059324867001 0.31865059321189465 0.31865059321189465 0.30988207530280221 0.30988207530280221
3.4000000000000004 0.98424823569868991 0.98424823569868991 0.32720475750147354 0.32720475750147354 0.32720475747824929 0.32720475747824929 0.32983872071896808 0.32983872071896808
3.5000000000000000 1.0632944716822326 1.0632944716822326 0.34256792965736610 0.34256792965736610 0.34256792996310731 0.34256792996310731 0.37815861206176371 0.37815861206176371
3.6000000000000014 1.1409695161633973 1.1409695161633973 0.38246302193908521 0.38246302193908521 0.38246302487332900 0.38246302487332900 0.37604346935098482 0.37604346935098482
3.7000000000000011 1.2858610656187472 1.2858610656187472 0.43221386249038385 0.43221386249038385 0.43221387174815601 0.43221387174815601 0.42143333138021005 0.42143333138021005
3.8000000000000007 1.4705498042348000 1.4705498042348000 0.48610827936041640 0.48610827936041640 0.48610828318009491 0.48610828318009491 0.49833324169429305 0.49833324169429305
3.9000000000000004 1.7222524692447985 1.7222524692447985 0.52605382532480793 0.52605382532480793 0.52605382361318820 0.52605382361318820 0.67014482030681111 0.67014482030681111
4.0000000000000000 1.5790480189387877 1.5790480189387877 0.54846770725226501 0.54846770725226501 0.54846770449488758 0.54846770449488758 0.48211260719163462 0.48211260719163462
4.1000000000000014 1.5268269006399928 1.5268269006399928 0.55487093228005502 0.55487093228005502 0.55487093276588162 0.55487093276588162 0.41708503559405136 0.41708503559405136
4.2000000000000011 1.6699657067116611 1.6699657067116611 0.55326486612139192 0.55326486612139192 0.55326487453293505 0.55326487453293505 0.56343596605733581 0.56343596605733581
4.3000000000000007 2.5304475716279868 2.5304475716279868 0.55624420984595280 0.55624420984595280 0.55624421523776635 0.55624421523776635 1.4179591465442738 1.4179591465442738
4.4000000000000004 2.4971963534128481 2.4971963534128481 0.58410811946021524 0.58410811946021524 0.58410811651586092 0.58410811651586092 1.3289801174367768 1.3289801174367768
4.5000000000000000 1.7982126064304274 1.7982126064304274 0.58908395480798836 0.58908395480798836 0.58908394764935845 0.58908394764935845 0.62004470397308176 0.62004470397308176
4.6000000000000014 1.7104074449202460 1.7104074449202460 0.59466419436422246 0.59466419436422246 0.59466418570497970 0.59466418570497970 0.52107906485104594 0.52107906485104594
4.7000000000000011 1.7948673375490569 1.7948673375490569 0.61044618245901416 0.61044618245901416 0.61044617204058049 0.61044617204058049 0.57397498304945793 0.57397498304945793
4.8000000000000007 1.7362775072797241 1.7362775072797241 0.60170666685954521 0.60170666685954521 0.60170666540451179 0.60170666540451179 0.53286417501566741 0.53286417501566741
4.9000000000000004 2.0690961587000269 2.0690961587000269 0.64866469806174376 0.64866469806174376 0.64866472218067917 0.64866472218067917 0.77176673845761257 0.77176673845761257
5.0000000000000000 2.6003138463855060 2.6003138463855060 0.63853087816555598 0.63853087816555598 0.63853088938652602 0.63853088938652602 1.3232520788334203 1.3232520788334203
5.1000000000000014 2.3819964164554048 2.3819964164554048 0.68833962529526049 0.68833962529526049 0.68833962178428532 0.68833962178428532 1.0053171693758767 1.0053171693758767
5.2000000000000011 2.1493756781611837 2.1493756781611837 0.67136379504592181 0.67136379504592181 0.67136378653519302 0.67136378653519302 0.80664809658007086 0.80664809658007086
5.3000000000000007 2.6543183396615539 2.6543183396615539 0.71979247886068343 0.71979247886068343 0.71979245444690820 0.71979245444690820 1.2147334063539690 1.2147334063539690
5.4000000000000004 2.2815851963441816 2.2815851963441816 0.70216825158598939 0.70216825158598939 0.70216821346590741 0.70216821346590741 0.87724873129228864 0.87724873129228864
5.5000000000000000 1.9267971532861488 1.9267971532861488 0.68394573825888860 0.68394573825888860 0.68394572133055243 0.68394572133055243 0.55890569369671994 0.55890569369671994
5.6000000000000014 1.9521528378606381 1.9521528378606381 0.64794415661906024 0.64794415661906024 0.64794414811591772 0.64794414811591772 0.65626453312566058 0.65626453312566058
5.7000000000000011 2.7548606538587728 2.7548606538587728 1.0327395508886841 1.0327395508886841 1.0327395429847552 1.0327395429847552 0.68938155998533568 0.68938155998533568
5.8000000000000007 3.0891567502086388 3.0891567502086388 1.1526436821640587 1.1526436821640587 1.1526437305325958 1.1526437305325958 0.78386933751197851 0.78386933751197851
5.9000000000000004 2.1417691419006406 2.1417691419006406 0.68590549918621047 0.68590549918621047 0.68590552247420011 0.68590552247420011 0.76995812024024735 0.76995812024024735
6.0000000000000000 2.4188366226281572 2.4188366226281572 0.58591892483712038 0.58591892483712038 0.58591892563171410 0.58591892563171410 1.2469987721593254 1.2469987721593254
6.1000000000000014 2.5569508316918714 2.5569508316918714 0.63740446623389280 0.63740446623389280 0.63740445801833290 0.63740445801833290 1.2821419074396447 1.2821419074396447
6.1999999999999993 2.0267511876352562 2.0267511876352562 0.61514156090014283 0.61514156090014283 0.61514155131862724 0.61514155131862724 0.79646807541648379 0.79646807541648379
6.3000000000000007 1.7886802528263903 1.7886802528263903 0.57943546700986392 0.57943546700986392 0.57943547037046961 0.57943547037046961 0.62980931544605867 0.62980931544605867
6.4000000000000021 1.8503853491926436 1.8503853491926436 0.55431736737059889 0.55431736737059889 0.55431736583565405 0.55431736583565405 0.74175061598639380 0.74175061598639380
6.5000000000000000 2.0887389366638129 2.0887389366638129 0.59552551362368422 0.59552551362368422 0.59552551157913836 0.59552551157913836 0.89768791146099725 0.89768791146099725
6.6000000000000014 1.7801361265026221 1.7801361265026221 0.57473168715700218 0.57473168715700218 0.57473168966649912 0.57473168966649912 0.63067274967912523 0.63067274967912523
6.6999999999999993 1.8842385164152431 1.8842385164152431 0.59718052634796759 0.59718052634796759 0.59718052990946291 0.59718052990946291 0.68987746015781659 0.68987746015781659
6.8000000000000007 1.7113683680479743 1.7113683680479743 0.54241245361803048 0.54241245361803048 0.54241245828151630 0.54241245828151630 0.62654345614842999 0.62654345614842999
6.9000000000000021 1.5392254375671994 1.5392254375671994 0.45778887724243800 0.45778887724243800 0.45778888060291778 0.45778888060291778 0.62364767972184476 0.62364767972184476
7.0000000000000000 1.4131591051907109 1.4131591051907109 0.36306441174478349 0.36306441174478349 0.36306440807524537 0.36306440807524537 0.68703028537068378 0.68703028537068378
7.1000000000000014 1.3735881925017579 1.3735881925017579 0.34821268207700062 0.34821268207700062 0.34821267913430515 0.34821267913430515 0.67716283129044641 0.67716283129044641
7.1999999999999993 1.3785246071931605 1.3785246071931605 0.35914763743175276 0.35914763743175276 0.35914764251374370 0.35914764251374370 0.66022932724766903 0.66022932724766903
7.3000000000000007 1.4251666240058898 1.4251666240058898 0.35054324693986111 0.35054324693986111 0.35054324693417854 0.35054324693417854 0.72408013013184758 0.72408013013184758
7.4000000000000021 1.4316336817698714 1.4316336817698714 0.37232277909991668 0.37232277909991668 0.37232277618663628 0.37232277618663628 0.68698812648332197 0.68698812648332197
7.5000000000000000 1.4757339272371754 1.4757339272371754 0.39541824653500696 0.39541824653500696 0.39541824410234971 0.39541824410234971 0.68489743659982294 0.68489743659982294
7.6000000000000014 1.5709749211095851 1.5709749211095851 0.40640147836733059 0.40640147836733059 0.40640147500822349 0.40640147500822349 0.75817196773402851 0.75817196773402851
7.6999999999999993 1.5123946459664876 1.5123946459664876 0.40710488216002738 0.40710488216002738 0.40710487706010856 0.40710487706010856 0.69818488674635304 0.69818488674635304
7.8000000000000007 1.6043600169268086 1.6043600169268086 0.42593015789661826 0.42593015789661826 0.42593015441145304 0.42593015441145304 0.75249970461874593 0.75249970461874593
7.9000000000000021 1.7179562913667230 1.7179562913667230 0.42890674461459094 0.42890674461459094 0.42890674358185893 0.42890674358185893 0.86014280317027370 0.86014280317027370
8.0000000000000000 1.7475650959702784 1.7475650959702784 0.43857623689800929 0.43857623689800929 0.43857623770613952 0.43857623770613952 0.87041262136612862 0.87041262136612862
8.1000000000000014 1.6503016363719760 1.6503016363719760 0.39925033240550856 0.39925033240550856 0.39925033252204062 0.39925033252204062 0.85180097144443467 0.85180097144443467
8.1999999999999993 1.7245312193009990 1.7245312193009990 0.36157381954504952 0.36157381954504952 0.36157382732148607 0.36157382732148607 1.0013835724344666 1.0013835724344666
8.3000000000000007 1.6722421652279587 1.6722421652279587 0.34079326688732520 0.34079326688732520 0.34079327663077957 0.34079327663077957 0.99065562170985055 0.99065562170985055
8.4000000000000021 1.7557533070624702 1.7557533070624702 0.34542424125845284 0.34542424125845284 0.34542424520901516 0.34542424520901516 1.0649048205950133 1.0649048205950133
8.5000000000000000 2.1270940551172073 2.1270940551172073 0.37166327079245559 0.37166327079245559 0.37166327034666086 0.37166327034666086 1.3837675139780827 1.3837675139780827
8.6000000000000014 2.0448491828345063 2.0448491828345063 0.37142469322317939 0.37142469322317939 0.37142469168369430 0.37142469168369430 1.3019997979276390 1.3019997979276390
8.6999999999999993 1.9002460444939522 1.9002460444939522 0.37666620156808217 0.37666620156808217 0.37666618834560694 0.37666618834560694 1.1469136545802696 1.1469136545802696
8.8000000000000007 2.1319824970053718 2.1319824970053718 0.44729347887277970 0.44729347887277970 0.44729345664990400 0.44729345664990400 1.2373955614826899 1.2373955614826899
8.9000000000000021 2.2627501821644249 2.2627501821644249 0.52787017386749724 0.52787017386749724 0.52787018819295184 0.52787018819295184 1.2070098201039825 1.2070098201039825
9.0000000000000000 2.4110417393834878 2.4110417393834878 0.61868664919234284 0.61868664919234284 0.61868666621077195 0.61868666621077195 1.1736684239803792 1.1736684239803792
9.1000000000000014 2.5458307917621430 2.5458307917621430 0.65554744665131304 0.65554744665131304 0.65554745477242304 0.65554745477242304 1.2347358903384076 1.2347358903384076
9.2000000000000028 2.6997095441672685 2.6997095441672685 0.72302080344181763 0.72302080344181763 0.72302081275446239 0.72302081275446239 1.2536679279709828 1.2536679279709828
9.3000000000000007 2.6973135053355550 2.6973135053355550 0.77025678842023004 0.77025678842023004 0.77025679610826880 0.77025679610826880 1.1567999208070565 1.1567999208070565
9.4000000000000021 2.9658077592712244 2.9658077592712244 0.81077738392929544 0.81077738392929544 0.81077737657187487 0.81077737657187487 1.3442529987700700 1.3442529987700700
9.5000000000000000 3.2890442266885365 3.2890442266885365 0.83710491811079402 0.83710491811079402 0.83710490369059565 0.83710490369059565 1.6148344048871466 1.6148344048871466
9.6000000000000014 3.0262359178019138 3.0262359178019138 0.84248872844510481 0.84248872844510481 0.84248872466481650 0.84248872466481650 1.3412584646920027 1.3412584646920027
9.7000000000000028 3.1791950291102244 3.1791950291102244 0.86853845437820598 0.86853845437820598 0.86853845158779219 0.86853845158779219 1.4421181231442355 1.4421181231442355
9.8000000000000007 3.4883376619632784 3.4883376619632784 0.86665733072904660 0.86665733072904660 0.86665734462746247 0.86665734462746247 1.7550229866067681 1.7550229866067681
9.9000000000000021 3.4361100292976574 3.4361100292976574 0.86619766225099615 0.86619766225099615 0.86619769626002485 0.86619769626002485 1.7037146707866375 1.7037146707866375
 @#dos of site          25 p(up) p(dn) px(up) px(dn) py(up) py(dn) pz(up) pz(dn)
-10.000000000000000 6.3738318875172486E-085 6.3738318875172486E-085 2.1246106291724438E-085 2.1246106291724438E-085 2.1246106291723981E-085 2.1246106291723981E-085 2.1246106291724238E-085 2.1246106291724238E-085
-9.9000000000000004 6.3738318875172486E-085 6.3738318875172486E-085 2.1246106291724438E-085 2.1246106291724438E-085 2.1246106291723981E-085 2.1246106291723981E-085 2.1246106291724238E-085 2.1246106291724238E-085
-9.8000000000000007 6.3738318875172486E-085 6.3738318875172486E-085 2.1246106291724438E-085 2.1246106291724438E-085 2.1246106291723981E-085 2.1246106291723981E-085 2.1246106291724238E-085 2.1246106291724238E-085
-9.6999999999999993 6.3738318875172486E-085 6.3738318875172486E-085 2.1246106291724438E-085 2.1246106291724438E-085 2.1246106291723981E-085 2.1246106291723981E-085 2.1246106291724238E-085 2.1246106291724238E-085
-9.5999999999999996 6.3738318875172486E-085 6.3738318875172486E-085 2.1246106291724438E-085 2.1246106291724438E-085 2.1246106291723981E-085 2.1246106291723981E-085 2.1246106291724238E-085 2.1246106291724238E-085
-9.5000000000000000 6.3738318875172486E-085 6.3738318875172486E-085 2.1246106291724438E-085 2.1246106291724438E-085 2.1246106291723981E-085 2.1246106291723981E-085 2.1246106291724238E-085 2.1246106291724238E-085
-9.4000000000000004 6.3738318875172486E-085 6.3738318875172486E-085 2.1246106291724438E-085 2.1246106291724438E-085 2.1246106291723981E-085 2.1246106291723981E-085 2.1246106291724238E-085 2.1246106291724238E-085
-9.3000000000000007 6.3738318875172486E-085 6.3738318875172486E-085 2.1246106291724438E-085 2.1246106291724438E-085 2.1246106291723981E-085 2.1246106291723981E-085 2.1246106291724238E-085 2.1246106291724238E-085
-9.1999999999999993 6.3738318875172486E-085 6.3738318875172486E-085 2.1246106291724438E-085 2.1246106291724438E-085 2.1246106291723981E-085 2.1246106291723981E-085 2.1246106291724238E-085 2.1246106291724238E-085
-9.0999999999999996 6.3738318875172486E-085 6.3738318875172486E-085 2.1246106291724438E-085 2.1246106291724438E-085 2.1246106291723981E-085 2.1246106291723981E-085 2.1246106291724238E-085 2.1246106291724238E-085
-9.0000000000000000 6.3738318875172486E-085 6.3738318875172486E-085 2.1246106291724438E-085 2.1246106291724438E-085 2.1246106291723981E-085 2.1246106291723981E-085 2.1246106291724238E-085 2.1246106291724238E-085
-8.9000000000000004 6.3738318875172486E-085 6.3738318875172486E-085 2.1246106291724438E-085 2.1246106291724438E-085 2.1246106291723981E-085 2.1246106291723981E-085 2.1246106291724238E-085 2.1246106291724238E-085
-8.8000000000000007 6.3738318875172486E-085 6.3738318875172486E-085 2.1246106291724438E-085 2.1246106291724438E-085 2.1246106291723981E-085 2.1246106291723981E-085 2.1246106291724238E-085 2.1246106291724238E-085
-8.6999999999999993 6.3738318875172486E-085 6.3738318875172486E-085 2.1246106291724438E-085 2.1246106291724438E-085 2.1246106291723981E-085 2.1246106291723981E-085 2.1246106291724238E-085 2.1246106291724238E-085
-8.5999999999999996 6.3738318875172486E-085 6.3738318875172486E-085 2.1246106291724438E-085 2.1246106291724438E-085 2.1246106291723981E-085 2.1246106291723981E-085 2.1246106291724238E-085 2.1246106291724238E-085
-8.5000000000000000 6.3738318875172486E-085 6.3738318875172486E-085 2.1246106291724438E-085 2.1246106291724438E-085 2.1246106291723981E-085 2.1246106291723981E-085 2.1246106291724238E-085 2.1246106291724238E-085
-8.4000000000000004 6.3738318875172486E-085 6.3738318875172486E-085 2.1246106291724438E-085 2.1246106291724438E-085 2.1246106291723981E-085 2.1246106291723981E-085 2.1246106291724238E-085 2.1246106291724238E-085
-8.3000000000000007 6.3738318875172486E-085 6.3738318875172486E-085 2.1246106291724438E-085 2.1246106291724438E-085 2.1246106291723981E-085 2.1246106291723981E-085 2.1246106291724238E-085 2.1246106291724238E-085
-8.1999999999999993 6.3738318875172486E-085 6.3738318875172486E-085 2.1246106291724438E-085 2.1246106291724438E-085 2.1246106291723981E-085 2.1246106291723981E-085 2.1246106291724238E-085 2.1246106291724238E-085
-8.0999999999999996 6.3738318875172486E-085 6.3738318875172486E-085 2.1246106291724438E-085 2.1246106291724438E-085 2.1246106291723981E-085 2.1246106291723981E-085 2.1246106291724238E-085 2.1246106291724238E-085
-8.0000000000000000 6.3738318875172486E-085 6.3738318875172486E-085 2.1246106291724438E-085 2.1246106291724438E-085 2.1246106291723981E-085 2.1246106291723981E-085 2.1246106291724238E-085 2.1246106291724238E-085
-7.9000000000000004 6.3738318875172486E-085 6.3738318875172486E-085 2.1246106291724438E-085 2.1246106291724438E-085 2.1246106291723981E-085 2.1246106291723981E-085 2.1246106291724238E-085 2.1246106291724238E-085
-7.7999999999999998 6.3738318875172486E-085 6.3738318875172486E-085 2.1246106291724438E-085 2.1246106291724438E-085 2.1246106291723981E-085 2.1246106291723981E-085 2.1246106291724238E-085 2.1246106291724238E-085
-7.6999999999999993 6.3738318875172486E-085 6.3738318875172486E-085 2.1246106291724438E-085 2.1246106291724438E-085 2.1246106291723981E-085 2.1246106291723981E-085 2.1246106291724238E-085 2.1246106291724238E-085
-7.5999999999999996 6.3738318875172486E-085 6.3738318875172486E-085 2.1246106291724438E-085 2.1246106291724438E-085 2.1246106291723981E-085 2.1246106291723981E-085 2.1246106291724238E-085 2.1246106291724238E-085
-7.5000000000000000 6.3738318875172486E-085 6.3738318875172486E-085 2.1246106291724438E-085 2.1246106291724438E-085 2.1246106291723981E-085 2.1246106291723981E-085 2.1246106291724238E-085 2.1246106291724238E-085
-7.4000000000000004 6.3738318875172486E-085 6.3738318875172486E-085 2.1246106291724438E-085 2.1246106291724438E-085 2.1246106291723981E-085 2.1246106291723981E-085 2.1246106291724238E-085 2.1246106291724238E-085
-7.2999999999999998 6.3738318875172486E-085 6.3738318875172486E-085 2.1246106291724438E-085 2.1246106291724438E-085 2.1246106291723981E-085 2.1246106291723981E-085 2.1246106291724238E-085 2.1246106291724238E-085
-7.1999999999999993 6.3762668246494461E-085 6.3762668246494461E-085 2.1246106291724438E-085 2.1246106291724438E-085 2.1246106291723981E-085 2.1246106291723981E-085 2.1270455663046245E-085 2.1270455663046245E-085
-7.0999999999999996 1.0214769065062982E-076 1.0214769065062982E-076 2.1246106291594498E-085 2.1246106291594498E-085 2.1246106291705890E-085 2.1246106291705890E-085 1.0214769022571707E-076 1.0214769022571707E-076
-7.0000000000000000 5.6838780260408493E-066 5.6838780260408493E-066 2.0647587080024916E-079 2.0647587080024916E-079 2.0647593303065490E-079 2.0647593303065490E-079 5.6838780260404371E-066 5.6838780260404371E-066
-6.9000000000000004 4.1957242282131758E-056 4.1957242282131758E-056 2.4348310910651785E-068 2.4348310910651785E-068 2.4348311299530015E-068 2.4348311299530015E-068 4.1957242282083066E-056 4.1957242282083066E-056
-6.7999999999999998 4.1092480598787976E-047 4.1092480598787976E-047 3.8094832755133344E-058 3.8094832755133344E-058 3.8094832677024574E-058 3.8094832677024574E-058 4.1092480598026094E-047 4.1092480598026094E-047
-6.6999999999999993 5.3411332437303532E-039 5.3411332437303532E-039 7.9097999071996733E-049 7.9097999071996733E-049 7.9097998819982359E-049 7.9097998819982359E-049 5.3411332421483923E-039 5.3411332421483923E-039
-6.5999999999999996 9.2198220891069272E-032 9.2198220891069272E-032 2.1804835059583162E-040 2.1804835059583162E-040 2.1804834988562164E-040 2.1804834988562164E-040 9.2198220454972567E-032 9.2198220454972567E-032
-6.5000000000000000 2.1172291993627521E-025 2.1172291993627521E-025 7.9864963695295437E-033 7.9864963695295437E-033 7.9864963434870563E-033 7.9864963434870563E-033 2.1172290396328241E-025 2.1172290396328241E-025
-6.4000000000000004 6.4946472645424127E-020 6.4946472645424127E-020 3.8918292864983496E-026 3.8918292864983496E-026 3.8918292738118883E-026 3.8918292738118883E-026 6.4946394808838494E-020 6.4946394808838494E-020
-6.2999999999999998 2.6873695499514742E-015 2.6873695499514742E-015 2.5290272787645962E-020 2.5290272787645962E-020 2.5290272705262374E-020 2.5290272705262374E-020 2.6873189694059805E-015 2.6873189694059805E-015
-6.1999999999999993 1.5337425019020471E-011 1.5337425019020471E-011 2.2003423527736678E-015 2.2003423527736678E-015 2.2003423456144435E-015 2.2003423456144435E-015 1.5333024334322084E-011 1.5333024334322084E-011
-6.0999999999999996 1.2669985609794018E-008 1.2669985609794018E-008 2.5804264843605411E-011 2.5804264843605411E-011 2.5804264759813479E-011 2.5804264759813479E-011 1.2618377080190598E-008 1.2618377080190598E-008
-6.0000000000000000 1.7042796890964220E-006 1.7042796890964220E-006 4.1250451365699491E-008 4.1250451365699491E-008 4.1250451232199600E-008 4.1250451232199600E-008 1.6217787864985231E-006 1.6217787864985231E-006
-5.8999999999999995 5.6362791210070992E-005 5.6362791210070992E-005 9.1646888505077993E-006 9.1646888505077993E-006 9.1646888210210933E-006 9.1646888210210933E-006 3.8033413538542080E-005 3.8033413538542080E-005
-5.7999999999999998 8.5052741464670468E-004 8.5052741464670468E-004 2.9459053599411266E-004 2.9459053599411266E-004 2.9459053505737813E-004 2.9459053505737813E-004 2.6134634359521421E-004 2.6134634359521421E-004
-5.7000000000000002 4.1456766129444374E-003 4.1456766129444374E-003 1.5335463027469055E-003 1.5335463027469055E-003 1.5335462980167174E-003 1.5335462980167174E-003 1.0785840121808157E-003 1.0785840121808157E-003
-5.5999999999999996 6.4451729806533457E-003 6.4451729806533457E-003 1.9275621496595823E-003 1.9275621496595823E-003 1.9275621442008560E-003 1.9275621442008560E-003 2.5900486867929044E-003 2.5900486867929044E-003
-5.5000000000000000 9.4350513078519035E-003 9.4350513078519035E-003 2.6627357823709274E-003 2.6627357823709274E-003 2.6627357742217846E-003 2.6627357742217846E-003 4.1095797512592071E-003 4.1095797512592071E-003
-5.3999999999999995 2.0745336056196030E-002 2.0745336056196030E-002 7.3625005123549294E-003 7.3625005123549294E-003 7.3625004865702816E-003 7.3625004865702816E-003 6.0203350572708113E-003 6.0203350572708113E-003
-5.2999999999999998 3.3931571555446280E-002 3.3931571555446280E-002 1.2419013851239009E-002 1.2419013851239009E-002 1.2419013806654064E-002 1.2419013806654064E-002 9.0935438975532374E-003 9.0935438975532374E-003
-5.1999999999999993 4.1645041794307232E-002 4.1645041794307232E-002 1.4204598388636950E-002 1.4204598388636950E-002 1.4204598340652084E-002 1.4204598340652084E-002 1.3235845065018180E-002 1.3235845065018180E-002
-5.0999999999999996 3.8413427101358165E-002 3.8413427101358165E-002 1.1073950384935208E-002 1.1073950384935208E-002 1.1073950356432964E-002 1.1073950356432964E-002 1.6265526359990099E-002 1.6265526359990099E-002
-5.0000000000000000 4.2720619720564075E-002 4.2720619720564075E-002 1.1241535667476245E-002 1.1241535667476245E-002 1.1241535640665963E-002 1.1241535640665963E-002 2.0237548412421886E-002 2.0237548412421886E-002
-4.8999999999999995 7.8873879993175855E-002 7.8873879993175855E-002 2.7804058198755855E-002 2.7804058198755855E-002 2.7804058089167645E-002 2.7804058089167645E-002 2.3265763705252348E-002 2.3265763705252348E-002
-4.7999999999999998 0.11645752909291551 0.11645752909291551 4.2848919398528168E-002 4.2848919398528168E-002 4.2848919225842497E-002 4.2848919225842497E-002 3.0759690468545108E-002 3.0759690468545108E-002
-4.6999999999999993 0.11420549313181923 0.11420549313181923 3.9255324938323788E-002 3.9255324938323788E-002 3.9255324802232407E-002 3.9255324802232407E-002 3.5694843391263241E-002 3.5694843391263241E-002
-4.5999999999999996 0.13801975101697544 0.13801975101697544 4.6639322986099449E-002 4.6639322986099449E-002 4.6639322822154147E-002 4.6639322822154147E-002 4.4741105208722154E-002 4.4741105208722154E-002
-4.5000000000000000 0.13370811640786509 0.13370811640786509 4.2238814706425327E-002 4.2238814706425327E-002 4.2238814611739443E-002 4.2238814611739443E-002 4.9230487089700174E-002 4.9230487089700174E-002
-4.3999999999999995 0.12789230074860361 0.12789230074860361 3.4735173075516497E-002 3.4735173075516497E-002 3.4735173042957278E-002 3.4735173042957278E-002 5.8421954630129835E-002 5.8421954630129835E-002
-4.2999999999999998 0.15851205077699754 0.15851205077699754 4.8095147432910518E-002 4.8095147432910518E-002 4.8095147315889819E-002 4.8095147315889819E-002 6.2321756028197360E-002 6.2321756028197360E-002
-4.1999999999999993 0.26536137291575973 0.26536137291575973 9.6414935555172304E-002 9.6414935555172304E-002 9.6414935121245188E-002 9.6414935121245188E-002 7.2531502239342890E-002 7.2531502239342890E-002
-4.0999999999999996 0.32443245616584704 0.32443245616584704 0.11998571552441008 0.11998571552441008 0.11998571506364875 0.11998571506364875 8.4461025577788368E-002 8.4461025577788368E-002
-4.0000000000000000 0.29660737822466743 0.29660737822466743 0.10044715441954211 0.10044715441954211 0.10044715415196759 0.10044715415196759 9.5713069653157623E-002 9.5713069653157623E-002
-3.8999999999999995 0.31885510010396384 0.31885510010396384 0.10476293115243261 0.10476293115243261 0.10476293084250136 0.10476293084250136 0.10932923810903125 0.10932923810903125
-3.7999999999999998 0.31202701747746620 0.31202701747746620 9.6410068050253594E-002 9.6410068050253594E-002 9.6410067917221370E-002 9.6410067917221370E-002 0.11920688150999327 0.11920688150999327
-3.6999999999999993 0.29967326786368897 0.29967326786368897 8.3251283767737855E-002 8.3251283767737855E-002 8.3251283908487961E-002 8.3251283908487961E-002 0.13317070018746505 0.13317070018746505
-3.5999999999999996 0.38173942055446330 0.38173942055446330 0.11930539209238997 0.11930539209238997 0.11930539232194701 0.11930539232194701 0.14312863614012589 0.14312863614012589
-3.5000000000000000 0.63826973797579356 0.63826973797579356 0.23633456299602879 0.23633456299602879 0.23633456199287811 0.23633456199287811 0.16560061298688747 0.16560061298688747
-3.3999999999999995 0.68118474188152556 0.68118474188152556 0.24389018047635105 0.24389018047635105 0.24389017917339223 0.24389017917339223 0.19340438223178519 0.19340438223178519
-3.2999999999999998 0.65686787342540676 0.65686787342540676 0.21720443226725411 0.21720443226725411 0.21720443154937952 0.21720443154937952 0.22245900960877446 0.22245900960877446
-3.1999999999999993 0.66491644398828675 0.66491644398828675 0.21139375025967203 0.21139375025967203 0.21139374976838438 0.21139374976838438 0.24212894396023255 0.24212894396023255
-3.0999999999999996 0.68532824271925452 0.68532824271925452 0.21708327921292639 0.21708327921292639 0.21708328041074770 0.21708328041074770 0.25116168309558645 0.25116168309558645
-3.0000000000000000 0.84058519103891316 0.84058519103891316 0.27761961471799912 0.27761961471799912 0.27761961346260111 0.27761961346260111 0.28534596285831559 0.28534596285831559
-2.8999999999999995 0.90743252153367027 0.90743252153367027 0.30240964529801517 0.30240964529801517 0.30240964040471319 0.30240964040471319 0.30261323583094479 0.30261323583094479
-2.7999999999999998 1.0198377182804481 1.0198377182804481 0.34690054247915525 0.34690054247915525 0.34690053868878695 0.34690053868878695 0.32603663711250858 0.32603663711250858
-2.6999999999999993 1.1114528698046136 1.1114528698046136 0.37103693965917484 0.37103693965917484 0.37103693970957102 0.37103693970957102 0.36937899043587991 0.36937899043587991
-2.5999999999999996 1.2827146029691694 1.2827146029691694 0.42581828486446494 0.42581828486446494 0.42581828622796114 0.42581828622796114 0.43107803187674226 0.43107803187674226
-2.5000000000000000 1.5829467090558296 1.5829467090558296 0.55359359791529528 0.55359359791529528 0.55359359940496400 0.55359359940496400 0.47575951173557718 0.47575951173557718
-2.3999999999999995 1.3078366553335234 1.3078366553335234 0.42665565974090930 0.42665565974090930 0.42665566041628750 0.42665566041628750 0.45452533517633170 0.45452533517633170
-2.2999999999999998 1.2009354442156073 1.2009354442156073 0.37462587551432180 0.37462587551432180 0.37462587581099815 0.37462587581099815 0.45168369289028315 0.45168369289028315
-2.1999999999999993 1.2338413977837819 1.2338413977837819 0.39752213554428034 0.39752213554428034 0.39752213592090746 0.39752213592090746 0.43879712631860074 0.43879712631860074
-2.0999999999999996 1.4391639896094954 1.4391639896094954 0.49868738109437938 0.49868738109437938 0.49868737749356640 0.49868737749356640 0.44178923102155904 0.44178923102155904
-2.0000000000000000 1.5373110579549534 1.5373110579549534 0.53978351397346891 0.53978351397346891 0.53978350860796231 0.53978350860796231 0.45774403537352693 0.45774403537352693
-1.9000000000000004 1.4044814636324212 1.4044814636324212 0.46487086782397735 0.46487086782397735 0.46487086399484634 0.46487086399484634 0.47473973181361523 0.47473973181361523
-1.7999999999999989 1.3285714876082346 1.3285714876082346 0.42565392624698806 0.42565392624698806 0.42565392248057998 0.42565392248057998 0.47726363888067347 0.47726363888067347
-1.6999999999999993 1.2717527465945946 1.2717527465945946 0.39731195593171903 0.39731195593171903 0.39731195556526233 0.39731195556526233 0.47712883509762249 0.47712883509762249
-1.5999999999999996 1.4077362774832418 1.4077362774832418 0.48543916808136028 0.48543916808136028 0.48543916969087281 0.48543916969087281 0.43685793971102127 0.43685793971102127
-1.5000000000000000 1.6424565982633130 1.6424565982633130 0.57618812221481319 0.57618812221481319 0.57618812599664015 0.57618812599664015 0.49008035005186912 0.49008035005186912
-1.4000000000000004 1.7800686645312975 1.7800686645312975 0.58130700537844537 0.58130700537844537 0.58130701437340659 0.58130701437340659 0.61745464477945766 0.61745464477945766
-1.2999999999999989 1.9394080894611327 1.9394080894611327 0.64229001520540796 0.64229001520540796 0.64229001804245256 0.64229001804245256 0.65482805621331386 0.65482805621331386
-1.1999999999999993 1.9555653614459785 1.9555653614459785 0.65915934143320420 0.65915934143320420 0.65915935378588164 0.65915935378588164 0.63724666622690684 0.63724666622690684
-1.0999999999999996 1.6870013973551441 1.6870013973551441 0.54068908073362509 0.54068908073362509 0.54068910106040080 0.54068910106040080 0.60562321556113541 0.60562321556113541
-1.0000000000000000 1.5994248991113060 1.5994248991113060 0.54017248133487383 0.54017248133487383 0.54017249017473723 0.54017249017473723 0.51907992760170119 0.51907992760170119
-0.90000000000000036 1.6360961653981900 1.6360961653981900 0.55174129098740377 0.55174129098740377 0.55174128915927401 0.55174128915927401 0.53261358525152369 0.53261358525152369
-0.79999999999999893 1.7427547788165785 1.7427547788165785 0.57256191953431101 0.57256191953431101 0.57256191895721187 0.57256191895721187 0.59763094032507380 0.59763094032507380
-0.69999999999999929 1.7041014024910546 1.7041014024910546 0.56119551014711710 0.56119551014711710 0.56119550804859664 0.56119550804859664 0.58171038429536104 0.58171038429536104
-0.59999999999999964 2.1566773085428474 2.1566773085428474 0.72147838369873529 0.72147838369873529 0.72147837599440623 0.72147837599440623 0.71372054884972258 0.71372054884972258
-0.50000000000000000 2.4889889703857744 2.4889889703857744 0.85640675563802560 0.85640675563802560 0.85640673204666906 0.85640673204666906 0.77617548270110970 0.77617548270110970
-0.39999999999999858 2.6579629456627480 2.6579629456627480 0.90563939069887045 0.90563939069887045 0.90563937058603239 0.90563937058603239 0.84668418437789217 0.84668418437789217
-0.29999999999999893 2.7240805465225169 2.7240805465225169 0.89359055451036595 0.89359055451036595 0.89359054581829167 0.89359054581829167 0.93689944619393473 0.93689944619393473
-0.19999999999999929 2.4148110282175237 2.4148110282175237 0.77355957081350057 0.77355957081350057 0.77355954744843447 0.77355954744843447 0.86769190995560663 0.86769190995560663
-9.9999999999999645E-002 2.0735784463642708 2.0735784463642708 0.69190904776385032 0.69190904776385032 0.69190902687086453 0.69190902687086453 0.68976037172959925 0.68976037172959925
0.0000000000000000 1.9554971703597126 1.9554971703597126 0.64427752683534667 0.64427752683534667 0.64427751737060790 0.64427751737060790 0.66694212615377924 0.66694212615377924
0.10000000000000142 1.8938035415913117 1.8938035415913117 0.61933226215378667 0.61933226215378667 0.61933225380651369 0.61933225380651369 0.65513902563103099 0.65513902563103099
0.20000000000000107 2.1211683849062197 2.1211683849062197 0.71103134178154048 0.71103134178154048 0.71103134432151949 0.71103134432151949 0.69910569880319584 0.69910569880319584
0.30000000000000071 2.1417803423824209 2.1417803423824209 0.73146905549121166 0.73146905549121166 0.73146906276662160 0.73146906276662160 0.67884222412464157 0.67884222412464157
0.40000000000000036 1.6961414873490270 1.6961414873490270 0.60167857723841267 0.60167857723841267 0.60167858013957598 0.60167858013957598 0.49278432997104460 0.49278432997104460
0.50000000000000000 1.4613836106662479 1.4613836106662479 0.50018439617330201 0.50018439617330201 0.50018440179496393 0.50018440179496393 0.46101481269800137 0.46101481269800137
0.60000000000000142 1.3117196168598093 1.3117196168598093 0.43128171558606010 0.43128171558606010 0.43128171751945482 0.43128171751945482 0.44915618375431232 0.44915618375431232
0.70000000000000107 1.2240008533645812 1.2240008533645812 0.37391187628157463 0.37391187628157463 0.37391187399727727 0.37391187399727727 0.47617710308573552 0.47617710308573552
0.80000000000000071 1.3102577615945408 1.3102577615945408 0.41925334212822168 0.41925334212822168 0.41925334001475156 0.41925334001475156 0.47175107945158284 0.47175107945158284
0.90000000000000036 1.3733764458380227 1.3733764458380227 0.46193594533869398 0.46193594533869398 0.46193594043894354 0.46193594043894354 0.44950456006040279 0.44950456006040279
1.0000000000000000 1.2447325477086186 1.2447325477086186 0.41011180486318505 0.41011180486318505 0.41011180116312779 0.41011180116312779 0.42450894168232073 0.42450894168232073
1.1000000000000014 0.94457193400200978 0.94457193400200978 0.31742635614031978 0.31742635614031978 0.31742635719254697 0.31742635719254697 0.30971922066913915 0.30971922066913915
1.2000000000000011 0.95724060082953399 0.95724060082953399 0.31645551001859018 0.31645551001859018 0.31645551243212250 0.31645551243212250 0.32432957837882131 0.32432957837882131
1.3000000000000007 0.92582813135831987 0.92582813135831987 0.30903274592663388 0.30903274592663388 0.30903274825491689 0.30903274825491689 0.30776263717678143 0.30776263717678143
1.4000000000000004 0.97255079501974828 0.97255079501974828 0.34409849701790607 0.34409849701790607 0.34409850112152895 0.34409850112152895 0.28435379688031576 0.28435379688031576
1.5000000000000000 0.95632128710611752 0.95632128710611752 0.33553822807144018 0.33553822807144018 0.33553823430463187 0.33553823430463187 0.28524482473005469 0.28524482473005469
1.6000000000000014 0.88864112275727869 0.88864112275727869 0.30109761797718237 0.30109761797718237 0.30109762346038210 0.30109762346038210 0.28644588131972243 0.28644588131972243
1.7000000000000011 0.61504387503095581 0.61504387503095581 0.19606871910919543 0.19606871910919543 0.19606872141263007 0.19606872141263007 0.22290643450914155 0.22290643450914155
1.8000000000000007 0.50089980964405090 0.50089980964405090 0.16260058189309307 0.16260058189309307 0.16260057892805072 0.16260057892805072 0.17569864882291655 0.17569864882291655
1.9000000000000004 0.52624418871108647 0.52624418871108647 0.17539425885685953 0.17539425885685953 0.17539425565518801 0.17539425565518801 0.17545567419904606 0.17545567419904606
2.0000000000000000 0.47727068376228476 0.47727068376228476 0.15021582714946582 0.15021582714946582 0.15021582877300929 0.15021582877300929 0.17683902783981048 0.17683902783981048
2.1000000000000014 0.41505065193608953 0.41505065193608953 0.11919597021080554 0.11919597021080554 0.11919597249513285 0.11919597249513285 0.17665870923015436 0.17665870923015436
2.2000000000000011 0.38747320211712610 0.38747320211712610 0.11191644275807794 0.11191644275807794 0.11191644319468091 0.11191644319468091 0.16364031616436883 0.16364031616436883
2.3000000000000007 0.39512140684408009 0.39512140684408009 0.12579327766905546 0.12579327766905546 0.12579327684433897 0.12579327684433897 0.14353485233068569 0.14353485233068569
2.4000000000000004 0.63246824050060113 0.63246824050060113 0.23308081734439151 0.23308081734439151 0.23308081639612865 0.23308081639612865 0.16630660676008605 0.16630660676008605
2.5000000000000000 0.91457862273491997 0.91457862273491997 0.35486002435746244 0.35486002435746244 0.35486002297647001 0.35486002297647001 0.20485857540099187 0.20485857540099187
2.6000000000000014 0.69134611273196445 0.69134611273196445 0.24173108790774187 0.24173108790774187 0.24173108759067088 0.24173108759067088 0.20788393723355691 0.20788393723355691
2.7000000000000011 0.62884962564995284 0.62884962564995284 0.19873404762426564 0.19873404762426564 0.19873404723274701 0.19873404723274701 0.23138153079295390 0.23138153079295390
2.8000000000000007 0.50380816413049123 0.50380816413049123 0.14768748508180121 0.14768748508180121 0.14768748402406678 0.14768748402406678 0.20843319502462559 0.20843319502462559
2.9000000000000004 0.57933553672310956 0.57933553672310956 0.16717541581942508 0.16717541581942508 0.16717541781612844 0.16717541781612844 0.24498470308755863 0.24498470308755863
3.0000000000000000 0.79294072123244685 0.79294072123244685 0.23951998451324247 0.23951998451324247 0.23951998815981601 0.23951998815981601 0.31390074855939420 0.31390074855939420
3.1000000000000014 0.75644927074937351 0.75644927074937351 0.25022007800142892 0.25022007800142892 0.25022008127058643 0.25022008127058643 0.25600911147735883 0.25600911147735883
3.2000000000000011 0.84399004405840294 0.84399004405840294 0.27871313780626877 0.27871313780626877 0.27871313962623573 0.27871313962623573 0.28656376662590155 0.28656376662590155
3.3000000000000007 1.1837229465780532 1.1837229465780532 0.41384800778063763 0.41384800778063763 0.41384800963930124 0.41384800963930124 0.35602692915811718 0.35602692915811718
3.4000000000000004 1.2567602710798151 1.2567602710798151 0.47751791353026807 0.47751791353026807 0.47751791634523377 0.47751791634523377 0.30172444120431330 0.30172444120431330
3.5000000000000000 1.1166741017820865 1.1166741017820865 0.41062976592681777 0.41062976592681777 0.41062977090610414 0.41062977090610414 0.29541456494916385 0.29541456494916385
3.6000000000000014 1.1093515626518746 1.1093515626518746 0.35715076196927481 0.35715076196927481 0.35715076450600436 0.35715076450600436 0.39505003617659690 0.39505003617659690
3.7000000000000011 1.2029094936270830 1.2029094936270830 0.38260773439580004 0.38260773439580004 0.38260772966349077 0.38260772966349077 0.43769402956779641 0.43769402956779641
3.8000000000000007 1.0918109132609035 1.0918109132609035 0.36600271281814600 0.36600271281814600 0.36600270832487419 0.36600270832487419 0.35980549211788637 0.35980549211788637
3.9000000000000004 1.2169572913038347 1.2169572913038347 0.34411500777273429 0.34411500777273429 0.34411500764222225 0.34411500764222225 0.52872727588888213 0.52872727588888213
4.0000000000000000 1.1149496714133531 1.1149496714133531 0.31229849999459380 0.31229849999459380 0.31229850080604926 0.31229850080604926 0.49035267061271143 0.49035267061271143
4.1000000000000014 0.94392966612149454 0.94392966612149454 0.30403147077140819 0.30403147077140819 0.30403147459264629 0.30403147459264629 0.33586672075744239 0.33586672075744239
4.2000000000000011 0.95640000569037598 0.95640000569037598 0.31446807113749248 0.31446807113749248 0.31446807347994865 0.31446807347994865 0.32746386107294195 0.32746386107294195
4.3000000000000007 1.4886067549752162 1.4886067549752162 0.50433717328980898 0.50433717328980898 0.50433716515974958 0.50433716515974958 0.47993241652566121 0.47993241652566121
4.4000000000000004 2.0878761141266575 2.0878761141266575 0.77633362754739665 0.77633362754739665 0.77633362582522902 0.77633362582522902 0.53520886075402918 0.53520886075402918
4.5000000000000000 1.7634613297503072 1.7634613297503072 0.66685960393453880 0.66685960393453880 0.66685960587687143 0.66685960587687143 0.42974211993889749 0.42974211993889749
4.6000000000000014 1.4565942158833063 1.4565942158833063 0.52249505008321451 0.52249505008321451 0.52249505171940724 0.52249505171940724 0.41160411408068254 0.41160411408068254
4.7000000000000011 1.5570247650819804 1.5570247650819804 0.47180142864125835 0.47180142864125835 0.47180143443679462 0.47180143443679462 0.61342190200393099 0.61342190200393099
4.8000000000000007 1.4717132102443755 1.4717132102443755 0.46455505598358815 0.46455505598358815 0.46455506789970691 0.46455506789970691 0.54260308636108645 0.54260308636108645
4.9000000000000004 1.3531294056756733 1.3531294056756733 0.45855910546869272 0.45855910546869272 0.45855909652743537 0.45855909652743537 0.43601120367954632 0.43601120367954632
5.0000000000000000 1.2653175135931434 1.2653175135931434 0.38894908459010008 0.38894908459010008 0.38894905889379927 0.38894905889379927 0.48741937010925013 0.48741937010925013
5.1000000000000014 1.3606007650477598 1.3606007650477598 0.40921888844826465 0.40921888844826465 0.40921886505807370 0.40921886505807370 0.54216301154142799 0.54216301154142799
5.2000000000000011 1.2858058731703117 1.2858058731703117 0.42295042353983925 0.42295042353983925 0.42295039527301242 0.42295039527301242 0.43990505435746241 0.43990505435746241
5.3000000000000007 1.3886251765898450 1.3886251765898450 0.46410164291057371 0.46410164291057371 0.46410159935997058 0.46410159935997058 0.46042193431930500 0.46042193431930500
5.4000000000000004 1.5571110088910527 1.5571110088910527 0.49264335458259095 0.49264335458259095 0.49264336094041145 0.49264336094041145 0.57182429336804630 0.57182429336804630
5.5000000000000000 1.7743429947616125 1.7743429947616125 0.58342228057578760 0.58342228057578760 0.58342232081435708 0.58342232081435708 0.60749839337146683 0.60749839337146683
5.6000000000000014 1.8361112475211905 1.8361112475211905 0.63074962822084613 0.63074962822084613 0.63074964122606192 0.63074964122606192 0.57461197807428854 0.57461197807428854
5.7000000000000011 1.7522946547626717 1.7522946547626717 0.61919484684896675 0.61919484684896675 0.61919484859885121 0.61919484859885121 0.51390495931485869 0.51390495931485869
5.8000000000000007 2.0761450072823413 2.0761450072823413 0.71598578580007954 0.71598578580007954 0.71598578610981001 0.71598578610981001 0.64417343537245197 0.64417343537245197
5.9000000000000004 1.8210383201362323 1.8210383201362323 0.62664133938139688 0.62664133938139688 0.62664133833528834 0.62664133833528834 0.56775564241955201 0.56775564241955201
6.0000000000000000 1.4606603201335504 1.4606603201335504 0.49560253662447690 0.49560253662447690 0.49560253568415769 0.49560253568415769 0.46945524782492004 0.46945524782492004
6.1000000000000014 1.5571488154061133 1.5571488154061133 0.53906534545913554 0.53906534545913554 0.53906534195035971 0.53906534195035971 0.47901812799662025 0.47901812799662025
6.1999999999999993 1.5689684157787462 1.5689684157787462 0.52841957296367537 0.52841957296367537 0.52841957311681398 0.52841957311681398 0.51212926969825745 0.51212926969825745
6.3000000000000007 1.2339147557072052 1.2339147557072052 0.38633149593263288 0.38633149593263288 0.38633150035008657 0.38633150035008657 0.46125175942448932 0.46125175942448932
6.4000000000000021 1.0554819796557815 1.0554819796557815 0.32058519987674561 0.32058519987674561 0.32058520199859730 0.32058520199859730 0.41431157778043676 0.41431157778043676
6.5000000000000000 1.2272250625294949 1.2272250625294949 0.40844533090917229 0.40844533090917229 0.40844533369874492 0.40844533369874492 0.41033439792158483 0.41033439792158483
6.6000000000000014 1.1281322916788814 1.1281322916788814 0.39224491562931146 0.39224491562931146 0.39224491708694537 0.39224491708694537 0.34364245896263090 0.34364245896263090
6.6999999999999993 1.2131256575598812 1.2131256575598812 0.34557058018135739 0.34557058018135739 0.34557057698666926 0.34557057698666926 0.52198450039185007 0.52198450039185007
6.8000000000000007 1.3688824669035791 1.3688824669035791 0.40384893122486776 0.40384893122486776 0.40384891876624851 0.40384891876624851 0.56118461691246335 0.56118461691246335
6.9000000000000021 1.5863461911510910 1.5863461911510910 0.54745458081329235 0.54745458081329235 0.54745458653227763 0.54745458653227763 0.49143702380552556 0.49143702380552556
7.0000000000000000 1.3929517043496580 1.3929517043496580 0.52301232001620224 0.52301232001620224 0.52301232803018716 0.52301232803018716 0.34692705630326365 0.34692705630326365
7.1000000000000014 1.4300141759861074 1.4300141759861074 0.52610031676403568 0.52610031676403568 0.52610032146448205 0.52610032146448205 0.37781353775758747 0.37781353775758747
7.1999999999999993 1.5369725127041431 1.5369725127041431 0.49518665723043098 0.49518665723043098 0.49518666154991603 0.49518666154991603 0.54659919392380263 0.54659919392380263
7.3000000000000007 1.5031598336894487 1.5031598336894487 0.44751296431661886 0.44751296431661886 0.44751296626141773 0.44751296626141773 0.60813390311141791 0.60813390311141791
7.4000000000000021 1.3145977445309824 1.3145977445309824 0.45903998254195660 0.45903998254195660 0.45903998415419150 0.45903998415419150 0.39651777783483105 0.39651777783483105
7.5000000000000000 1.3239343134284081 1.3239343134284081 0.48598592049359585 0.48598592049359585 0.48598591909530614 0.48598591909530614 0.35196247383950657 0.35196247383950657
7.6000000000000014 1.2733290378441098 1.2733290378441098 0.42897958185732477 0.42897958185732477 0.42897957446131613 0.42897957446131613 0.41536988152547533 0.41536988152547533
7.6999999999999993 1.2464731354174143 1.2464731354174143 0.41093939176047595 0.41093939176047595 0.41093938826144477 0.41093938826144477 0.42459435539549939 0.42459435539549939
7.8000000000000007 1.2733451950436003 1.2733451950436003 0.38734101275057947 0.38734101275057947 0.38734101434634111 0.38734101434634111 0.49866316794668197 0.49866316794668197
7.9000000000000021 1.2396772701934060 1.2396772701934060 0.36531703841032243 0.36531703841032243 0.36531704384624375 0.36531704384624375 0.50904318793684522 0.50904318793684522
8.0000000000000000 1.3575731275615830 1.3575731275615830 0.46840034800680613 0.46840034800680613 0.46840035413346681 0.46840035413346681 0.42077242542131649 0.42077242542131649
8.1000000000000014 1.2001113215890935 1.2001113215890935 0.44374621301696043 0.44374621301696043 0.44374621581353224 0.44374621581353224 0.31261889275859911 0.31261889275859911
8.1999999999999993 1.4136774799050611 1.4136774799050611 0.51697580496871687 0.51697580496871687 0.51697579372643288 0.51697579372643288 0.37972588120991263 0.37972588120991263
8.3000000000000007 1.5276857329556364 1.5276857329556364 0.52864405878012066 0.52864405878012066 0.52864403679281424 0.52864403679281424 0.47039763738270396 0.47039763738270396
8.4000000000000021 1.6612218140895803 1.6612218140895803 0.52516973267078770 0.52516973267078770 0.52516972656118643 0.52516972656118643 0.61088235485760511 0.61088235485760511
8.5000000000000000 1.6445060419026769 1.6445060419026769 0.49975034442218375 0.49975034442218375 0.49975034919186923 0.49975034919186923 0.64500534828863354 0.64500534828863354
8.6000000000000014 1.4995851715883448 1.4995851715883448 0.46467094113202911 0.46467094113202911 0.46467093548976224 0.46467093548976224 0.57024329496654957 0.57024329496654957
8.6999999999999993 1.9678863396755948 1.9678863396755948 0.65367814716436889 0.65367814716436889 0.65367811602492953 0.65367811602492953 0.66053007648630480 0.66053007648630480
8.8000000000000007 2.3059104383268463 2.3059104383268463 0.75874149098588284 0.75874149098588284 0.75874149991592654 0.75874149991592654 0.78842744742503434 0.78842744742503434
8.9000000000000021 1.7984640947149995 1.7984640947149995 0.60987969418175048 0.60987969418175048 0.60987972345243113 0.60987972345243113 0.57870467708082807 0.57870467708082807
9.0000000000000000 1.6760328576226182 1.6760328576226182 0.56821169249973891 0.56821169249973891 0.56821170331630477 0.56821170331630477 0.53960946180657154 0.53960946180657154
9.1000000000000014 2.1613142759736825 2.1613142759736825 0.74034967896076620 0.74034967896076620 0.74034969327775246 0.74034969327775246 0.68061490373515832 0.68061490373515832
9.2000000000000028 2.7790785593121949 2.7790785593121949 0.96462787840814346 0.96462787840814346 0.96462788235932173 0.96462788235932173 0.84982279854474418 0.84982279854474418
9.3000000000000007 3.0312295049936315 3.0312295049936315 1.0045671443325439 1.0045671443325439 1.0045671473356181 1.0045671473356181 1.0220952133255068 1.0220952133255068
9.4000000000000021 2.5123696834772313 2.5123696834772313 0.81795912921836011 0.81795912921836011 0.81795912707881069 0.81795912707881069 0.87645142718006896 0.87645142718006896
9.5000000000000000 2.5201143676040911 2.5201143676040911 0.85269559163709285 0.85269559163709285 0.85269558211662044 0.85269558211662044 0.81472319385039416 0.81472319385039416
9.6000000000000014 2.2762492735475530 2.2762492735475530 0.85193861015630745 0.85193861015630745 0.85193861292053463 0.85193861292053463 0.57237205047070439 0.57237205047070439
9.7000000000000028 2.2797760135042733 2.2797760135042733 0.78784295792343517 0.78784295792343517 0.78784296798633879 0.78784296798633879 0.70409008759451053 0.70409008759451053
9.8000000000000007 2.3954356765879647 2.3954356765879647 0.68116602669520732 0.68116602669520732 0.68116604868821318 0.68116604868821318 1.0331036012045431 1.0331036012045431
9.9000000000000021 2.5047923503718397 2.5047923503718397 0.71052330349586390 0.71052330349586390 0.71052332259752493 0.71052332259752493 1.0837457242784527 1.0837457242784527
 @# EF
   4.298   0.000
   4.298  10.000
