 @#dos of site           1 s(up) s(dn) p(up) p(dn) d(up) d(dn)
-10.000000000000000 2.1246106291724050E-085 2.1246106291724050E-085 6.3738318875172738E-085 6.3738318875172738E-085 1.0623053145862204E-084 1.0623053145862204E-084
-9.9000000000000004 2.1246106291724050E-085 2.1246106291724050E-085 6.3738318875172738E-085 6.3738318875172738E-085 1.0623053145862204E-084 1.0623053145862204E-084
-9.8000000000000007 2.1246106291724050E-085 2.1246106291724050E-085 6.3738318875172738E-085 6.3738318875172738E-085 1.0623053145862204E-084 1.0623053145862204E-084
-9.6999999999999993 2.1246106291724050E-085 2.1246106291724050E-085 6.3738318875172738E-085 6.3738318875172738E-085 1.0623053145862204E-084 1.0623053145862204E-084
-9.5999999999999996 2.1246106291724050E-085 2.1246106291724050E-085 6.3738318875172738E-085 6.3738318875172738E-085 1.0623053145862204E-084 1.0623053145862204E-084
-9.5000000000000000 2.1246106291724050E-085 2.1246106291724050E-085 6.3738318875172738E-085 6.3738318875172738E-085 1.0623053145862204E-084 1.0623053145862204E-084
-9.4000000000000004 2.1246106291724050E-085 2.1246106291724050E-085 6.3738318875172738E-085 6.3738318875172738E-085 1.0623053145862204E-084 1.0623053145862204E-084
-9.3000000000000007 2.1246106291724050E-085 2.1246106291724050E-085 6.3738318875172738E-085 6.3738318875172738E-085 1.0623053145862204E-084 1.0623053145862204E-084
-9.1999999999999993 2.1246106291724050E-085 2.1246106291724050E-085 6.3738318875172738E-085 6.3738318875172738E-085 1.0623053145862204E-084 1.0623053145862204E-084
-9.0999999999999996 2.1246106291724050E-085 2.1246106291724050E-085 6.3738318875172738E-085 6.3738318875172738E-085 1.0623053145862204E-084 1.0623053145862204E-084
-9.0000000000000000 2.1246106291724050E-085 2.1246106291724050E-085 6.3738318875172738E-085 6.3738318875172738E-085 1.0623053145862204E-084 1.0623053145862204E-084
-8.9000000000000004 2.1246106291724050E-085 2.1246106291724050E-085 6.3738318875172738E-085 6.3738318875172738E-085 1.0623053145862204E-084 1.0623053145862204E-084
-8.8000000000000007 2.1246106291724050E-085 2.1246106291724050E-085 6.3738318875172738E-085 6.3738318875172738E-085 1.0623053145862204E-084 1.0623053145862204E-084
-8.6999999999999993 2.1246106291724050E-085 2.1246106291724050E-085 6.3738318875172738E-085 6.3738318875172738E-085 1.0623053145862204E-084 1.0623053145862204E-084
-8.5999999999999996 2.1246106291724050E-085 2.1246106291724050E-085 6.3738318875172738E-085 6.3738318875172738E-085 1.0623053145862204E-084 1.0623053145862204E-084
-8.5000000000000000 2.1246106291724050E-085 2.1246106291724050E-085 6.3738318875172738E-085 6.3738318875172738E-085 1.0623053145862204E-084 1.0623053145862204E-084
-8.4000000000000004 2.1246106291724050E-085 2.1246106291724050E-085 6.3738318875172738E-085 6.3738318875172738E-085 1.0623053145862204E-084 1.0623053145862204E-084
-8.3000000000000007 2.1246106291724050E-085 2.1246106291724050E-085 6.3738318875172738E-085 6.3738318875172738E-085 1.0623053145862204E-084 1.0623053145862204E-084
-8.1999999999999993 2.1246106291724050E-085 2.1246106291724050E-085 6.3738318875172738E-085 6.3738318875172738E-085 1.0623053145862204E-084 1.0623053145862204E-084
-8.0999999999999996 2.1246106291724050E-085 2.1246106291724050E-085 6.3738318875172738E-085 6.3738318875172738E-085 1.0623053145862204E-084 1.0623053145862204E-084
-8.0000000000000000 2.1246106291724050E-085 2.1246106291724050E-085 6.3738318875172738E-085 6.3738318875172738E-085 1.0623053145862204E-084 1.0623053145862204E-084
-7.9000000000000004 2.1246106291724050E-085 2.1246106291724050E-085 6.3738318875172738E-085 6.3738318875172738E-085 1.0623053145862204E-084 1.0623053145862204E-084
-7.7999999999999998 2.1246106291724050E-085 2.1246106291724050E-085 6.3738318875172738E-085 6.3738318875172738E-085 1.0623053145862204E-084 1.0623053145862204E-084
-7.6999999999999993 2.1246106291724050E-085 2.1246106291724050E-085 6.3738318875172738E-085 6.3738318875172738E-085 1.0623053145862204E-084 1.0623053145862204E-084
-7.5999999999999996 2.1246106291724050E-085 2.1246106291724050E-085 6.3738318875172738E-085 6.3738318875172738E-085 1.0623053145862204E-084 1.0623053145862204E-084
-7.5000000000000000 2.1246106291724050E-085 2.1246106291724050E-085 6.3738318875172738E-085 6.3738318875172738E-085 1.0623053145862204E-084 1.0623053145862204E-084
-7.4000000000000004 2.1246106291724050E-085 2.1246106291724050E-085 6.3738318875172738E-085 6.3738318875172738E-085 1.0623053145862204E-084 1.0623053145862204E-084
-7.2999999999999998 2.1246106291724050E-085 2.1246106291724050E-085 6.3738318875172738E-085 6.3738318875172738E-085 1.0623053145862204E-084 1.0623053145862204E-084
-7.1999999999999993 2.2409224755320042E-085 2.2409224755320042E-085 6.3797788843686706E-085 6.3797788843686706E-085 1.0623546652245187E-084 1.0623546652245187E-084
-7.0999999999999996 4.1133341968164302E-075 4.1133341968164302E-075 2.1033836039734215E-076 2.1033836039734215E-076 1.7433918572176369E-077 1.7433918572176369E-077
-7.0000000000000000 1.9451735897854222E-064 1.9451735897854222E-064 9.9481633438264759E-066 9.9481633438264759E-066 8.2338708331847348E-067 8.2338708331847348E-067
-6.9000000000000004 1.2320583004473151E-054 1.2320583004473151E-054 6.3021301334988676E-056 6.3021301334988676E-056 5.2073038939740549E-057 5.2073038939740549E-057
-6.7999999999999998 1.0472762691689765E-045 1.0472762691689765E-045 5.3580069896950815E-047 5.3580069896950815E-047 4.4181684447218590E-048 4.4181684447218590E-048
-6.6999999999999993 1.1976634365370847E-037 1.1976634365370847E-037 6.1288816293582046E-039 6.1288816293582046E-039 5.0412345361696395E-040 5.0412345361696395E-040
-6.5999999999999996 1.8488397431607035E-030 1.8488397431607035E-030 9.4640069769372262E-032 9.4640069769372262E-032 7.7603280978582775E-033 7.7603280978582775E-033
-6.5000000000000000 3.8705063093785210E-024 3.8705063093785210E-024 1.9820191788257606E-025 1.9820191788257606E-025 1.6187609029041638E-026 1.6187609029041638E-026
-6.4000000000000004 1.1062967827261183E-018 1.1062967827261183E-018 5.6679668044501946E-020 5.6679668044501946E-020 4.6047555120498130E-021 4.6047555120498130E-021
-6.2999999999999998 4.3622328081803600E-014 4.3622328081803600E-014 2.2364509635239491E-015 2.2364509635239491E-015 1.8036472057539970E-016 1.8036472057539970E-016
-6.1999999999999993 2.4134961634798096E-010 2.4134961634798096E-010 1.2385787314249007E-011 1.2385787314249007E-011 9.8814584775954740E-013 9.8814584775954740E-013
-6.0999999999999996 1.9312783856757497E-007 1.9312783856757497E-007 9.9265407557838588E-009 9.9265407557838588E-009 7.7851075408421199E-010 7.7851075408421199E-010
-6.0000000000000000 2.3771721761790749E-005 2.3771721761790749E-005 1.2257706293351903E-006 1.2257706293351903E-006 9.3518656324716130E-008 9.3518656324716130E-008
-5.8999999999999995 5.2704815213503570E-004 5.2704815213503570E-004 2.7537208548805220E-005 2.7537208548805220E-005 2.0659083879634767E-006 2.0659083879634767E-006
-5.7999999999999998 3.4251310262182599E-003 3.4251310262182599E-003 1.9072335978824229E-004 1.9072335978824229E-004 1.6966512346310400E-005 1.6966512346310400E-005
-5.7000000000000002 1.3333027850915313E-002 1.3333027850915313E-002 8.1567125265132924E-004 8.1567125265132924E-004 9.1742551145731731E-005 9.1742551145731731E-005
-5.5999999999999996 3.0743447701028076E-002 3.0743447701028076E-002 1.9641502989009747E-003 1.9641502989009747E-003 2.2198124936291411E-004 2.2198124936291411E-004
-5.5000000000000000 4.6827405086563488E-002 4.6827405086563488E-002 3.0752485406886649E-003 3.0752485406886649E-003 3.2570007902413300E-004 3.2570007902413300E-004
-5.3999999999999995 6.6622899404630634E-002 6.6622899404630634E-002 4.6724827567838452E-003 4.6724827567838452E-003 5.6465867163114903E-004 5.6465867163114903E-004
-5.2999999999999998 9.6429447998101242E-002 9.6429447998101242E-002 7.3620297197957195E-003 7.3620297197957195E-003 1.0822587997543155E-003 1.0822587997543155E-003
-5.1999999999999993 0.13185300250302984 0.13185300250302984 1.0766894594546961E-002 1.0766894594546961E-002 1.7791542492401494E-003 1.7791542492401494E-003
-5.0999999999999996 0.16453979148572831 0.16453979148572831 1.3860509058261767E-002 1.3860509058261767E-002 2.3280664503170672E-003 2.3280664503170672E-003
-5.0000000000000000 0.19269141650819790 0.19269141650819790 1.6390640975101286E-002 1.6390640975101286E-002 2.6965159196900832E-003 2.6965159196900832E-003
-4.8999999999999995 0.22596638595783336 0.22596638595783336 1.9858725647212777E-002 1.9858725647212777E-002 3.5532985233035805E-003 3.5532985233035805E-003
-4.7999999999999998 0.27528267816436358 0.27528267816436358 2.6135027084355202E-002 2.6135027084355202E-002 5.6934353520556010E-003 5.6934353520556010E-003
-4.6999999999999993 0.32703227322368472 0.32703227322368472 3.2815366438071661E-002 3.2815366438071661E-002 7.9996687125374593E-003 7.9996687125374593E-003
-4.5999999999999996 0.37800990140117857 0.37800990140117857 3.9531465904811582E-002 3.9531465904811582E-002 1.0522585191001289E-002 1.0522585191001289E-002
-4.5000000000000000 0.42983468808720648 0.42983468808720648 4.6502626670417102E-002 4.6502626670417102E-002 1.3327919104017105E-002 1.3327919104017105E-002
-4.3999999999999995 0.47606046962702003 0.47606046962702003 5.2266516774097591E-002 5.2266516774097591E-002 1.5606838318284274E-002 1.5606838318284274E-002
-4.2999999999999998 0.52204182316799197 0.52204182316799197 5.7908256485066291E-002 5.7908256485066291E-002 1.8168602245001358E-002 1.8168602245001358E-002
-4.1999999999999993 0.58114660711748722 0.58114660711748722 6.7000613739314860E-002 6.7000613739314860E-002 2.3805788823102851E-002 2.3805788823102851E-002
-4.0999999999999996 0.65689426241093263 0.65689426241093263 8.1041137519109921E-002 8.1041137519109921E-002 3.3892731488983550E-002 3.3892731488983550E-002
-4.0000000000000000 0.73225400846635480 0.73225400846635480 9.4677845987002185E-002 9.4677845987002185E-002 4.4171677309115309E-002 4.4171677309115309E-002
-3.8999999999999995 0.80463557182516632 0.80463557182516632 0.10763596702297992 0.10763596702297992 5.4954862561419390E-002 5.4954862561419390E-002
-3.7999999999999998 0.87561886763328856 0.87561886763328856 0.12098457540013065 0.12098457540013065 6.7130547615174160E-002 6.7130547615174160E-002
-3.6999999999999993 0.93912467824556722 0.93912467824556722 0.13255253246525062 0.13255253246525062 7.8433200346412241E-002 7.8433200346412241E-002
-3.5999999999999996 1.0011031471453853 1.0011031471453853 0.14423050876738733 0.14423050876738733 9.2063027230498889E-002 9.2063027230498889E-002
-3.5000000000000000 1.0798866696629601 1.0798866696629601 0.16507196118762868 0.16507196118762868 0.12194891653859025 0.12194891653859025
-3.3999999999999995 1.1666743541125282 1.1666743541125282 0.19562747595786845 0.19562747595786845 0.17117640511082166 0.17117640511082166
-3.2999999999999998 1.2289154528735409 1.2289154528735409 0.22778527666782916 0.22778527666782916 0.23605712948441920 0.23605712948441920
-3.1999999999999993 1.3291048774414198 1.3291048774414198 0.26321614892328460 0.26321614892328460 0.36751105173648196 0.36751105173648196
-3.0999999999999996 1.6691957293631143 1.6691957293631143 0.30388019329689514 0.30388019329689514 0.64851121811065016 0.64851121811065016
-3.0000000000000000 2.4671675616626896 2.4671675616626896 0.37126194095187659 0.37126194095187659 1.2532629624091116 1.2532629624091116
-2.8999999999999995 2.3058534737922005 2.3058534737922005 0.40214113589193318 0.40214113589193318 1.2737767154326824 1.2737767154326824
-2.7999999999999998 1.7954432963722864 1.7954432963722864 0.43459993198288155 0.43459993198288155 1.0964508778440991 1.0964508778440991
-2.6999999999999993 2.7912654984927139 2.7912654984927139 0.58034623674469465 0.58034623674469465 1.9727690586073861 1.9727690586073861
-2.5999999999999996 3.1112417112786366 3.1112417112786366 0.67893969944775079 0.67893969944775079 2.4596156561303153 2.4596156561303153
-2.5000000000000000 2.3589151044718757 2.3589151044718757 0.66744922455925582 0.66744922455925582 2.3694826915505018 2.3694826915505018
-2.3999999999999995 1.7213546773934920 1.7213546773934920 0.66725230866458773 0.66725230866458773 2.3976746588925235 2.3976746588925235
-2.2999999999999998 2.7390454163315328 2.7390454163315328 0.89631799999096406 0.89631799999096406 3.5576083240393026 3.5576083240393026
-2.1999999999999993 3.7608287558041549 3.7608287558041549 1.1024753115589645 1.1024753115589645 4.6699310425245946 4.6699310425245946
-2.0999999999999996 2.8775388208615551 2.8775388208615551 0.96886848148342131 0.96886848148342131 4.4504086639228539 4.4504086639228539
-2.0000000000000000 2.4369430338749014 2.4369430338749014 0.91538751530833462 0.91538751530833462 4.8804521427564476 4.8804521427564476
-1.9000000000000004 2.5779718012373531 2.5779718012373531 0.94382661644100407 0.94382661644100407 7.3419347012445231 7.3419347012445231
-1.7999999999999989 4.3796629594307595 4.3796629594307595 1.3372111394381494 1.3372111394381494 13.706744464286006 13.706744464286006
-1.6999999999999993 4.2570720524029673 4.2570720524029673 1.3444260474858030 1.3444260474858030 16.344150332292088 16.344150332292088
-1.5999999999999996 3.0971903642142866 3.0971903642142866 1.1732979208497190 1.1732979208497190 15.086314388142455 15.086314388142455
-1.5000000000000000 2.3456748436791788 2.3456748436791788 1.0732344745241471 1.0732344745241471 14.544679144767944 14.544679144767944
-1.4000000000000004 1.4095545047183577 1.4095545047183577 0.78812492998760808 0.78812492998760808 11.361057367539653 11.361057367539653
-1.2999999999999989 0.85411754853940902 0.85411754853940902 0.68020236634662501 0.68020236634662501 10.512839467559829 10.512839467559829
-1.1999999999999993 0.73532166345332828 0.73532166345332828 0.83026865758353785 0.83026865758353785 12.991748898572489 12.991748898572489
-1.0999999999999996 0.76266757639620186 0.76266757639620186 1.0230134842924419 1.0230134842924419 16.296786436547848 16.296786436547848
-1.0000000000000000 0.69347295990666158 0.69347295990666158 1.0336510387169133 1.0336510387169133 17.646848326668835 17.646848326668835
-0.90000000000000036 0.68317987150112125 0.68317987150112125 0.99702824633649634 0.99702824633649634 18.328952208877261 18.328952208877261
-0.79999999999999893 0.72278244622388055 0.72278244622388055 0.80991620417625521 0.80991620417625521 17.081480614015764 17.081480614015764
-0.69999999999999929 0.73221515946544413 0.73221515946544413 0.67869749986665406 0.67869749986665406 16.304359596268316 16.304359596268316
-0.59999999999999964 0.70487923239940975 0.70487923239940975 0.64601345635924756 0.64601345635924756 16.379178181025093 16.379178181025093
-0.50000000000000000 0.68958754470877215 0.68958754470877215 0.63859399854467469 0.63859399854467469 18.657484575346434 18.657484575346434
-0.39999999999999858 0.64505492697181543 0.64505492697181543 0.68135577441806527 0.68135577441806527 20.956748770152767 20.956748770152767
-0.29999999999999893 0.63753515309536091 0.63753515309536091 0.92037462206440535 0.92037462206440535 24.413577794134227 24.413577794134227
-0.19999999999999929 0.91670098818067469 0.91670098818067469 1.4791332513946720 1.4791332513946720 33.097542803500048 33.097542803500048
-9.9999999999999645E-002 1.1636998521611248 1.1636998521611248 1.5591765754400935 1.5591765754400935 33.535409571304591 33.535409571304591
0.0000000000000000 0.89208433864926129 0.89208433864926129 1.0772493347527858 1.0772493347527858 28.441033783519863 28.441033783519863
0.10000000000000142 0.56029943768367341 0.56029943768367341 0.69690294883851889 0.69690294883851889 30.196425886503015 30.196425886503015
0.20000000000000107 0.62802286033337440 0.62802286033337440 0.97044971989133977 0.97044971989133977 41.530545686213692 41.530545686213692
0.30000000000000071 0.89015503060003254 0.89015503060003254 1.3983674492974796 1.3983674492974796 42.187315814241835 42.187315814241835
0.40000000000000036 1.2975810883707861 1.2975810883707861 1.8735862779610752 1.8735862779610752 33.005550074101109 33.005550074101109
0.50000000000000000 1.9514256424654408 1.9514256424654408 2.6040495606440759 2.6040495606440759 33.935184402091792 33.935184402091792
0.60000000000000142 1.7438191074039757 1.7438191074039757 2.7846557736809334 2.7846557736809334 34.076372994822229 34.076372994822229
0.70000000000000107 0.84987059597092496 0.84987059597092496 1.6585268402070446 1.6585268402070446 27.975689249981052 27.975689249981052
0.80000000000000071 0.53724070975115090 0.53724070975115090 1.0443176952298754 1.0443176952298754 25.320291989870555 25.320291989870555
0.90000000000000036 0.62633126113677129 0.62633126113677129 1.5065988332243661 1.5065988332243661 27.515273786308477 27.515273786308477
1.0000000000000000 0.72458368835107789 0.72458368835107789 1.6074022288300669 1.6074022288300669 26.813424470159621 26.813424470159621
1.1000000000000014 1.0695546041767385 1.0695546041767385 2.2853547695980199 2.2853547695980199 30.404586460404840 30.404586460404840
1.2000000000000011 1.2252563419437552 1.2252563419437552 2.1202647105817656 2.1202647105817656 30.837530657276357 30.837530657276357
1.3000000000000007 1.1521235153482587 1.1521235153482587 1.5967063051264341 1.5967063051264341 35.474079592997889 35.474079592997889
1.4000000000000004 0.88899511514053786 0.88899511514053786 1.1411770882440733 1.1411770882440733 36.346879915848803 36.346879915848803
1.5000000000000000 0.86747848992172127 0.86747848992172127 1.5505041939472628 1.5505041939472628 37.545725945068838 37.545725945068838
1.6000000000000014 0.92965045162749582 0.92965045162749582 1.5852044467328830 1.5852044467328830 39.430160317498732 39.430160317498732
1.7000000000000011 0.98631443675331187 0.98631443675331187 1.4903288969961113 1.4903288969961113 38.781067630586961 38.781067630586961
1.8000000000000007 1.0849225976269878 1.0849225976269878 1.4428242987909181 1.4428242987909181 33.004936271724574 33.004936271724574
1.9000000000000004 1.1284894552908153 1.1284894552908153 1.3042153287219878 1.3042153287219878 31.544146482605157 31.544146482605157
2.0000000000000000 1.1851168987324094 1.1851168987324094 1.3287481271964767 1.3287481271964767 37.019344309242541 37.019344309242541
2.1000000000000014 1.2510053977139726 1.2510053977139726 1.3679498334011184 1.3679498334011184 42.924971394617074 42.924971394617074
2.2000000000000011 1.1698311186967985 1.1698311186967985 1.2319091470002101 1.2319091470002101 42.833662828677319 42.833662828677319
2.3000000000000007 1.1177337804248315 1.1177337804248315 1.0227641390629694 1.0227641390629694 31.887641369507634 31.887641369507634
2.4000000000000004 1.0142312030663918 1.0142312030663918 0.86765135727445775 0.86765135727445775 18.738223837105828 18.738223837105828
2.5000000000000000 0.90627156721719060 0.90627156721719060 0.81965150788442487 0.81965150788442487 14.530328841875699 14.530328841875699
2.6000000000000014 0.82048677075318621 0.82048677075318621 0.85670283901701483 0.85670283901701483 15.086524969137242 15.086524969137242
2.7000000000000011 0.79939365011373842 0.79939365011373842 0.92076133557497053 0.92076133557497053 12.536688901451894 12.536688901451894
2.8000000000000007 0.92557251532410589 0.92557251532410589 0.98556774645524270 0.98556774645524270 9.4002920237931136 9.4002920237931136
2.9000000000000004 1.0114384484008823 1.0114384484008823 0.98400122298387838 0.98400122298387838 7.6918774434641648 7.6918774434641648
3.0000000000000000 1.0428872471631152 1.0428872471631152 0.97287819335844261 0.97287819335844261 3.6661616984040175 3.6661616984040175
3.1000000000000014 1.0037537150362212 1.0037537150362212 0.93084830760156489 0.93084830760156489 2.3758483430574655 2.3758483430574655
3.2000000000000011 0.99678149083140821 0.99678149083140821 0.94269962977494348 0.94269962977494348 1.9977257887188642 1.9977257887188642
3.3000000000000007 0.96773830760381685 0.96773830760381685 0.94718326176336320 0.94718326176336320 1.8557514776378088 1.8557514776378088
3.4000000000000004 0.95472514116073270 0.95472514116073270 0.98424823569868991 0.98424823569868991 1.8846261812582492 1.8846261812582492
3.5000000000000000 0.98977789483677925 0.98977789483677925 1.0632944716822326 1.0632944716822326 2.0728990132176426 2.0728990132176426
3.6000000000000014 1.0067648005611167 1.0067648005611167 1.1409695161633973 1.1409695161633973 2.1941573862918937 2.1941573862918937
3.7000000000000011 1.1027525128224007 1.1027525128224007 1.2858610656187472 1.2858610656187472 2.3248700277240513 2.3248700277240513
3.8000000000000007 1.1408280810624516 1.1408280810624516 1.4705498042348000 1.4705498042348000 2.2452395434794337 2.2452395434794337
3.9000000000000004 1.2360916680700058 1.2360916680700058 1.7222524692447985 1.7222524692447985 2.1491863426024209 2.1491863426024209
4.0000000000000000 1.1860272247929939 1.1860272247929939 1.5790480189387877 1.5790480189387877 1.8961693940286266 1.8961693940286266
4.1000000000000014 1.1855659137965382 1.1855659137965382 1.5268269006399928 1.5268269006399928 1.7196816620436690 1.7196816620436690
4.2000000000000011 1.1767429771913063 1.1767429771913063 1.6699657067116611 1.6699657067116611 1.5479145047939684 1.5479145047939684
4.3000000000000007 1.2961305085491608 1.2961305085491608 2.5304475716279868 2.5304475716279868 1.6093807965076972 1.6093807965076972
4.4000000000000004 1.2854275923800198 1.2854275923800198 2.4971963534128481 2.4971963534128481 1.5480266875051580 1.5480266875051580
4.5000000000000000 1.1638225987491773 1.1638225987491773 1.7982126064304274 1.7982126064304274 1.3787148841311914 1.3787148841311914
4.6000000000000014 1.1415437648414959 1.1415437648414959 1.7104074449202460 1.7104074449202460 1.3317865685690518 1.3317865685690518
4.7000000000000011 1.1603967753049278 1.1603967753049278 1.7948673375490569 1.7948673375490569 1.3277601049162604 1.3277601049162604
4.8000000000000007 1.1317136958748399 1.1317136958748399 1.7362775072797241 1.7362775072797241 1.2817949081530897 1.2817949081530897
4.9000000000000004 1.1919279035574564 1.1919279035574564 2.0690961587000269 2.0690961587000269 1.3271237185412126 1.3271237185412126
5.0000000000000000 1.2318548511084817 1.2318548511084817 2.6003138463855060 2.6003138463855060 1.4183718755006531 1.4183718755006531
5.1000000000000014 1.2039129928866892 1.2039129928866892 2.3819964164554048 2.3819964164554048 1.2897573550395540 1.2897573550395540
5.2000000000000011 1.1478445708102061 1.1478445708102061 2.1493756781611837 2.1493756781611837 1.1811053930581927 1.1811053930581927
5.3000000000000007 1.1763194090602276 1.1763194090602276 2.6543183396615539 2.6543183396615539 1.2116544760429138 1.2116544760429138
5.4000000000000004 1.1171067662889107 1.1171067662889107 2.2815851963441816 2.2815851963441816 1.0719389662421990 1.0719389662421990
5.5000000000000000 1.0491914248337850 1.0491914248337850 1.9267971532861488 1.9267971532861488 0.91933028871596290 0.91933028871596290
5.6000000000000014 1.0661194538231455 1.0661194538231455 1.9521528378606381 1.9521528378606381 0.91312492032792891 0.91312492032792891
5.7000000000000011 1.2041167741959180 1.2041167741959180 2.7548606538587728 2.7548606538587728 1.1364938835390115 1.1364938835390115
5.8000000000000007 1.2756112048926591 1.2756112048926591 3.0891567502086388 3.0891567502086388 1.2178360835910718 1.2178360835910718
5.9000000000000004 1.1060511810847407 1.1060511810847407 2.1417691419006406 2.1417691419006406 0.90870088757550438 0.90870088757550438
6.0000000000000000 1.1250347715075897 1.1250347715075897 2.4188366226281572 2.4188366226281572 0.94961024429953422 0.94961024429953422
6.1000000000000014 1.1221249718460782 1.1221249718460782 2.5569508316918714 2.5569508316918714 0.95458421502624302 0.95458421502624302
6.1999999999999993 1.0144512673942776 1.0144512673942776 2.0267511876352562 2.0267511876352562 0.80972070658332140 0.80972070658332140
6.3000000000000007 0.95126874395647265 0.95126874395647265 1.7886802528263903 1.7886802528263903 0.71546064663481568 0.71546064663481568
6.4000000000000021 0.87271161166798661 0.87271161166798661 1.8503853491926436 1.8503853491926436 0.69671276254217185 0.69671276254217185
6.5000000000000000 0.96467221851813223 0.96467221851813223 2.0887389366638129 2.0887389366638129 0.75726993524590180 0.75726993524590180
6.6000000000000014 0.93234646374634045 0.93234646374634045 1.7801361265026221 1.7801361265026221 0.68463531989337734 0.68463531989337734
6.6999999999999993 1.1094644216307694 1.1094644216307694 1.8842385164152431 1.8842385164152431 0.73805941767409600 0.73805941767409600
6.8000000000000007 1.1640910165343052 1.1640910165343052 1.7113683680479743 1.7113683680479743 0.70566984022206714 0.70566984022206714
6.9000000000000021 1.1579865952880950 1.1579865952880950 1.5392254375671994 1.5392254375671994 0.63126086518884927 0.63126086518884927
7.0000000000000000 1.0744421787328253 1.0744421787328253 1.4131591051907109 1.4131591051907109 0.54941310964950596 0.54941310964950596
7.1000000000000014 1.1658352995824930 1.1658352995824930 1.3735881925017579 1.3735881925017579 0.53515025961294782 0.53515025961294782
7.1999999999999993 1.2909570596402584 1.2909570596402584 1.3785246071931605 1.3785246071931605 0.53506062469559712 0.53506062469559712
7.3000000000000007 1.3781275087062097 1.3781275087062097 1.4251666240058898 1.4251666240058898 0.52475447165521827 0.52475447165521827
7.4000000000000021 1.3814362845427091 1.3814362845427091 1.4316336817698714 1.4316336817698714 0.49825093620546390 0.49825093620546390
7.5000000000000000 1.3570854254621900 1.3570854254621900 1.4757339272371754 1.4757339272371754 0.48687720004343743 0.48687720004343743
7.6000000000000014 1.5501943656592374 1.5501943656592374 1.5709749211095851 1.5709749211095851 0.49250005923221174 0.49250005923221174
7.6999999999999993 2.1858263557060815 2.1858263557060815 1.5123946459664876 1.5123946459664876 0.50372282832491433 0.50372282832491433
7.8000000000000007 2.3533105781056278 2.3533105781056278 1.6043600169268086 1.6043600169268086 0.53025146699628489 0.53025146699628489
7.9000000000000021 2.2248117749436971 2.2248117749436971 1.7179562913667230 1.7179562913667230 0.54330205593036796 0.54330205593036796
8.0000000000000000 2.8018916748273610 2.8018916748273610 1.7475650959702784 1.7475650959702784 0.58591692121055927 0.58591692121055927
8.1000000000000014 3.5033987107851328 3.5033987107851328 1.6503016363719760 1.6503016363719760 0.60502737551770036 0.60502737551770036
8.1999999999999993 3.7289917250617304 3.7289917250617304 1.7245312193009990 1.7245312193009990 0.61079981322393972 0.61079981322393972
8.3000000000000007 3.6935276709492086 3.6935276709492086 1.6722421652279587 1.6722421652279587 0.58528865693004128 0.58528865693004128
8.4000000000000021 3.5575440324282006 3.5575440324282006 1.7557533070624702 1.7557533070624702 0.55919539926695483 0.55919539926695483
8.5000000000000000 3.1732679266041299 3.1732679266041299 2.1270940551172073 2.1270940551172073 0.54647447230605661 0.54647447230605661
8.6000000000000014 2.7832836582027061 2.7832836582027061 2.0448491828345063 2.0448491828345063 0.49159947865848214 0.49159947865848214
8.6999999999999993 2.4309872974004452 2.4309872974004452 1.9002460444939522 1.9002460444939522 0.43069941812311180 0.43069941812311180
8.8000000000000007 2.0131707451834524 2.0131707451834524 2.1319824970053718 2.1319824970053718 0.40391153647286904 0.40391153647286904
8.9000000000000021 1.6991718961765168 1.6991718961765168 2.2627501821644249 2.2627501821644249 0.38486698449403561 0.38486698449403561
9.0000000000000000 1.5417719271802983 1.5417719271802983 2.4110417393834878 2.4110417393834878 0.37653629739958572 0.37653629739958572
9.1000000000000014 1.4182390142069676 1.4182390142069676 2.5458307917621430 2.5458307917621430 0.36507934296523736 0.36507934296523736
9.2000000000000028 1.3698437445654457 1.3698437445654457 2.6997095441672685 2.6997095441672685 0.37370519612427089 0.37370519612427089
9.3000000000000007 1.3749602601101603 1.3749602601101603 2.6973135053355550 2.6973135053355550 0.37095647647903851 0.37095647647903851
9.4000000000000021 1.4382687333170954 1.4382687333170954 2.9658077592712244 2.9658077592712244 0.37548401750963833 0.37548401750963833
9.5000000000000000 1.4583675084930003 1.4583675084930003 3.2890442266885365 3.2890442266885365 0.38315044182880925 0.38315044182880925
9.6000000000000014 1.4581511428070473 1.4581511428070473 3.0262359178019138 3.0262359178019138 0.35492320815736222 0.35492320815736222
9.7000000000000028 1.4321401035874501 1.4321401035874501 3.1791950291102244 3.1791950291102244 0.34648098794268961 0.34648098794268961
9.8000000000000007 1.3900007402929051 1.3900007402929051 3.4883376619632784 3.4883376619632784 0.34395517362725686 0.34395517362725686
9.9000000000000021 1.3435197647805914 1.3435197647805914 3.4361100292976574 3.4361100292976574 0.33283607261297193 0.33283607261297193
 @#dos of site          25 s(up) s(dn) p(up) p(dn) d(up) d(dn)
-10.000000000000000 2.1246106291724081E-085 2.1246106291724081E-085 6.3738318875172486E-085 6.3738318875172486E-085 1.0623053145862073E-084 1.0623053145862073E-084
-9.9000000000000004 2.1246106291724081E-085 2.1246106291724081E-085 6.3738318875172486E-085 6.3738318875172486E-085 1.0623053145862073E-084 1.0623053145862073E-084
-9.8000000000000007 2.1246106291724081E-085 2.1246106291724081E-085 6.3738318875172486E-085 6.3738318875172486E-085 1.0623053145862073E-084 1.0623053145862073E-084
-9.6999999999999993 2.1246106291724081E-085 2.1246106291724081E-085 6.3738318875172486E-085 6.3738318875172486E-085 1.0623053145862073E-084 1.0623053145862073E-084
-9.5999999999999996 2.1246106291724081E-085 2.1246106291724081E-085 6.3738318875172486E-085 6.3738318875172486E-085 1.0623053145862073E-084 1.0623053145862073E-084
-9.5000000000000000 2.1246106291724081E-085 2.1246106291724081E-085 6.3738318875172486E-085 6.3738318875172486E-085 1.0623053145862073E-084 1.0623053145862073E-084
-9.4000000000000004 2.1246106291724081E-085 2.1246106291724081E-085 6.3738318875172486E-085 6.3738318875172486E-085 1.0623053145862073E-084 1.0623053145862073E-084
-9.3000000000000007 2.1246106291724081E-085 2.1246106291724081E-085 6.3738318875172486E-085 6.3738318875172486E-085 1.0623053145862073E-084 1.0623053145862073E-084
-9.1999999999999993 2.1246106291724081E-085 2.1246106291724081E-085 6.3738318875172486E-085 6.3738318875172486E-085 1.0623053145862073E-084 1.0623053145862073E-084
-9.0999999999999996 2.1246106291724081E-085 2.1246106291724081E-085 6.3738318875172486E-085 6.3738318875172486E-085 1.0623053145862073E-084 1.0623053145862073E-084
-9.0000000000000000 2.1246106291724081E-085 2.1246106291724081E-085 6.3738318875172486E-085 6.3738318875172486E-085 1.0623053145862073E-084 1.0623053145862073E-084
-8.9000000000000004 2.1246106291724081E-085 2.1246106291724081E-085 6.3738318875172486E-085 6.3738318875172486E-085 1.0623053145862073E-084 1.0623053145862073E-084
-8.8000000000000007 2.1246106291724081E-085 2.1246106291724081E-085 6.3738318875172486E-085 6.3738318875172486E-085 1.0623053145862073E-084 1.0623053145862073E-084
-8.6999999999999993 2.1246106291724081E-085 2.1246106291724081E-085 6.3738318875172486E-085 6.3738318875172486E-085 1.0623053145862073E-084 1.0623053145862073E-084
-8.5999999999999996 2.1246106291724081E-085 2.1246106291724081E-085 6.3738318875172486E-085 6.3738318875172486E-085 1.0623053145862073E-084 1.0623053145862073E-084
-8.5000000000000000 2.1246106291724081E-085 2.1246106291724081E-085 6.3738318875172486E-085 6.3738318875172486E-085 1.0623053145862073E-084 1.0623053145862073E-084
-8.4000000000000004 2.1246106291724081E-085 2.1246106291724081E-085 6.3738318875172486E-085 6.3738318875172486E-085 1.0623053145862073E-084 1.0623053145862073E-084
-8.3000000000000007 2.1246106291724081E-085 2.1246106291724081E-085 6.3738318875172486E-085 6.3738318875172486E-085 1.0623053145862073E-084 1.0623053145862073E-084
-8.1999999999999993 2.1246106291724081E-085 2.1246106291724081E-085 6.3738318875172486E-085 6.3738318875172486E-085 1.0623053145862073E-084 1.0623053145862073E-084
-8.0999999999999996 2.1246106291724081E-085 2.1246106291724081E-085 6.3738318875172486E-085 6.3738318875172486E-085 1.0623053145862073E-084 1.0623053145862073E-084
-8.0000000000000000 2.1246106291724081E-085 2.1246106291724081E-085 6.3738318875172486E-085 6.3738318875172486E-085 1.0623053145862073E-084 1.0623053145862073E-084
-7.9000000000000004 2.1246106291724081E-085 2.1246106291724081E-085 6.3738318875172486E-085 6.3738318875172486E-085 1.0623053145862073E-084 1.0623053145862073E-084
-7.7999999999999998 2.1246106291724081E-085 2.1246106291724081E-085 6.3738318875172486E-085 6.3738318875172486E-085 1.0623053145862073E-084 1.0623053145862073E-084
-7.6999999999999993 2.1246106291724081E-085 2.1246106291724081E-085 6.3738318875172486E-085 6.3738318875172486E-085 1.0623053145862073E-084 1.0623053145862073E-084
-7.5999999999999996 2.1246106291724081E-085 2.1246106291724081E-085 6.3738318875172486E-085 6.3738318875172486E-085 1.0623053145862073E-084 1.0623053145862073E-084
-7.5000000000000000 2.1246106291724081E-085 2.1246106291724081E-085 6.3738318875172486E-085 6.3738318875172486E-085 1.0623053145862073E-084 1.0623053145862073E-084
-7.4000000000000004 2.1246106291724081E-085 2.1246106291724081E-085 6.3738318875172486E-085 6.3738318875172486E-085 1.0623053145862073E-084 1.0623053145862073E-084
-7.2999999999999998 2.1246106291724081E-085 2.1246106291724081E-085 6.3738318875172486E-085 6.3738318875172486E-085 1.0623053145862073E-084 1.0623053145862073E-084
-7.1999999999999993 6.0204321880029927E-084 6.0204321880029927E-084 6.3762668246494461E-085 6.3762668246494461E-085 1.0623061000213701E-084 1.0623061000213701E-084
-7.0999999999999996 1.9730933423040648E-072 1.9730933423040648E-072 1.0214769065062982E-076 1.0214769065062982E-076 2.7517594593891506E-079 2.7517594593891506E-079
-7.0000000000000000 8.8924710631158490E-062 8.8924710631158490E-062 5.6838780260408493E-066 5.6838780260408493E-066 1.3053865537142305E-068 1.3053865537142305E-068
-6.9000000000000004 5.3177623770046315E-052 5.3177623770046315E-052 4.1957242282131758E-056 4.1957242282131758E-056 8.5000240628400794E-059 8.5000240628400794E-059
-6.7999999999999998 4.2208448994769161E-043 4.2208448994769161E-043 4.1092480598787976E-047 4.1092480598787976E-047 7.7271466818417278E-050 7.7271466818417278E-050
-6.6999999999999993 4.4490686399257997E-035 4.4490686399257997E-035 5.3411332437303532E-039 5.3411332437303532E-039 9.9845133480429131E-042 9.9845133480429131E-042
-6.5999999999999996 6.2338300688165858E-028 6.2338300688165858E-028 9.2198220891069272E-032 9.2198220891069272E-032 1.8568668189714779E-034 1.8568668189714779E-034
-6.5000000000000000 1.1630310689745804E-021 1.1630310689745804E-021 2.1172291993627521E-025 2.1172291993627521E-025 4.9758566086668776E-028 4.9758566086668776E-028
-6.4000000000000004 2.8977302984945711E-016 2.8977302984945711E-016 6.4946472645424127E-020 6.4946472645424127E-020 1.9022687813403072E-022 1.9022687813403072E-022
-6.2999999999999998 9.6905479001876946E-012 9.6905479001876946E-012 2.6873695499514742E-015 2.6873695499514742E-015 1.0244036885296693E-017 1.0244036885296693E-017
-6.1999999999999993 4.3868319027995695E-008 4.3868319027995695E-008 1.5337425019020471E-011 1.5337425019020471E-011 7.7709765552906767E-014 7.7709765552906767E-014
-6.0999999999999996 2.7272557219938992E-005 2.7272557219938992E-005 1.2669985609794018E-008 1.2669985609794018E-008 8.7341261510614253E-011 8.7341261510614253E-011
-6.0000000000000000 2.3981216009938008E-003 2.3981216009938008E-003 1.7042796890964220E-006 1.7042796890964220E-006 1.8312936150317755E-008 1.8312936150317755E-008
-5.8999999999999995 3.3512978627655260E-002 3.3512978627655260E-002 5.6362791210070992E-005 5.6362791210070992E-005 1.2214299259890574E-006 1.2214299259890574E-006
-5.7999999999999998 0.14381588128142767 0.14381588128142767 8.5052741464670468E-004 8.5052741464670468E-004 2.8013675298278862E-005 2.8013675298278862E-005
-5.7000000000000002 0.41587607716826375 0.41587607716826375 4.1456766129444374E-003 4.1456766129444374E-003 1.5644805238852099E-004 1.5644805238852099E-004
-5.5999999999999996 0.47064238969261118 0.47064238969261118 6.4451729806533457E-003 6.4451729806533457E-003 3.0184148113467308E-004 3.0184148113467308E-004
-5.5000000000000000 0.41303539627680275 0.41303539627680275 9.4350513078519035E-003 9.4350513078519035E-003 6.6277459271272448E-004 6.6277459271272448E-004
-5.3999999999999995 0.67211493499215502 0.67211493499215502 2.0745336056196030E-002 2.0745336056196030E-002 1.8774880611758370E-003 1.8774880611758370E-003
-5.2999999999999998 0.89019522727189404 0.89019522727189404 3.3931571555446280E-002 3.3931571555446280E-002 3.7621873616191757E-003 3.7621873616191757E-003
-5.1999999999999993 0.90971400551718007 0.90971400551718007 4.1645041794307232E-002 4.1645041794307232E-002 5.2262014039632680E-003 5.2262014039632680E-003
-5.0999999999999996 0.71965150369477759 0.71965150369477759 3.8413427101358165E-002 3.8413427101358165E-002 5.4751585045456829E-003 5.4751585045456829E-003
-5.0000000000000000 0.63573059658991860 0.63573059658991860 4.2720619720564075E-002 4.2720619720564075E-002 6.7755028662464323E-003 6.7755028662464323E-003
-4.8999999999999995 1.0226336315239453 1.0226336315239453 7.8873879993175855E-002 7.8873879993175855E-002 1.5368017987037533E-002 1.5368017987037533E-002
-4.7999999999999998 1.3515280478495861 1.3515280478495861 0.11645752909291551 0.11645752909291551 2.4141289019558150E-002 2.4141289019558150E-002
-4.6999999999999993 1.2072022029227312 1.2072022029227312 0.11420549313181923 0.11420549313181923 2.8347399683297660E-002 2.8347399683297660E-002
-4.5999999999999996 1.2693112196476093 1.2693112196476093 0.13801975101697544 0.13801975101697544 3.9470702775166726E-002 3.9470702775166726E-002
-4.5000000000000000 1.1591228146048504 1.1591228146048504 0.13370811640786509 0.13370811640786509 4.2196703851618972E-002 4.2196703851618972E-002
-4.3999999999999995 0.96007935356500251 0.96007935356500251 0.12789230074860361 0.12789230074860361 4.2667112492593036E-002 4.2667112492593036E-002
-4.2999999999999998 1.1032893163071096 1.1032893163071096 0.15851205077699754 0.15851205077699754 5.8535557990293051E-002 5.8535557990293051E-002
-4.1999999999999993 1.6825843664149571 1.6825843664149571 0.26536137291575973 0.26536137291575973 0.11354577943643572 0.11354577943643572
-4.0999999999999996 1.9562906777582703 1.9562906777582703 0.32443245616584704 0.32443245616584704 0.15833531334737461 0.15833531334737461
-4.0000000000000000 1.6718145085879688 1.6718145085879688 0.29660737822466743 0.29660737822466743 0.16969295241224278 0.16969295241224278
-3.8999999999999995 1.6791170944293221 1.6791170944293221 0.31885510010396384 0.31885510010396384 0.22577038236756156 0.22577038236756156
-3.7999999999999998 1.5577495548416151 1.5577495548416151 0.31202701747746620 0.31202701747746620 0.24022580623151255 0.24022580623151255
-3.6999999999999993 1.3704681854539766 1.3704681854539766 0.29967326786368897 0.29967326786368897 0.24860980568420624 0.24860980568420624
-3.5999999999999996 1.6762314202954871 1.6762314202954871 0.38173942055446330 0.38173942055446330 0.41567045136163755 0.41567045136163755
-3.5000000000000000 2.7614270896451614 2.7614270896451614 0.63826973797579356 0.63826973797579356 0.97038819048527158 0.97038819048527158
-3.3999999999999995 3.0358630484913713 3.0358630484913713 0.68118474188152556 0.68118474188152556 1.7495029106284823 1.7495029106284823
-3.2999999999999998 3.1744394504483138 3.1744394504483138 0.65686787342540676 0.65686787342540676 3.2289867400343888 3.2289867400343888
-3.1999999999999993 3.1589565839237261 3.1589565839237261 0.66491644398828675 0.66491644398828675 3.9294936646127572 3.9294936646127572
-3.0999999999999996 2.7633915367323176 2.7633915367323176 0.68532824271925452 0.68532824271925452 3.2076598388803221 3.2076598388803221
-3.0000000000000000 3.2063707353379574 3.2063707353379574 0.84058519103891316 0.84058519103891316 4.6388703829999534 4.6388703829999534
-2.8999999999999995 3.3134673587942030 3.3134673587942030 0.90743252153367027 0.90743252153367027 5.9917128623362217 5.9917128623362217
-2.7999999999999998 3.2599697351617238 3.2599697351617238 1.0198377182804481 1.0198377182804481 6.7287555930795397 6.7287555930795397
-2.6999999999999993 3.2088922471369234 3.2088922471369234 1.1114528698046136 1.1114528698046136 7.9728799626435443 7.9728799626435443
-2.5999999999999996 3.4341046761510987 3.4341046761510987 1.2827146029691694 1.2827146029691694 12.304123853652184 12.304123853652184
-2.5000000000000000 3.9362754804823838 3.9362754804823838 1.5829467090558296 1.5829467090558296 17.343838736261436 17.343838736261436
-2.3999999999999995 2.9585154176063879 2.9585154176063879 1.3078366553335234 1.3078366553335234 17.889460128260808 17.889460128260808
-2.2999999999999998 2.3382436694110487 2.3382436694110487 1.2009354442156073 1.2009354442156073 19.532639184671513 19.532639184671513
-2.1999999999999993 2.0957385604754637 2.0957385604754637 1.2338413977837819 1.2338413977837819 19.728041683935704 19.728041683935704
-2.0999999999999996 2.0776088846834972 2.0776088846834972 1.4391639896094954 1.4391639896094954 20.374987253373899 20.374987253373899
-2.0000000000000000 1.7669556388819647 1.7669556388819647 1.5373110579549534 1.5373110579549534 20.804281281827222 20.804281281827222
-1.9000000000000004 1.2599862282311192 1.2599862282311192 1.4044814636324212 1.4044814636324212 19.788814557175400 19.788814557175400
-1.7999999999999989 0.91157951607311227 0.91157951607311227 1.3285714876082346 1.3285714876082346 18.392371146105180 18.392371146105180
-1.6999999999999993 0.60405392691810267 0.60405392691810267 1.2717527465945946 1.2717527465945946 16.753325741061790 16.753325741061790
-1.5999999999999996 0.46556774177185545 0.46556774177185545 1.4077362774832418 1.4077362774832418 15.948091268068376 15.948091268068376
-1.5000000000000000 0.42825476073932156 0.42825476073932156 1.6424565982633130 1.6424565982633130 16.844431885330515 16.844431885330515
-1.4000000000000004 0.35993879195053102 0.35993879195053102 1.7800686645312975 1.7800686645312975 18.522427086370918 18.522427086370918
-1.2999999999999989 0.35879987902577964 0.35879987902577964 1.9394080894611327 1.9394080894611327 20.291977612783260 20.291977612783260
-1.1999999999999993 0.37778261652437611 0.37778261652437611 1.9555653614459785 1.9555653614459785 22.030034874218032 22.030034874218032
-1.0999999999999996 0.37081988283547290 0.37081988283547290 1.6870013973551441 1.6870013973551441 22.228516463133811 22.228516463133811
-1.0000000000000000 0.38630587603631994 0.38630587603631994 1.5994248991113060 1.5994248991113060 22.991153730385854 22.991153730385854
-0.90000000000000036 0.42986841770973389 0.42986841770973389 1.6360961653981900 1.6360961653981900 23.615412974075610 23.615412974075610
-0.79999999999999893 0.52473307946697789 0.52473307946697789 1.7427547788165785 1.7427547788165785 24.622712841704463 24.622712841704463
-0.69999999999999929 0.55894914827251740 0.55894914827251740 1.7041014024910546 1.7041014024910546 23.519231351864075 23.519231351864075
-0.59999999999999964 0.72818767058644773 0.72818767058644773 2.1566773085428474 2.1566773085428474 26.436921725874519 26.436921725874519
-0.50000000000000000 0.91289911379774746 0.91289911379774746 2.4889889703857744 2.4889889703857744 29.829981357377214 29.829981357377214
-0.39999999999999858 0.99365021405809129 0.99365021405809129 2.6579629456627480 2.6579629456627480 32.218401525795990 32.218401525795990
-0.29999999999999893 0.85603953534419919 0.85603953534419919 2.7240805465225169 2.7240805465225169 38.667211072346142 38.667211072346142
-0.19999999999999929 0.61640662013544556 0.61640662013544556 2.4148110282175237 2.4148110282175237 39.215555745689549 39.215555745689549
-9.9999999999999645E-002 0.54924879129336146 0.54924879129336146 2.0735784463642708 2.0735784463642708 29.320647767157858 29.320647767157858
0.0000000000000000 0.55345707173283687 0.55345707173283687 1.9554971703597126 1.9554971703597126 24.429512463682816 24.429512463682816
0.10000000000000142 0.56124038082527683 0.56124038082527683 1.8938035415913117 1.8938035415913117 20.835158895965698 20.835158895965698
0.20000000000000107 0.65693481481087501 0.65693481481087501 2.1211683849062197 2.1211683849062197 20.712900993447008 20.712900993447008
0.30000000000000071 0.68173425624363626 0.68173425624363626 2.1417803423824209 2.1417803423824209 20.597238657439586 20.597238657439586
0.40000000000000036 0.52162980821718419 0.52162980821718419 1.6961414873490270 1.6961414873490270 19.254043734198344 19.254043734198344
0.50000000000000000 0.36168809965843751 0.36168809965843751 1.4613836106662479 1.4613836106662479 19.915363740924175 19.915363740924175
0.60000000000000142 0.31035128212893692 0.31035128212893692 1.3117196168598093 1.3117196168598093 22.367893481340861 22.367893481340861
0.70000000000000107 0.26072928339030088 0.26072928339030088 1.2240008533645812 1.2240008533645812 22.495058085394785 22.495058085394785
0.80000000000000071 0.27495412820130932 0.27495412820130932 1.3102577615945408 1.3102577615945408 24.762038056787656 24.762038056787656
0.90000000000000036 0.33987372776141367 0.33987372776141367 1.3733764458380227 1.3733764458380227 28.036208150423139 28.036208150423139
1.0000000000000000 0.41353192913941994 0.41353192913941994 1.2447325477086186 1.2447325477086186 29.621340290075000 29.621340290075000
1.1000000000000014 0.34566403762436576 0.34566403762436576 0.94457193400200978 0.94457193400200978 25.175795687689035 25.175795687689035
1.2000000000000011 0.29913958334792368 0.29913958334792368 0.95724060082953399 0.95724060082953399 20.998003858541310 20.998003858541310
1.3000000000000007 0.26768087870044338 0.26768087870044338 0.92582813135831987 0.92582813135831987 19.326799663284064 19.326799663284064
1.4000000000000004 0.26154620727204542 0.26154620727204542 0.97255079501974828 0.97255079501974828 23.201727313824463 23.201727313824463
1.5000000000000000 0.31933142721888214 0.31933142721888214 0.95632128710611752 0.95632128710611752 25.702453314884380 25.702453314884380
1.6000000000000014 0.36395989925928951 0.36395989925928951 0.88864112275727869 0.88864112275727869 22.706834111551878 22.706834111551878
1.7000000000000011 0.23254374703768624 0.23254374703768624 0.61504387503095581 0.61504387503095581 19.206240328952195 19.206240328952195
1.8000000000000007 0.23767176263867881 0.23767176263867881 0.50089980964405090 0.50089980964405090 22.641712648708367 22.641712648708367
1.9000000000000004 0.25377494935528244 0.25377494935528244 0.52624418871108647 0.52624418871108647 27.303731548040044 27.303731548040044
2.0000000000000000 0.19381797838158357 0.19381797838158357 0.47727068376228476 0.47727068376228476 30.429989294847989 30.429989294847989
2.1000000000000014 0.19640337390931933 0.19640337390931933 0.41505065193608953 0.41505065193608953 35.999630011644427 35.999630011644427
2.2000000000000011 0.22523176747219614 0.22523176747219614 0.38747320211712610 0.38747320211712610 36.596465979095846 36.596465979095846
2.3000000000000007 0.29144296906211886 0.29144296906211886 0.39512140684408009 0.39512140684408009 26.688801548418798 26.688801548418798
2.4000000000000004 0.55010345506380287 0.55010345506380287 0.63246824050060113 0.63246824050060113 18.290274000991051 18.290274000991051
2.5000000000000000 0.85820190176339772 0.85820190176339772 0.91457862273491997 0.91457862273491997 13.927119178616726 13.927119178616726
2.6000000000000014 0.62211320158112626 0.62211320158112626 0.69134611273196445 0.69134611273196445 5.2690679881557410 5.2690679881557410
2.7000000000000011 0.48698682510480634 0.48698682510480634 0.62884962564995284 0.62884962564995284 2.2901121834217903 2.2901121834217903
2.8000000000000007 0.40568805461225593 0.40568805461225593 0.50380816413049123 0.50380816413049123 1.6765551784857677 1.6765551784857677
2.9000000000000004 0.35910832945624926 0.35910832945624926 0.57933553672310956 0.57933553672310956 1.4444725669790821 1.4444725669790821
3.0000000000000000 0.39073784119441929 0.39073784119441929 0.79294072123244685 0.79294072123244685 1.6546085924951939 1.6546085924951939
3.1000000000000014 0.45126808109951627 0.45126808109951627 0.75644927074937351 0.75644927074937351 1.5927183867449759 1.5927183867449759
3.2000000000000011 0.56735728806150243 0.56735728806150243 0.84399004405840294 0.84399004405840294 2.0282011558369515 2.0282011558369515
3.3000000000000007 0.85965036905378212 0.85965036905378212 1.1837229465780532 1.1837229465780532 3.0993316211348287 3.0993316211348287
3.4000000000000004 1.1373765879616407 1.1373765879616407 1.2567602710798151 1.2567602710798151 3.6075306643074758 3.6075306643074758
3.5000000000000000 0.94746202063892204 0.94746202063892204 1.1166741017820865 1.1166741017820865 2.7019666743454844 2.7019666743454844
3.6000000000000014 0.76022131107546331 0.76022131107546331 1.1093515626518746 1.1093515626518746 2.1408062119812445 2.1408062119812445
3.7000000000000011 0.81492222930908154 0.81492222930908154 1.2029094936270830 1.2029094936270830 1.8904818727600696 1.8904818727600696
3.8000000000000007 0.69438157236681952 0.69438157236681952 1.0918109132609035 1.0918109132609035 1.4505751701043736 1.4505751701043736
3.9000000000000004 0.54123732046410267 0.54123732046410267 1.2169572913038347 1.2169572913038347 1.3676578211857504 1.3676578211857504
4.0000000000000000 0.52725795892107818 0.52725795892107818 1.1149496714133531 1.1149496714133531 1.2126227543218686 1.2126227543218686
4.1000000000000014 0.62564199389070296 0.62564199389070296 0.94392966612149454 0.94392966612149454 1.0875712673221907 1.0875712673221907
4.2000000000000011 0.60601416325143398 0.60601416325143398 0.95640000569037598 0.95640000569037598 1.1017679621293281 1.1017679621293281
4.3000000000000007 0.84137658274123006 0.84137658274123006 1.4886067549752162 1.4886067549752162 1.6462244439282594 1.6462244439282594
4.4000000000000004 1.3979063666924754 1.3979063666924754 2.0878761141266575 2.0878761141266575 2.3880251950589684 2.3880251950589684
4.5000000000000000 1.3271272403220502 1.3271272403220502 1.7634613297503072 1.7634613297503072 2.0413729458428826 2.0413729458428826
4.6000000000000014 0.99990463660456497 0.99990463660456497 1.4565942158833063 1.4565942158833063 1.5920988890612278 1.5920988890612278
4.7000000000000011 0.87207087608471046 0.87207087608471046 1.5570247650819804 1.5570247650819804 1.4745389844332710 1.4745389844332710
4.8000000000000007 0.90235995218962517 0.90235995218962517 1.4717132102443755 1.4717132102443755 1.2803913954409378 1.2803913954409378
4.9000000000000004 0.89191923307972332 0.89191923307972332 1.3531294056756733 1.3531294056756733 1.1364571652246038 1.1364571652246038
5.0000000000000000 0.75077743666038799 0.75077743666038799 1.2653175135931434 1.2653175135931434 1.0661471405339886 1.0661471405339886
5.1000000000000014 0.73323151625068028 0.73323151625068028 1.3606007650477598 1.3606007650477598 1.0403049431671281 1.0403049431671281
5.2000000000000011 0.84064258719269436 0.84064258719269436 1.2858058731703117 1.2858058731703117 0.96604036157103867 0.96604036157103867
5.3000000000000007 0.85523894604499651 0.85523894604499651 1.3886251765898450 1.3886251765898450 0.94586108885866549 0.94586108885866549
5.4000000000000004 0.82188095058764588 0.82188095058764588 1.5571110088910527 1.5571110088910527 0.97955256308233374 0.97955256308233374
5.5000000000000000 0.82170675507773161 0.82170675507773161 1.7743429947616125 1.7743429947616125 0.92565968014704447 0.92565968014704447
5.6000000000000014 1.1318478433410377 1.1318478433410377 1.8361112475211905 1.8361112475211905 1.0303510658585979 1.0303510658585979
5.7000000000000011 1.2709346154605901 1.2709346154605901 1.7522946547626717 1.7522946547626717 1.1040961872552533 1.1040961872552533
5.8000000000000007 1.3479383449063898 1.3479383449063898 2.0761450072823413 2.0761450072823413 1.2513586227806950 1.2513586227806950
5.9000000000000004 1.0857299876859128 1.0857299876859128 1.8210383201362323 1.8210383201362323 1.0633325642915663 1.0633325642915663
6.0000000000000000 0.99808706367203537 0.99808706367203537 1.4606603201335504 1.4606603201335504 0.86197651345022996 0.86197651345022996
6.1000000000000014 1.0591024751629046 1.0591024751629046 1.5571488154061133 1.5571488154061133 0.83076740715020359 0.83076740715020359
6.1999999999999993 1.1108973423285669 1.1108973423285669 1.5689684157787462 1.5689684157787462 0.82332425600074477 0.82332425600074477
6.3000000000000007 0.93759874544249733 0.93759874544249733 1.2339147557072052 1.2339147557072052 0.70201271844553415 0.70201271844553415
6.4000000000000021 0.84127353883389244 0.84127353883389244 1.0554819796557815 1.0554819796557815 0.61339011363713936 0.61339011363713936
6.5000000000000000 1.0135595954757310 1.0135595954757310 1.2272250625294949 1.2272250625294949 0.62061801024310159 0.62061801024310159
6.6000000000000014 0.98659456824741132 0.98659456824741132 1.1281322916788814 1.1281322916788814 0.51886904078632035 0.51886904078632035
6.6999999999999993 0.89745973754478825 0.89745973754478825 1.2131256575598812 1.2131256575598812 0.54468003663196585 0.54468003663196585
6.8000000000000007 0.85885411945702506 0.85885411945702506 1.3688824669035791 1.3688824669035791 0.57961361985792670 0.57961361985792670
6.9000000000000021 1.3773190559562680 1.3773190559562680 1.5863461911510910 1.5863461911510910 0.67871000238319923 0.67871000238319923
7.0000000000000000 2.8298217704290987 2.8298217704290987 1.3929517043496580 1.3929517043496580 0.93829421280542524 0.93829421280542524
7.1000000000000014 3.7744216027529598 3.7744216027529598 1.4300141759861074 1.4300141759861074 1.2123149385104965 1.2123149385104965
7.1999999999999993 3.3124745277762186 3.3124745277762186 1.5369725127041431 1.5369725127041431 1.1291674116679293 1.1291674116679293
7.3000000000000007 2.7361204024370860 2.7361204024370860 1.5031598336894487 1.5031598336894487 0.92643318758501769 0.92643318758501769
7.4000000000000021 3.0007499706385308 3.0007499706385308 1.3145977445309824 1.3145977445309824 0.82087851534768208 0.82087851534768208
7.5000000000000000 2.7910693715702837 2.7910693715702837 1.3239343134284081 1.3239343134284081 0.74376470249356397 0.74376470249356397
7.6000000000000014 2.1893763170734601 2.1893763170734601 1.2733290378441098 1.2733290378441098 0.67105651534910016 0.67105651534910016
7.6999999999999993 2.0862957084117508 2.0862957084117508 1.2464731354174143 1.2464731354174143 0.56164282552407785 0.56164282552407785
7.8000000000000007 2.1442457175134941 2.1442457175134941 1.2733451950436003 1.2733451950436003 0.52778004597685024 0.52778004597685024
7.9000000000000021 2.1339769040710466 2.1339769040710466 1.2396772701934060 1.2396772701934060 0.52739648464090227 0.52739648464090227
8.0000000000000000 2.4303153206833015 2.4303153206833015 1.3575731275615830 1.3575731275615830 0.53572788446233544 0.53572788446233544
8.1000000000000014 2.3756809800280863 2.3756809800280863 1.2001113215890935 1.2001113215890935 0.50835080600025573 0.50835080600025573
8.1999999999999993 1.9347796943157269 1.9347796943157269 1.4136774799050611 1.4136774799050611 0.48689226930064688 0.48689226930064688
8.3000000000000007 1.4635729928031429 1.4635729928031429 1.5276857329556364 1.5276857329556364 0.47129358875401167 0.47129358875401167
8.4000000000000021 1.3882068605148576 1.3882068605148576 1.6612218140895803 1.6612218140895803 0.46429904693898794 0.46429904693898794
8.5000000000000000 1.3921317451156374 1.3921317451156374 1.6445060419026769 1.6445060419026769 0.42177361293738697 0.42177361293738697
8.6000000000000014 1.7199793687388034 1.7199793687388034 1.4995851715883448 1.4995851715883448 0.41121006357138296 0.41121006357138296
8.6999999999999993 1.8020457615210215 1.8020457615210215 1.9678863396755948 1.9678863396755948 0.47456781576715257 0.47456781576715257
8.8000000000000007 1.9299637514712338 1.9299637514712338 2.3059104383268463 2.3059104383268463 0.48183550726790908 0.48183550726790908
8.9000000000000021 2.2471685842717748 2.2471685842717748 1.7984640947149995 1.7984640947149995 0.42529999389696871 0.42529999389696871
9.0000000000000000 2.6692765029526573 2.6692765029526573 1.6760328576226182 1.6760328576226182 0.43661338920730391 0.43661338920730391
9.1000000000000014 2.6269710771612207 2.6269710771612207 2.1613142759736825 2.1613142759736825 0.46200985873689376 0.46200985873689376
9.2000000000000028 2.4339333385233632 2.4339333385233632 2.7790785593121949 2.7790785593121949 0.55298753627826125 0.55298753627826125
9.3000000000000007 2.1602740705483989 2.1602740705483989 3.0312295049936315 3.0312295049936315 0.58237509316830149 0.58237509316830149
9.4000000000000021 2.0532483486469810 2.0532483486469810 2.5123696834772313 2.5123696834772313 0.47910575829780755 0.47910575829780755
9.5000000000000000 2.2229468318749639 2.2229468318749639 2.5201143676040911 2.5201143676040911 0.47755031940182385 0.47755031940182385
9.6000000000000014 1.9692355401357264 1.9692355401357264 2.2762492735475530 2.2762492735475530 0.40459112196247343 0.40459112196247343
9.7000000000000028 1.8807355476106280 1.8807355476106280 2.2797760135042733 2.2797760135042733 0.38761109659676934 0.38761109659676934
9.8000000000000007 1.7478306706330029 1.7478306706330029 2.3954356765879647 2.3954356765879647 0.36721632439332658 0.36721632439332658
9.9000000000000021 1.6546675309542920 1.6546675309542920 2.5047923503718397 2.5047923503718397 0.33306638664850541 0.33306638664850541
 @# EF
   4.298   0.000
   4.298  10.000
