&charge
 q_mul(1,1,0) = 0.43574315357724447
 q_mul(1,2,0) = 5.9712138284852556E-003
 q_mul(1,3,0) = 9.5582856325712839
 q_mul(2,1,0) = 0.43574315357724380
 q_mul(2,2,0) = 5.9712138284852556E-003
 q_mul(2,3,0) = 9.5582856325712875
 rho_net(1,1,1,1) = (0.42711149566617179, 0.0000000000000000)
 rho_net(1,1,2,1) = (0.0000000000000000, 0.0000000000000000)
 rho_net(1,1,3,1) = (0.0000000000000000, 0.0000000000000000)
 rho_net(1,1,4,1) = (0.0000000000000000, 0.0000000000000000)
 rho_net(1,1,5,1) = (0.0000000000000000, 0.0000000000000000)
 rho_net(1,1,6,1) = (0.0000000000000000, 0.0000000000000000)
 rho_net(1,1,7,1) = (0.0000000000000000, 0.0000000000000000)
 rho_net(1,1,8,1) = (0.0000000000000000, 0.0000000000000000)
 rho_net(1,1,9,1) = (0.0000000000000000, 0.0000000000000000)
 rho_net(1,2,1,1) = (0.0000000000000000, 0.0000000000000000)
 rho_net(1,2,2,1) = (1.6084431769217977E-003, 0.0000000000000000)
 rho_net(1,2,3,1) = (0.0000000000000000, 0.0000000000000000)
 rho_net(1,2,4,1) = (0.0000000000000000, 0.0000000000000000)
 rho_net(1,2,5,1) = (0.0000000000000000, 0.0000000000000000)
 rho_net(1,2,6,1) = (0.0000000000000000, 0.0000000000000000)
 rho_net(1,2,7,1) = (0.0000000000000000, 0.0000000000000000)
 rho_net(1,2,8,1) = (0.0000000000000000, 0.0000000000000000)
 rho_net(1,2,9,1) = (0.0000000000000000, 0.0000000000000000)
 rho_net(1,3,1,1) = (0.0000000000000000, 0.0000000000000000)
 rho_net(1,3,2,1) = (0.0000000000000000, 0.0000000000000000)
 rho_net(1,3,3,1) = (1.6084431769217977E-003, 0.0000000000000000)
 rho_net(1,3,4,1) = (0.0000000000000000, 0.0000000000000000)
 rho_net(1,3,5,1) = (0.0000000000000000, 0.0000000000000000)
 rho_net(1,3,6,1) = (0.0000000000000000, 0.0000000000000000)
 rho_net(1,3,7,1) = (0.0000000000000000, 0.0000000000000000)
 rho_net(1,3,8,1) = (0.0000000000000000, 0.0000000000000000)
 rho_net(1,3,9,1) = (0.0000000000000000, 0.0000000000000000)
 rho_net(1,4,1,1) = (0.0000000000000000, 0.0000000000000000)
 rho_net(1,4,2,1) = (0.0000000000000000, 0.0000000000000000)
 rho_net(1,4,3,1) = (0.0000000000000000, 0.0000000000000000)
 rho_net(1,4,4,1) = (1.5660153871113469E-003, 0.0000000000000000)
 rho_net(1,4,5,1) = (0.0000000000000000, 0.0000000000000000)
 rho_net(1,4,6,1) = (0.0000000000000000, 0.0000000000000000)
 rho_net(1,4,7,1) = (0.0000000000000000, 0.0000000000000000)
 rho_net(1,4,8,1) = (0.0000000000000000, 0.0000000000000000)
 rho_net(1,4,9,1) = (0.0000000000000000, 0.0000000000000000)
 rho_net(1,5,1,1) = (0.0000000000000000, 0.0000000000000000)
 rho_net(1,5,2,1) = (0.0000000000000000, 0.0000000000000000)
 rho_net(1,5,3,1) = (0.0000000000000000, 0.0000000000000000)
 rho_net(1,5,4,1) = (0.0000000000000000, 0.0000000000000000)
 rho_net(1,5,5,1) = (1.8277258493796731, 0.0000000000000000)
 rho_net(1,5,6,1) = (0.0000000000000000, 0.0000000000000000)
 rho_net(1,5,7,1) = (0.0000000000000000, 0.0000000000000000)
 rho_net(1,5,8,1) = (0.0000000000000000, 0.0000000000000000)
 rho_net(1,5,9,1) = (0.0000000000000000, 0.0000000000000000)
 rho_net(1,6,1,1) = (0.0000000000000000, 0.0000000000000000)
 rho_net(1,6,2,1) = (0.0000000000000000, 0.0000000000000000)
 rho_net(1,6,3,1) = (0.0000000000000000, 0.0000000000000000)
 rho_net(1,6,4,1) = (0.0000000000000000, 0.0000000000000000)
 rho_net(1,6,5,1) = (0.0000000000000000, 0.0000000000000000)
 rho_net(1,6,6,1) = (1.8418766015840702, 0.0000000000000000)
 rho_net(1,6,7,1) = (0.0000000000000000, 0.0000000000000000)
 rho_net(1,6,8,1) = (0.0000000000000000, 0.0000000000000000)
 rho_net(1,6,9,1) = (0.0000000000000000, 0.0000000000000000)
 rho_net(1,7,1,1) = (0.0000000000000000, 0.0000000000000000)
 rho_net(1,7,2,1) = (0.0000000000000000, 0.0000000000000000)
 rho_net(1,7,3,1) = (0.0000000000000000, 0.0000000000000000)
 rho_net(1,7,4,1) = (0.0000000000000000, 0.0000000000000000)
 rho_net(1,7,5,1) = (0.0000000000000000, 0.0000000000000000)
 rho_net(1,7,6,1) = (0.0000000000000000, 0.0000000000000000)
 rho_net(1,7,7,1) = (1.8418766015840697, 0.0000000000000000)
 rho_net(1,7,8,1) = (0.0000000000000000, 0.0000000000000000)
 rho_net(1,7,9,1) = (0.0000000000000000, 0.0000000000000000)
 rho_net(1,8,1,1) = (0.0000000000000000, 0.0000000000000000)
 rho_net(1,8,2,1) = (0.0000000000000000, 0.0000000000000000)
 rho_net(1,8,3,1) = (0.0000000000000000, 0.0000000000000000)
 rho_net(1,8,4,1) = (0.0000000000000000, 0.0000000000000000)
 rho_net(1,8,5,1) = (0.0000000000000000, 0.0000000000000000)
 rho_net(1,8,6,1) = (0.0000000000000000, 0.0000000000000000)
 rho_net(1,8,7,1) = (0.0000000000000000, 0.0000000000000000)
 rho_net(1,8,8,1) = (2.0265155676209208, 0.0000000000000000)
 rho_net(1,8,9,1) = (0.0000000000000000, 0.0000000000000000)
 rho_net(1,9,1,1) = (0.0000000000000000, 0.0000000000000000)
 rho_net(1,9,2,1) = (0.0000000000000000, 0.0000000000000000)
 rho_net(1,9,3,1) = (0.0000000000000000, 0.0000000000000000)
 rho_net(1,9,4,1) = (0.0000000000000000, 0.0000000000000000)
 rho_net(1,9,5,1) = (0.0000000000000000, 0.0000000000000000)
 rho_net(1,9,6,1) = (0.0000000000000000, 0.0000000000000000)
 rho_net(1,9,7,1) = (0.0000000000000000, 0.0000000000000000)
 rho_net(1,9,8,1) = (0.0000000000000000, 0.0000000000000000)
 rho_net(1,9,9,1) = (2.0242717057370241, 0.0000000000000000)
 rho_net(2,1,1,1) = (0.42711149566617190, 0.0000000000000000)
 rho_net(2,1,2,1) = (0.0000000000000000, 0.0000000000000000)
 rho_net(2,1,3,1) = (0.0000000000000000, 0.0000000000000000)
 rho_net(2,1,4,1) = (0.0000000000000000, 0.0000000000000000)
 rho_net(2,1,5,1) = (0.0000000000000000, 0.0000000000000000)
 rho_net(2,1,6,1) = (0.0000000000000000, 0.0000000000000000)
 rho_net(2,1,7,1) = (0.0000000000000000, 0.0000000000000000)
 rho_net(2,1,8,1) = (0.0000000000000000, 0.0000000000000000)
 rho_net(2,1,9,1) = (0.0000000000000000, 0.0000000000000000)
 rho_net(2,2,1,1) = (0.0000000000000000, 0.0000000000000000)
 rho_net(2,2,2,1) = (1.6084431769217977E-003, 0.0000000000000000)
 rho_net(2,2,3,1) = (0.0000000000000000, 0.0000000000000000)
 rho_net(2,2,4,1) = (0.0000000000000000, 0.0000000000000000)
 rho_net(2,2,5,1) = (0.0000000000000000, 0.0000000000000000)
 rho_net(2,2,6,1) = (0.0000000000000000, 0.0000000000000000)
 rho_net(2,2,7,1) = (0.0000000000000000, 0.0000000000000000)
 rho_net(2,2,8,1) = (0.0000000000000000, 0.0000000000000000)
 rho_net(2,2,9,1) = (0.0000000000000000, 0.0000000000000000)
 rho_net(2,3,1,1) = (0.0000000000000000, 0.0000000000000000)
 rho_net(2,3,2,1) = (0.0000000000000000, 0.0000000000000000)
 rho_net(2,3,3,1) = (1.6084431769217977E-003, 0.0000000000000000)
 rho_net(2,3,4,1) = (0.0000000000000000, 0.0000000000000000)
 rho_net(2,3,5,1) = (0.0000000000000000, 0.0000000000000000)
 rho_net(2,3,6,1) = (0.0000000000000000, 0.0000000000000000)
 rho_net(2,3,7,1) = (0.0000000000000000, 0.0000000000000000)
 rho_net(2,3,8,1) = (0.0000000000000000, 0.0000000000000000)
 rho_net(2,3,9,1) = (0.0000000000000000, 0.0000000000000000)
 rho_net(2,4,1,1) = (0.0000000000000000, 0.0000000000000000)
 rho_net(2,4,2,1) = (0.0000000000000000, 0.0000000000000000)
 rho_net(2,4,3,1) = (0.0000000000000000, 0.0000000000000000)
 rho_net(2,4,4,1) = (1.5660153871113747E-003, 0.0000000000000000)
 rho_net(2,4,5,1) = (0.0000000000000000, 0.0000000000000000)
 rho_net(2,4,6,1) = (0.0000000000000000, 0.0000000000000000)
 rho_net(2,4,7,1) = (0.0000000000000000, 0.0000000000000000)
 rho_net(2,4,8,1) = (0.0000000000000000, 0.0000000000000000)
 rho_net(2,4,9,1) = (0.0000000000000000, 0.0000000000000000)
 rho_net(2,5,1,1) = (0.0000000000000000, 0.0000000000000000)
 rho_net(2,5,2,1) = (0.0000000000000000, 0.0000000000000000)
 rho_net(2,5,3,1) = (0.0000000000000000, 0.0000000000000000)
 rho_net(2,5,4,1) = (0.0000000000000000, 0.0000000000000000)
 rho_net(2,5,5,1) = (1.8277258493796731, 0.0000000000000000)
 rho_net(2,5,6,1) = (0.0000000000000000, 0.0000000000000000)
 rho_net(2,5,7,1) = (0.0000000000000000, 0.0000000000000000)
 rho_net(2,5,8,1) = (0.0000000000000000, 0.0000000000000000)
 rho_net(2,5,9,1) = (0.0000000000000000, 0.0000000000000000)
 rho_net(2,6,1,1) = (0.0000000000000000, 0.0000000000000000)
 rho_net(2,6,2,1) = (0.0000000000000000, 0.0000000000000000)
 rho_net(2,6,3,1) = (0.0000000000000000, 0.0000000000000000)
 rho_net(2,6,4,1) = (0.0000000000000000, 0.0000000000000000)
 rho_net(2,6,5,1) = (0.0000000000000000, 0.0000000000000000)
 rho_net(2,6,6,1) = (1.8418766015840733, 0.0000000000000000)
 rho_net(2,6,7,1) = (0.0000000000000000, 0.0000000000000000)
 rho_net(2,6,8,1) = (0.0000000000000000, 0.0000000000000000)
 rho_net(2,6,9,1) = (0.0000000000000000, 0.0000000000000000)
 rho_net(2,7,1,1) = (0.0000000000000000, 0.0000000000000000)
 rho_net(2,7,2,1) = (0.0000000000000000, 0.0000000000000000)
 rho_net(2,7,3,1) = (0.0000000000000000, 0.0000000000000000)
 rho_net(2,7,4,1) = (0.0000000000000000, 0.0000000000000000)
 rho_net(2,7,5,1) = (0.0000000000000000, 0.0000000000000000)
 rho_net(2,7,6,1) = (0.0000000000000000, 0.0000000000000000)
 rho_net(2,7,7,1) = (1.8418766015840711, 0.0000000000000000)
 rho_net(2,7,8,1) = (0.0000000000000000, 0.0000000000000000)
 rho_net(2,7,9,1) = (0.0000000000000000, 0.0000000000000000)
 rho_net(2,8,1,1) = (0.0000000000000000, 0.0000000000000000)
 rho_net(2,8,2,1) = (0.0000000000000000, 0.0000000000000000)
 rho_net(2,8,3,1) = (0.0000000000000000, 0.0000000000000000)
 rho_net(2,8,4,1) = (0.0000000000000000, 0.0000000000000000)
 rho_net(2,8,5,1) = (0.0000000000000000, 0.0000000000000000)
 rho_net(2,8,6,1) = (0.0000000000000000, 0.0000000000000000)
 rho_net(2,8,7,1) = (0.0000000000000000, 0.0000000000000000)
 rho_net(2,8,8,1) = (2.0265155676209226, 0.0000000000000000)
 rho_net(2,8,9,1) = (0.0000000000000000, 0.0000000000000000)
 rho_net(2,9,1,1) = (0.0000000000000000, 0.0000000000000000)
 rho_net(2,9,2,1) = (0.0000000000000000, 0.0000000000000000)
 rho_net(2,9,3,1) = (0.0000000000000000, 0.0000000000000000)
 rho_net(2,9,4,1) = (0.0000000000000000, 0.0000000000000000)
 rho_net(2,9,5,1) = (0.0000000000000000, 0.0000000000000000)
 rho_net(2,9,6,1) = (0.0000000000000000, 0.0000000000000000)
 rho_net(2,9,7,1) = (0.0000000000000000, 0.0000000000000000)
 rho_net(2,9,8,1) = (0.0000000000000000, 0.0000000000000000)
 rho_net(2,9,9,1) = (2.0242717057370232, 0.0000000000000000)
 /
