 @# E   TOTAL DOS up and down
-10.000000000000000 3.8242991325101014E-084 3.8242991325101014E-084
-9.9000000000000004 3.8242991325101014E-084 3.8242991325101014E-084
-9.8000000000000007 3.8242991325101014E-084 3.8242991325101014E-084
-9.6999999999999993 3.8242991325101014E-084 3.8242991325101014E-084
-9.5999999999999996 3.8242991325101014E-084 3.8242991325101014E-084
-9.5000000000000000 3.8242991325101014E-084 3.8242991325101014E-084
-9.4000000000000004 3.8242991325101014E-084 3.8242991325101014E-084
-9.3000000000000007 3.8242991325101014E-084 3.8242991325101014E-084
-9.1999999999999993 3.8242991325101014E-084 3.8242991325101014E-084
-9.0999999999999996 3.8242991325101014E-084 3.8242991325101014E-084
-9.0000000000000000 3.8242991325101014E-084 3.8242991325101014E-084
-8.9000000000000004 3.8242991325101014E-084 3.8242991325101014E-084
-8.8000000000000007 3.8242991325101014E-084 3.8242991325101014E-084
-8.6999999999999993 3.8242991325101014E-084 3.8242991325101014E-084
-8.5999999999999996 3.8242991325101014E-084 3.8242991325101014E-084
-8.5000000000000000 3.8242991325101014E-084 3.8242991325101014E-084
-8.4000000000000004 3.8242991325101014E-084 3.8242991325101014E-084
-8.3000000000000007 3.8242991325101014E-084 3.8242991325101014E-084
-8.1999999999999993 3.8242991325101014E-084 3.8242991325101014E-084
-8.0999999999999996 4.6999588992267912E-084 3.8253768903049408E-084
-8.0000000000000000 3.5569427564271974E-073 7.4850694622380019E-076
-7.9000000000000004 1.9162276521382870E-062 6.5144320914004598E-065
-7.7999999999999998 1.3692366232476323E-052 7.5200025540919507E-055
-7.6999999999999993 1.2977004404975012E-043 1.1513901435656423E-045
-7.5999999999999996 1.6313431702247058E-035 2.3382856846875644E-037
-7.5000000000000000 2.7203402347377869E-028 6.2989240930506611E-030
-7.4000000000000004 6.0187629773749272E-022 2.2511328674187253E-023
-7.2999999999999998 1.7680866289606643E-016 1.0678903276639133E-017
-7.1999999999999993 6.9112832537351925E-012 6.7350864663007280E-013
-7.0999999999999996 3.6191346190446478E-008 5.6758881804943993E-009
-7.0000000000000000 2.5927526617043993E-005 6.4926367272761669E-006
-6.9000000000000004 2.7134956986227775E-003 1.0590110514244915E-003
-6.7999999999999998 5.0671222280727131E-002 2.8694667573250277E-002
-6.6999999999999993 0.27321984790381337 0.19435928121753107
-6.5999999999999996 0.69681917446609165 0.58035265349902876
-6.5000000000000000 0.96520743103850881 0.91691458909942813
-6.4000000000000004 0.92179918581126818 0.94163081166361506
-6.2999999999999998 1.0757328322067630 0.94038646011841354
-6.1999999999999993 1.5941533947571884 1.3968930986363053
-6.0999999999999996 1.9500634617032064 1.8935010486201722
-6.0000000000000000 1.5191189229044000 1.6401852902264935
-5.8999999999999995 1.1398503546530436 1.2292229717967069
-5.7999999999999998 1.6702438036717437 1.2579343548652584
-5.7000000000000002 2.6905649547454003 2.2446886377486766
-5.5999999999999996 2.8075898848137868 2.8660813891925296
-5.5000000000000000 1.8805017893911540 2.1681757433751234
-5.3999999999999995 2.3062816869879983 1.7818308972301105
-5.2999999999999998 3.1767119781906796 2.7141496767384639
-5.1999999999999993 2.6009433741357504 3.0458208780211962
-5.0999999999999996 2.2141480477524715 2.1331154068205014
-5.0000000000000000 3.4225020225271390 2.2619530436637327
-4.8999999999999995 4.9511427554033087 3.6919701601245474
-4.7999999999999998 3.9235141947172378 4.7140390388455558
-4.6999999999999993 3.7366442045632815 3.2651927924201316
-4.5999999999999996 5.5699910926053136 3.4132733908558914
-4.5000000000000000 4.8537490125675742 5.3640567719138721
-4.3999999999999995 3.6531016689486635 4.4159508210054952
-4.2999999999999998 6.4118618932011850 2.9290971291426309
-4.1999999999999993 9.7098660053798422 4.3226300532047475
-4.0999999999999996 9.2609284785341046 7.4778260203947982
-4.0000000000000000 9.3462697444399296 6.9968366857906812
-3.8999999999999995 13.538843220789705 5.0492015019828145
-3.7999999999999998 12.943679749953045 5.9587722306734694
-3.6999999999999993 11.385072577616645 7.3163706964205710
-3.5999999999999996 14.308507021023090 8.0178239171180206
-3.5000000000000000 19.229153819779174 10.714730881819664
-3.3999999999999995 20.915362454871897 14.168329959609004
-3.2999999999999998 19.357286200868135 11.890027205266991
-3.1999999999999993 21.567133858697808 12.217728745109133
-3.0999999999999996 27.282417986369900 17.265094806225679
-3.0000000000000000 34.326273305316860 18.641417304230718
-2.8999999999999995 36.484994818177597 18.175766776731631
-2.7999999999999998 41.449464584077617 23.232667310616403
-2.6999999999999993 43.459375230220566 25.677479227187039
-2.5999999999999996 38.146044566666923 30.068072135677372
-2.5000000000000000 41.046046405522517 32.944103274669736
-2.3999999999999995 41.343523893831794 29.737774538961762
-2.2999999999999998 35.961223334748631 26.540902041957299
-2.1999999999999993 34.539240965009952 30.796429536587556
-2.0999999999999996 38.437939279885533 36.060064677296076
-2.0000000000000000 37.816885906225856 37.847655313842232
-1.9000000000000004 30.503355242864711 37.197455025836959
-1.7999999999999989 25.119916250410647 34.358582782853844
-1.6999999999999993 28.475472853142669 40.646969273988951
-1.5999999999999996 33.550078465412085 40.729127405729834
-1.5000000000000000 29.866160181357778 32.338256301782771
-1.4000000000000004 27.654049959748214 24.368189170270803
-1.2999999999999989 27.374340070314634 24.509974347378318
-1.1999999999999993 30.493495842084393 32.467161046750782
-1.0999999999999996 38.122733215955463 31.971323507671702
-1.0000000000000000 39.570833287447712 29.513874867936327
-0.90000000000000036 39.769889180995960 31.928386762778104
-0.79999999999999893 42.699186603280964 27.137599207828714
-0.69999999999999929 45.682784422233809 25.746277444472952
-0.59999999999999964 49.069211131383824 26.295612645569118
-0.50000000000000000 43.680617388028665 28.212804332271507
-0.39999999999999858 43.516875713253306 33.271557437767662
-0.29999999999999893 53.233085650768444 35.076635082266478
-0.19999999999999929 59.851448121094727 32.149836581103727
-9.9999999999999645E-002 53.337367877977712 30.380814389772631
0.0000000000000000 44.157250946257101 35.373898044022326
0.10000000000000142 40.276858813096247 41.012156926690793
0.20000000000000107 40.291506140477843 32.623295066875961
0.30000000000000071 49.249344870853470 35.090973847107172
0.40000000000000036 52.702247103141225 38.393759099301377
0.50000000000000000 53.465827983550604 47.031825896454919
0.60000000000000142 48.358449012221541 46.747819206791277
0.70000000000000107 41.489863427433086 42.039710713987816
0.80000000000000071 41.968004855153332 40.844447777737891
0.90000000000000036 49.442321784018304 34.739543342651388
1.0000000000000000 48.951984375811527 30.536276942717929
1.1000000000000014 48.532640240376502 28.804617246609514
1.2000000000000011 45.689779730422003 28.124856334212314
1.3000000000000007 48.109332276799393 27.159610217314622
1.4000000000000004 47.010269296608023 29.741682250992010
1.5000000000000000 41.797428470112663 33.714215710973761
1.6000000000000014 41.556355035839594 38.074950479796975
1.7000000000000011 42.290775864446452 45.422904148421594
1.8000000000000007 42.494211182633606 53.381358092661031
1.9000000000000004 55.617158887969687 52.416847690584362
2.0000000000000000 52.352135619669852 43.895760800936365
2.1000000000000014 43.880256122057801 45.187402356639723
2.2000000000000011 44.695784097059281 40.322126096588505
2.3000000000000007 47.000408889355711 30.600259569421119
2.4000000000000004 39.350615465440697 31.770203039395692
2.5000000000000000 33.920069972276060 36.531517792333133
2.6000000000000014 39.162636150356164 48.960616709801315
2.7000000000000011 45.337615706715013 53.960376420827458
2.8000000000000007 45.871915406319218 43.750244426205988
2.9000000000000004 43.526166529553223 45.672288938492073
3.0000000000000000 37.857209628947587 57.531293134640862
3.1000000000000014 28.709747347421231 48.577998121816627
3.2000000000000011 16.274135322581184 40.436238732971908
3.3000000000000007 11.452227160298415 49.226132716778125
3.4000000000000004 16.072337746246241 61.304293236663852
3.5000000000000000 14.892128485514549 63.324597865912565
3.6000000000000014 8.9969007437852024 60.400473946814110
3.7000000000000011 7.8897223088408008 61.958425064546525
3.8000000000000007 6.9699356786255855 59.053133348806924
3.9000000000000004 8.7103158087616013 49.618907601123233
4.0000000000000000 7.6907555332968336 33.623911279815630
4.1000000000000014 6.5518671257974095 23.219550605911369
4.2000000000000011 6.1517373320056521 19.054672565102802
4.3000000000000007 6.1676334613747308 19.385088713790545
4.4000000000000004 6.6397513320395207 15.775519180422767
4.5000000000000000 5.9785966108866786 8.1509644814538849
4.6000000000000014 6.7943314659980478 7.1894527016635106
4.7000000000000011 6.6677171924734715 10.311911346192048
4.8000000000000007 4.6610196195241063 9.6795043174220599
4.9000000000000004 7.1252077017939381 6.6941519319021552
5.0000000000000000 8.7831818715801138 5.9916505432392055
5.1000000000000014 9.9755733778486597 7.8569447908833627
5.2000000000000011 9.7734096176360765 9.6914747838074096
5.3000000000000007 8.4087950716585258 9.3794563507329816
5.4000000000000004 5.1074061200366359 8.5809167532402189
5.5000000000000000 4.1147824473651662 8.7073327694889446
5.6000000000000014 6.7219899357608082 10.891416490211391
5.7000000000000011 7.7539883512933256 9.2505270004053823
5.8000000000000007 7.8295520049430705 8.3922888745843895
5.9000000000000004 6.3683747670827966 5.2847208647756538
6.0000000000000000 5.7243124611689389 5.0468141529412387
6.1000000000000014 8.9964757425666910 7.1609794518764831
6.1999999999999993 8.4260852284028029 7.8916820921581055
6.3000000000000007 5.4598473910662806 8.1629186080890737
6.4000000000000021 7.0857651827066288 9.2879822404221333
6.5000000000000000 8.2752618170235177 8.7793153701590096
6.6000000000000014 5.5480096489266453 7.5386712554076105
6.6999999999999993 3.1782277634796947 5.6627282972224124
6.8000000000000007 3.8729418204229016 6.5636545249864957
6.9000000000000021 5.9441670976147911 8.1857585115445115
7.0000000000000000 5.3794531300145332 4.9886392842155036
7.1000000000000014 5.7644501564531012 3.4146021236748605
7.1999999999999993 8.8541784056611927 6.1087699013764141
7.3000000000000007 7.1449899046909247 6.1248588585015602
7.4000000000000021 3.6901806605054848 5.7766546471797264
7.5000000000000000 2.8119359974278915 7.9525570788953326
7.6000000000000014 4.0779311886636274 7.4799445484368485
7.6999999999999993 5.7467045720900796 4.2160125898914105
7.8000000000000007 5.1353223181170549 3.6836148700868114
7.9000000000000021 3.9291627667085796 4.8657854834874694
8.0000000000000000 4.3152107228387120 5.6707269757530954
8.1000000000000014 5.0661315107824523 4.4631510398088574
8.1999999999999993 3.8636494595116768 4.0704574664997031
8.3000000000000007 3.6589438151871390 5.1520135121122461
8.4000000000000021 4.2485790955130351 4.7016138225803443
8.5000000000000000 4.6241255331868460 3.8824907453390503
8.6000000000000014 7.5181588972406219 3.7233645858589655
8.6999999999999993 9.4732737950380610 4.2949906231267487
8.8000000000000007 5.7585651164540872 5.0633755102927056
8.9000000000000021 5.9099142604814849 8.6724686756460425
9.0000000000000000 8.4506619943830152 8.8385250000266993
9.1000000000000014 9.7053795798629601 5.4087008688583058
9.2000000000000028 8.8279311363500330 8.0590187339166768
9.3000000000000007 7.5991842646122487 9.4898196214334902
9.4000000000000021 6.5350463238801488 10.151523335874401
9.5000000000000000 8.0175693876011973 8.2230324696275545
9.6000000000000014 9.8686384914581566 6.8706600085982279
9.7000000000000028 8.8938706302453792 7.4114237967028966
9.8000000000000007 6.7271123344455228 9.9075950531662063
9.9000000000000021 6.5664178056757239 9.5601020223857898
 @# EF
   3.150   0.000
   3.150  10.000
