 @#dos of site           1 p(up) p(dn) px(up) px(dn) py(up) py(dn) pz(up) pz(dn)
-10.000000000000000 6.3738318875173252E-085 6.3738318875174189E-085 2.1246106291724261E-085 2.1246106291724364E-085 2.1246106291724187E-085 2.1246106291724390E-085 2.1246106291724113E-085 2.1246106291724610E-085
-9.9000000000000004 6.3738318875173252E-085 6.3738318875174189E-085 2.1246106291724261E-085 2.1246106291724364E-085 2.1246106291724187E-085 2.1246106291724390E-085 2.1246106291724113E-085 2.1246106291724610E-085
-9.8000000000000007 6.3738318875173252E-085 6.3738318875174189E-085 2.1246106291724261E-085 2.1246106291724364E-085 2.1246106291724187E-085 2.1246106291724390E-085 2.1246106291724113E-085 2.1246106291724610E-085
-9.6999999999999993 6.3738318875173252E-085 6.3738318875174189E-085 2.1246106291724261E-085 2.1246106291724364E-085 2.1246106291724187E-085 2.1246106291724390E-085 2.1246106291724113E-085 2.1246106291724610E-085
-9.5999999999999996 6.3738318875173252E-085 6.3738318875174189E-085 2.1246106291724261E-085 2.1246106291724364E-085 2.1246106291724187E-085 2.1246106291724390E-085 2.1246106291724113E-085 2.1246106291724610E-085
-9.5000000000000000 6.3738318875173252E-085 6.3738318875174189E-085 2.1246106291724261E-085 2.1246106291724364E-085 2.1246106291724187E-085 2.1246106291724390E-085 2.1246106291724113E-085 2.1246106291724610E-085
-9.4000000000000004 6.3738318875173252E-085 6.3738318875174189E-085 2.1246106291724261E-085 2.1246106291724364E-085 2.1246106291724187E-085 2.1246106291724390E-085 2.1246106291724113E-085 2.1246106291724610E-085
-9.3000000000000007 6.3738318875173252E-085 6.3738318875174189E-085 2.1246106291724261E-085 2.1246106291724364E-085 2.1246106291724187E-085 2.1246106291724390E-085 2.1246106291724113E-085 2.1246106291724610E-085
-9.1999999999999993 6.3738318875173252E-085 6.3738318875174189E-085 2.1246106291724261E-085 2.1246106291724364E-085 2.1246106291724187E-085 2.1246106291724390E-085 2.1246106291724113E-085 2.1246106291724610E-085
-9.0999999999999996 6.3738318875173252E-085 6.3738318875174189E-085 2.1246106291724261E-085 2.1246106291724364E-085 2.1246106291724187E-085 2.1246106291724390E-085 2.1246106291724113E-085 2.1246106291724610E-085
-9.0000000000000000 6.3738318875173252E-085 6.3738318875174189E-085 2.1246106291724261E-085 2.1246106291724364E-085 2.1246106291724187E-085 2.1246106291724390E-085 2.1246106291724113E-085 2.1246106291724610E-085
-8.9000000000000004 6.3738318875173252E-085 6.3738318875174189E-085 2.1246106291724261E-085 2.1246106291724364E-085 2.1246106291724187E-085 2.1246106291724390E-085 2.1246106291724113E-085 2.1246106291724610E-085
-8.8000000000000007 6.3738318875173252E-085 6.3738318875174189E-085 2.1246106291724261E-085 2.1246106291724364E-085 2.1246106291724187E-085 2.1246106291724390E-085 2.1246106291724113E-085 2.1246106291724610E-085
-8.6999999999999993 6.3738318875173252E-085 6.3738318875174189E-085 2.1246106291724261E-085 2.1246106291724364E-085 2.1246106291724187E-085 2.1246106291724390E-085 2.1246106291724113E-085 2.1246106291724610E-085
-8.5999999999999996 6.3738318875173252E-085 6.3738318875174189E-085 2.1246106291724261E-085 2.1246106291724364E-085 2.1246106291724187E-085 2.1246106291724390E-085 2.1246106291724113E-085 2.1246106291724610E-085
-8.5000000000000000 6.3738318875173252E-085 6.3738318875174189E-085 2.1246106291724261E-085 2.1246106291724364E-085 2.1246106291724187E-085 2.1246106291724390E-085 2.1246106291724113E-085 2.1246106291724610E-085
-8.4000000000000004 6.3738318875173252E-085 6.3738318875174189E-085 2.1246106291724261E-085 2.1246106291724364E-085 2.1246106291724187E-085 2.1246106291724390E-085 2.1246106291724113E-085 2.1246106291724610E-085
-8.3000000000000007 6.3738318875173252E-085 6.3738318875174189E-085 2.1246106291724261E-085 2.1246106291724364E-085 2.1246106291724187E-085 2.1246106291724390E-085 2.1246106291724113E-085 2.1246106291724610E-085
-8.1999999999999993 6.3738318875173252E-085 6.3738318875174189E-085 2.1246106291724261E-085 2.1246106291724364E-085 2.1246106291724187E-085 2.1246106291724390E-085 2.1246106291724113E-085 2.1246106291724610E-085
-8.0999999999999996 6.3738318875173252E-085 6.3738318875174189E-085 2.1246106291724261E-085 2.1246106291724364E-085 2.1246106291724187E-085 2.1246106291724390E-085 2.1246106291724113E-085 2.1246106291724610E-085
-8.0000000000000000 -4.4710669009764902E-082 1.5752143386884636E-086 2.1211889499823312E-085 2.1246106291724364E-085 2.1211889499823138E-085 2.1246106291724390E-085 -4.4753092788764452E-082 -4.0916998244760778E-085
-7.9000000000000004 -7.4486328995559132E-071 -1.6840610923192738E-073 -1.7125772228987476E-076 -2.2493293723967767E-079 -1.7125772229033980E-076 -2.2493293723985196E-079 -7.4485986480114542E-071 -1.6840565936604766E-073
-7.7999999999999998 -1.6435598806588963E-060 -6.0512300192636054E-063 -1.1354677277409879E-065 -2.4751341897513305E-068 -1.1354677277438706E-065 -2.4751341897530836E-068 -1.6435371713043413E-060 -6.0511805165798102E-063
-7.6999999999999993 -4.8101883730854466E-051 -2.8839915326202482E-053 -9.9852815289064211E-056 -3.6124716664176020E-058 -9.9852815289292125E-056 -3.6124716664199041E-058 -4.8099886674548689E-051 -2.8839192831869194E-053
-7.5999999999999996 -1.8673353546915692E-042 -1.8231356226776698E-044 -1.1646876867544461E-046 -6.9931425283249294E-049 -1.1646876867569231E-046 -6.9931425283289874E-049 -1.8671024171542180E-042 -1.8229957598271030E-044
-7.5000000000000000 -9.6164456564818800E-035 -1.5287969646003840E-036 -1.8019006537849713E-038 -1.7955943321880211E-040 -1.8019006537883413E-038 -1.7955943321889612E-040 -9.6128418551743062E-035 -1.5284378457339464E-036
-7.4000000000000004 -6.5717958885238519E-028 -1.7009121755580540E-029 -3.6978625634203792E-031 -6.1154695112111300E-033 -3.6978625634265594E-031 -6.1154695112138970E-033 -6.5644001633970042E-028 -1.6996890816558115E-029
-7.2999999999999998 -5.9657697118719512E-022 -2.5125061576550868E-023 -1.0068174216906478E-024 -2.7630767282355370E-026 -1.0068174216921225E-024 -2.7630767282366499E-026 -5.9456333634381243E-022 -2.5069800041986145E-023
-7.1999999999999993 -7.2154930340438247E-017 -4.9376160353526556E-018 -3.6390013267878431E-019 -1.6568092084830935E-020 -3.6390013267923652E-019 -1.6568092084836553E-020 -7.1427130075080214E-017 -4.9044798511829889E-018
-7.0999999999999996 -1.1731611310887039E-012 -1.2990422998801160E-013 -1.7491231538109727E-014 -1.3201263218891995E-015 -1.7491231538127729E-014 -1.3201263218895685E-015 -1.1381786680124666E-012 -1.2726397734423281E-013
-7.0000000000000000 -2.6315698407501605E-009 -4.6617354265804306E-010 -1.1241972978832830E-010 -1.4032244882594714E-011 -1.1241972978841889E-010 -1.4032244882597794E-011 -2.4067303811734137E-009 -4.3810905289285058E-010
-6.9000000000000004 -8.7450822207578639E-007 -2.4078619127505206E-007 -9.8227861477920218E-008 -2.0140329991209925E-008 -9.8227861477976639E-008 -2.0140329991213154E-008 -6.7805249911988955E-007 -2.0050553129262900E-007
-6.7999999999999998 -5.0900951179541019E-005 -2.0540361405302776E-005 -1.2242509576974899E-005 -4.0472614240728635E-006 -1.2242509576978952E-005 -4.0472614240732980E-006 -2.6415932025587181E-005 -1.2445838557156613E-005
-6.6999999999999993 -6.8447334146096693E-004 -3.7664038931672867E-004 -2.4727558449062520E-004 -1.2588335771246043E-004 -2.4727558449065171E-004 -1.2588335771246796E-004 -1.8992217247969006E-004 -1.2487367389180047E-004
-6.5999999999999996 -2.7892546769194403E-003 -1.9898114733149625E-003 -1.0930202607126612E-003 -7.7385746727678874E-004 -1.0930202607126512E-003 -7.7385746727680186E-004 -6.0321415549412834E-004 -4.4209653876137400E-004
-6.5000000000000000 -4.8138761300603305E-003 -4.0404677204560350E-003 -1.8464807923879055E-003 -1.5594833138819759E-003 -1.8464807923878625E-003 -1.5594833138819640E-003 -1.1209145452845710E-003 -9.2150109269209675E-004
-6.4000000000000004 -4.9034432283497787E-003 -4.5406863648946505E-003 -1.7673996381437438E-003 -1.6550869386026692E-003 -1.7673996381437180E-003 -1.6550869386026863E-003 -1.3686439520623217E-003 -1.2305124876892980E-003
-6.2999999999999998 -5.6796552848714724E-003 -4.3209823753107392E-003 -2.3679684141043977E-003 -1.6970899837510296E-003 -2.3679684141044862E-003 -1.6970899837510582E-003 -9.4371845666259291E-004 -9.2680240780865849E-004
-6.1999999999999993 -7.2334918022127709E-003 -5.4836020975347153E-003 -3.5712146958158976E-003 -2.6266141073139769E-003 -3.5712146958159362E-003 -2.6266141073139093E-003 -9.1062410580932917E-005 -2.3037388290683621E-004
-6.0999999999999996 -6.2823313530877166E-003 -4.9031550936599385E-003 -3.7712902366113079E-003 -3.0286748013785159E-003 -3.7712902366112792E-003 -3.0286748013785116E-003 1.2602491201348690E-003 1.1541945090970962E-003
-6.0000000000000000 -1.9934188295286886E-003 -1.4104315769142399E-003 -2.2170828457514732E-003 -1.9702002793024341E-003 -2.2170828457514472E-003 -1.9702002793024567E-003 2.4407468619742322E-003 2.5299689816906498E-003
-5.8999999999999995 1.4509120082869314E-003 1.4579443132795140E-003 -9.2269124134769444E-004 -7.8829082263263777E-004 -9.2269124134765920E-004 -7.8829082263263245E-004 3.2962944909822830E-003 3.0345259585447845E-003
-5.7999999999999998 1.0880160716851460E-002 8.0219927974977505E-003 7.1071706481919844E-004 7.7978131837807857E-004 7.1071706481920949E-004 7.7978131837804518E-004 9.4587265872130427E-003 6.4624301607416239E-003
-5.7000000000000002 2.5415950725204420E-002 2.2953851726582885E-002 3.7417386378389649E-003 3.6582161209460901E-003 3.7417386378389918E-003 3.6582161209460624E-003 1.7932473449526455E-002 1.5637419484690697E-002
-5.5999999999999996 3.0836460542323221E-002 3.5696447162381156E-002 7.7918546804096600E-003 8.4806088496985552E-003 7.7918546804096314E-003 8.4806088496988119E-003 1.5252751181503961E-002 1.8735229462983907E-002
-5.5000000000000000 2.7439977316527003E-002 3.0893971758139120E-002 6.9732549519526425E-003 9.7059028142480307E-003 6.9732549519526772E-003 9.7059028142479787E-003 1.3493467412621628E-002 1.1482166129643076E-002
-5.3999999999999995 5.1163177707821618E-002 3.7722222739667022E-002 8.6819920609236059E-003 8.4367386801947608E-003 8.6819920609235608E-003 8.4367386801946012E-003 3.3799193585974531E-002 2.0848745379277639E-002
-5.2999999999999998 8.5809519994360706E-002 7.4667827234767822E-002 1.5934949055371798E-002 1.3577307827356496E-002 1.5934949055371898E-002 1.3577307827356413E-002 5.3939621883617096E-002 4.7513211580054733E-002
-5.1999999999999993 7.8994183563561027E-002 9.4553295836929174E-002 1.7014317951408422E-002 2.0617891778972473E-002 1.7014317951408609E-002 2.0617891778972663E-002 4.4965547660744266E-002 5.3317512278984076E-002
-5.0999999999999996 8.0444499115445919E-002 7.4184614748269637E-002 1.9071110215789052E-002 1.8110961501802744E-002 1.9071110215789094E-002 1.8110961501802695E-002 4.2302278683867753E-002 3.7962691744664184E-002
-5.0000000000000000 0.14946346614159325 9.5541169927762126E-002 3.5575483837064173E-002 2.4816809529793694E-002 3.5575483837064395E-002 2.4816809529793496E-002 7.8312498467465103E-002 4.5907550868174996E-002
-4.8999999999999995 0.23866351500616156 0.18469278115860618 5.9947333102314038E-002 4.5347822273557069E-002 5.9947333102314385E-002 4.5347822273556868E-002 0.11876884880153350 9.3997136611492352E-002
-4.7999999999999998 0.20517676669374696 0.25304262514277831 5.3198472371070157E-002 6.4620487446064204E-002 5.3198472371069998E-002 6.4620487446064592E-002 9.8779821951606964E-002 0.12380165025064960
-4.6999999999999993 0.22333097038671837 0.19040631054341331 5.0758381629978373E-002 5.1859560740503498E-002 5.0758381629978262E-002 5.1859560740504129E-002 0.12181420712676219 8.6687189062405925E-002
-4.5999999999999996 0.36952573273269113 0.22833846639555982 7.3373384641410203E-002 5.5826552439881806E-002 7.3373384641410494E-002 5.5826552439882493E-002 0.22277896344987080 0.11668536151579531
-4.5000000000000000 0.35070993639086112 0.38874693878403649 5.7597917644438112E-002 7.9883256919498186E-002 5.7597917644438147E-002 7.9883256919497464E-002 0.23551410110198584 0.22898042494504167
-4.3999999999999995 0.27523243914093082 0.34660307279654828 5.0442446171207994E-002 5.8876077097253759E-002 5.0442446171207994E-002 5.8876077097252989E-002 0.17434754679851522 0.22885091860204285
-4.2999999999999998 0.48253876746236929 0.23538160136045061 0.12003871913032617 4.8259564896715838E-002 0.12003871913032671 4.8259564896716269E-002 0.24246132920171617 0.13886247156701881
-4.1999999999999993 0.73149123557105034 0.37764147767039774 0.19768166986531066 9.5922916521177778E-002 0.19768166986531058 9.5922916521178875E-002 0.33612789584043179 0.18579564462804027
-4.0999999999999996 0.57657121936887001 0.67134365260447060 0.15631209894111328 0.18354665161484465 0.15631209894111331 0.18354665161484651 0.26394702148664245 0.30425034937477818
-4.0000000000000000 0.47184132415965085 0.58862846726836326 0.10459674168229638 0.18207071986546655 0.10459674168229721 0.18207071986546527 0.26264784079505715 0.22448702753743283
-3.8999999999999995 0.67077682135802896 0.40746864573999020 0.18896566486436128 0.12089737110422540 0.18896566486436100 0.12089737110422279 0.29284549162930851 0.16567390353154055
-3.7999999999999998 0.56103929252984241 0.52985413745186483 0.19366887410018396 0.12990613009907576 0.19366887410018493 0.12990613009907548 0.17370154432947366 0.27004187725371226
-3.6999999999999993 0.53057988986659932 0.59845457394098645 0.19894912271291454 0.15888594469799425 0.19894912271291443 0.15888594469799611 0.13268164444076991 0.28068268454499390
-3.5999999999999996 0.74207045830998053 0.52108701137660374 0.26130337647014107 0.15556586331890654 0.26130337647014135 0.15556586331890596 0.21946370536969850 0.20995528473878988
-3.5000000000000000 0.77342692365572774 0.65796508272233090 0.28739188713226604 0.24674899216291010 0.28739188713226610 0.24674899216290952 0.19864314939119954 0.16446709839651460
-3.3999999999999995 0.75839611600031986 0.89056517219080478 0.28435204273590964 0.32814782883602811 0.28435204273591008 0.32814782883602800 0.18969203052849803 0.23426951451874564
-3.2999999999999998 0.71596264082920136 0.61272708813100285 0.28346178249402693 0.22923175585261427 0.28346178249402543 0.22923175585261421 0.14903907584114814 0.15426357642577659
-3.1999999999999993 0.78354503456424707 0.60840633953587375 0.31387447889131964 0.22345824379613158 0.31387447889132136 0.22345824379613188 0.15579607678160390 0.16148985194361223
-3.0999999999999996 1.0289761983744314 0.94870713669631301 0.39559408146174346 0.37582294320962384 0.39559408146174424 0.37582294320962467 0.23778803545095095 0.19706125027706473
-3.0000000000000000 0.97752481919366130 0.87977649931222168 0.35665441927922986 0.35816925663912708 0.35665441927923075 0.35816925663912591 0.26421598063520885 0.16343798603397311
-2.8999999999999995 0.82825277798854224 0.81562846610038864 0.28232086632817899 0.31023520351876788 0.28232086632817827 0.31023520351876555 0.26361104533218499 0.19515805906285968
-2.7999999999999998 1.0084636571511836 1.0027486704364903 0.34855763113764615 0.36667349969137414 0.34855763113764654 0.36667349969137547 0.31134839487588611 0.26940167105374657
-2.6999999999999993 1.1595726199409639 0.83667436347467650 0.44827436417879851 0.29936047615873351 0.44827436417879790 0.29936047615873396 0.26302389158337297 0.23795341115720930
-2.5999999999999996 1.0647924691502451 0.92841689982983500 0.40917181712355627 0.33019503755181079 0.40917181712355721 0.33019503755181134 0.24644883490313341 0.26802682472622319
-2.5000000000000000 1.1765106461695389 1.0506194706689869 0.42232903035079411 0.36861766777539801 0.42232903035079283 0.36861766777539595 0.33185258546795954 0.31338413511820157
-2.3999999999999995 1.1866083424924636 0.91942312897940182 0.43244344330108880 0.32143482218487807 0.43244344330108941 0.32143482218487796 0.32172145589028539 0.27655348460964868
-2.2999999999999998 1.1599864276080805 0.85769431481293401 0.41462971680021543 0.30210800411706878 0.41462971680021599 0.30210800411706729 0.33072699400763889 0.25347830657880177
-2.1999999999999993 1.1474336847225362 0.86656757470284163 0.38395226593592247 0.26635294166431456 0.38395226593592491 0.26635294166431617 0.37952915285071165 0.33386169137420330
-2.0999999999999996 1.2582137510835003 1.0625599580355081 0.36906426142792992 0.36182957177090769 0.36906426142793047 0.36182957177091013 0.52008522822762193 0.33890081449368442
-2.0000000000000000 1.3817651140070473 1.3998537183423605 0.35812628042583211 0.53276583465889393 0.35812628042583194 0.53276583465889249 0.66551255315537405 0.33432204902457868
-1.9000000000000004 1.1685738426572319 1.5388558057183208 0.32934985011847900 0.60900226278757630 0.32934985011847689 0.60900226278757630 0.50987414242027440 0.32085128014316844
-1.7999999999999989 1.0124733745432033 1.5073102749530238 0.34889425566526905 0.51832839830246691 0.34889425566526849 0.51832839830246824 0.31468486321266115 0.47065347834809518
-1.6999999999999993 1.0470418140279356 1.7821517619982581 0.39470449895429116 0.50757236972928677 0.39470449895429099 0.50757236972928654 0.25763281611936178 0.76700702253970465
-1.5999999999999996 1.2913698261608679 1.8095230731096352 0.47870318810590268 0.48962189291311392 0.47870318810590312 0.48962189291311214 0.33396344994906668 0.83027928728341660
-1.5000000000000000 1.3430231978103619 1.4196936546341206 0.47709406969692419 0.41256640441739439 0.47709406969692297 0.41256640441739451 0.38883505841650884 0.59456084579934732
-1.4000000000000004 1.1666270523316169 1.0045173982343638 0.38176583004408049 0.32506253008406649 0.38176583004407910 0.32506253008406694 0.40309539224346475 0.35439233806624415
-1.2999999999999989 1.1336096600639529 0.99670876770017058 0.35764673291940263 0.37013969262315449 0.35764673291940269 0.37013969262315283 0.41831619422514960 0.25642938245387709
-1.1999999999999993 1.1868707143138653 1.4330907904349235 0.36768345850350415 0.57437794138177534 0.36768345850350431 0.57437794138177789 0.45150379730686629 0.28433490767135444
-1.0999999999999996 1.3214044185618448 1.5208045208060019 0.39505601834822490 0.58697329944326859 0.39505601834822679 0.58697329944326859 0.53129238186540839 0.34685792191948533
-1.0000000000000000 1.2685247506187929 1.3396541457793527 0.36758076724652106 0.43917205545855564 0.36758076724652167 0.43917205545855648 0.53336321612576210 0.46131003486223976
-0.90000000000000036 1.3789007371438575 1.5171152991480161 0.40908754396396468 0.41877121957821956 0.40908754396396563 0.41877121957821900 0.56072564921592094 0.67957285999157357
-0.79999999999999893 1.5692985691657886 1.4735392716375948 0.50172878271265808 0.43774181378214538 0.50172878271265731 0.43774181378214561 0.56584100374048130 0.59805564407332612
-0.69999999999999929 1.6030673068039960 1.4266634717537987 0.53721947700147843 0.47564063031385706 0.53721947700147632 0.47564063031385856 0.52862835280105602 0.47538221112609330
-0.59999999999999964 1.6452854763709952 1.4424978130061259 0.58667697716486011 0.47107680876270946 0.58667697716486189 0.47107680876271096 0.47193152204130856 0.50034419548070463
-0.50000000000000000 1.4549142764251795 1.5643605631725650 0.53181728710831255 0.45513066833975968 0.53181728710831422 0.45513066833975807 0.39127970220854841 0.65409922649303420
-0.39999999999999858 1.5907652736796052 1.6407901274417271 0.56832789911961246 0.50574446352813329 0.56832789911961046 0.50574446352813318 0.45410947544038455 0.62930120038548998
-0.29999999999999893 1.8369085630531901 1.6052518311548096 0.61589673835215963 0.52519182601006753 0.61589673835215641 0.52519182601006820 0.60511508634889288 0.55486817913468345
-0.19999999999999929 2.0650163024316561 1.4480302369475229 0.73542228402640475 0.42496123971250710 0.73542228402640619 0.42496123971250649 0.59417173437885573 0.59810775752251466
-9.9999999999999645E-002 1.9723243682654521 1.2641391030378575 0.68309563099754933 0.34891752688788163 0.68309563099755000 0.34891752688788208 0.60613310627038519 0.56630404926209965
0.0000000000000000 1.6524757193207884 1.2924313401733933 0.54473906077025336 0.38080585577779413 0.54473906077025025 0.38080585577779158 0.56299759778026115 0.53081962861783050
0.10000000000000142 1.4811792262208128 1.5786084596861771 0.49193580070083298 0.46984123107119424 0.49193580070083098 0.46984123107119224 0.49730762481916430 0.63892599754380230
0.20000000000000107 1.2614137467517446 1.3897194607074523 0.41746148438666075 0.41113939655093867 0.41746148438665953 0.41113939655093884 0.42649077797842871 0.56744066760557832
0.30000000000000071 1.2876142489224374 1.1923984680611115 0.44409778793857574 0.36533894371572412 0.44409778793857652 0.36533894371572717 0.39941867304529516 0.46172058062964877
0.40000000000000036 1.3388407593410125 1.0447805034728177 0.48076525304851009 0.33155261529748259 0.48076525304851264 0.33155261529748231 0.37731025324400497 0.38167527287788106
0.50000000000000000 1.4927430203947516 1.2582110113542275 0.54462575489830833 0.40254808279222576 0.54462575489830978 0.40254808279222676 0.40349151059813576 0.45311484576977917
0.60000000000000142 1.3713239800262431 1.2739159855527589 0.50036153171405362 0.43577646267334408 0.50036153171405251 0.43577646267334225 0.37060091659813843 0.40236306020608198
0.70000000000000107 1.2415113478368702 1.1775128874290410 0.44128593731787269 0.43060168053771258 0.44128593731787696 0.43060168053771425 0.35893947320112302 0.31630952635361298
0.80000000000000071 1.0812986986228657 1.2304074657225939 0.35207511912270706 0.43509880828346537 0.35207511912270495 0.43509880828346559 0.37714846037746480 0.36020984915567422
0.90000000000000036 1.2852721870285291 1.3012345198967004 0.42226892837370766 0.42661721387691015 0.42226892837370766 0.42661721387690937 0.44073433028112752 0.44800009214288600
1.0000000000000000 1.3266061602060066 1.4974575113393411 0.43759970856227759 0.47807989602166434 0.43759970856227531 0.47807989602166628 0.45140674308145823 0.54129771929603021
1.1000000000000014 1.1228752765995456 1.6126564804292760 0.33671826362723034 0.54700766215816388 0.33671826362722984 0.54700766215816754 0.44943874934507988 0.51864115611295747
1.2000000000000011 1.1256624218983549 1.7630061084460731 0.38591229749797523 0.63713940467741570 0.38591229749797251 0.63713940467741359 0.35383782690240434 0.48872729909124757
1.3000000000000007 1.1865452907277139 1.7588328690725799 0.37768716931054175 0.63648722816935488 0.37768716931054214 0.63648722816935344 0.43117095210664425 0.48585841273387348
1.4000000000000004 1.0180202992653575 1.8804069648764046 0.34265033818175977 0.69424792180140171 0.34265033818176233 0.69424792180140404 0.33271962290183682 0.49191112127360609
1.5000000000000000 0.89446932520223721 1.7980214607746514 0.29119039215211534 0.65579689644371719 0.29119039215211617 0.65579689644371597 0.31208854089801125 0.48642766788721548
1.6000000000000014 0.78249103375973084 1.6100708929474634 0.19550316718223124 0.61310761130787161 0.19550316718223001 0.61310761130786751 0.39148469939526037 0.38385567033174345
1.7000000000000011 0.67669211115508410 1.2794380852668661 0.19162672948421680 0.49465661022930413 0.19162672948421544 0.49465661022930257 0.29343865218664894 0.29012486480828070
1.8000000000000007 0.66794702304364062 1.0400235323199041 0.25082648609602171 0.40171573031123042 0.25082648609602287 0.40171573031123192 0.16629405085159571 0.23659207169743982
1.9000000000000004 0.76524905729786930 1.2678891820028291 0.26837446257027414 0.50047519661585060 0.26837446257027586 0.50047519661585183 0.22850013215731838 0.26693878877113930
2.0000000000000000 0.63983756030768113 1.2717824261857955 0.21338120140152370 0.50740753574032638 0.21338120140152386 0.50740753574032826 0.21307515750463124 0.25696735470513782
2.1000000000000014 0.47590413102660994 1.1622190565618342 0.16527487132215427 0.42119860376867213 0.16527487132215365 0.42119860376867169 0.14535438838230225 0.31982184902449967
2.2000000000000011 0.56144865889731255 1.2404040228064159 0.20497205085276957 0.41993370347108855 0.20497205085276932 0.41993370347108600 0.15150455719178202 0.40053661586424016
2.3000000000000007 0.62957776547186661 0.92474076674763628 0.24080472405452416 0.35576476486675374 0.24080472405452358 0.35576476486675701 0.14796831736281885 0.21321123701414058
2.4000000000000004 0.65054973057568810 0.50675362671847224 0.24817696184828078 0.20141106928374955 0.24817696184828159 0.20141106928374877 0.15419580687913095 0.10393148815097673
2.5000000000000000 0.84032776718940683 0.53117065868250946 0.28361125674640220 0.16845860623294540 0.28361125674640286 0.16845860623294356 0.27310525369659572 0.19425344621662560
2.6000000000000014 0.94045670395407943 0.90596416315887918 0.29693665580135681 0.29786154382083002 0.29693665580135831 0.29786154382083008 0.34658339235137320 0.31024107551721863
2.7000000000000011 0.71108004071673558 0.81517651263262114 0.23745404243715287 0.29280074984057419 0.23745404243715354 0.29280074984057614 0.23617195584242706 0.22957501295147159
2.8000000000000007 0.66347774947605254 0.49828131831417866 0.23534688045678565 0.16457129732191297 0.23534688045678528 0.16457129732191303 0.19278398856248113 0.16913872367035079
2.9000000000000004 0.81441708832306470 0.52883040485171662 0.29061249533256267 0.16399740387708170 0.29061249533256350 0.16399740387708156 0.23319209765794083 0.20083559709755638
3.0000000000000000 0.91881092170685874 0.88399663210666679 0.29215105103216005 0.32201522674862071 0.29215105103215949 0.32201522674861977 0.33450881964254542 0.23996617860943531
3.1000000000000014 0.65552785529401569 0.66349274959666482 0.19140530942863695 0.25418010717546652 0.19140530942863626 0.25418010717546585 0.27271723643674767 0.15513253524574003
3.2000000000000011 0.44162362456707321 0.38678209857963486 0.10690904830714153 0.12520563429499065 0.10690904830714126 0.12520563429499071 0.22780552795279402 0.13637082998965402
3.3000000000000007 0.75722399064352575 0.52562663213770366 0.16967282044407642 0.15133080431183457 0.16967282044407667 0.15133080431183490 0.41787834975537536 0.22296502351403918
3.4000000000000004 1.1971509517610448 0.63421099041577844 0.31894643998433719 0.21032777503621583 0.31894643998433664 0.21032777503621658 0.55925807179238329 0.21355544034334370
3.5000000000000000 1.2225781664899440 0.58530262684541223 0.38062291776459506 0.20672660966286577 0.38062291776459345 0.20672660966286607 0.46133233096075144 0.17184940751967842
3.6000000000000014 1.0250384798881493 0.66798470051288694 0.31554259588200617 0.23296741074111479 0.31554259588200567 0.23296741074111457 0.39395328812414115 0.20204987903066779
3.7000000000000011 0.87856390208152091 0.73515037711490139 0.24038519405217090 0.27699011294180165 0.24038519405217187 0.27699011294180070 0.39779351397717688 0.18117015123131022
3.8000000000000007 0.68833586948205083 0.78482502194534143 0.21065121692830560 0.27646179244879415 0.21065121692830782 0.27646179244879471 0.26703343562544390 0.23190143704774402
3.9000000000000004 1.3305768231911932 0.85647423269299672 0.44020243537557097 0.25488109692343591 0.44020243537557413 0.25488109692343575 0.45017195244004476 0.34671203884613200
4.0000000000000000 1.3650208353713709 0.65932509502474235 0.44584982556807440 0.19502588201687698 0.44584982556807207 0.19502588201687712 0.47332118423521830 0.26927333099098916
4.1000000000000014 1.1836820735245837 0.56012872991370222 0.37430938187783086 0.16289320656893680 0.37430938187783019 0.16289320656893594 0.43506330976892305 0.23434231677582953
4.2000000000000011 1.2454947787069461 0.77051364296225899 0.41377558647375418 0.22041660603645674 0.41377558647375090 0.22041660603645602 0.41794360575943712 0.32968043088935922
4.3000000000000007 1.3649280549866454 1.2763211818941749 0.43324635976482628 0.40472695147647286 0.43324635976482534 0.40472695147647308 0.49843533545698793 0.46686727894123781
4.4000000000000004 1.3869311566218385 1.4110027171089046 0.42144067953063608 0.52460167348230735 0.42144067953064052 0.52460167348231024 0.54404979756056226 0.36179937014428909
4.5000000000000000 1.2523939736542755 1.0565804127793632 0.43026309598942680 0.38790350974280130 0.43026309598942775 0.38790350974280147 0.39186778167542669 0.28077339329376172
4.6000000000000014 1.6928646837449663 1.0565905199652645 0.61049664435463291 0.30701507489644342 0.61049664435463258 0.30701507489644120 0.47187139503570158 0.44256037017238237
4.7000000000000011 1.7114692327870187 1.5155103094969775 0.63385796780291304 0.48333636040326433 0.63385796780291481 0.48333636040326339 0.44375329718120554 0.54883758869045229
4.8000000000000007 1.1516450375499931 1.5546635705941405 0.40096413118019525 0.52183934454886205 0.40096413118020346 0.52183934454886172 0.34971677518959565 0.51098488149641830
4.9000000000000004 1.7560740050219661 1.1991730582005866 0.60762456539958765 0.38888168255680661 0.60762456539958143 0.38888168255680722 0.54082487422279368 0.42140969308697795
5.0000000000000000 2.2105122386537697 1.1725458746370427 0.85994893238573655 0.38342595378872968 0.85994893238573344 0.38342595378873284 0.49061437388229534 0.40569396705957717
5.1000000000000014 2.5728955650892735 1.4899793992157273 0.97127498068640072 0.51319843623747285 0.97127498068639684 0.51319843623747186 0.63034560371648729 0.46358252674078204
5.2000000000000011 2.7081463216526753 1.8888400223779607 1.0136819373268946 0.70354023589078429 1.0136819373268955 0.70354023589078230 0.68078244699889656 0.48175955059640241
5.3000000000000007 2.3940125697715495 1.9436157343405980 0.83784714931746507 0.77194303607674031 0.83784714931746718 0.77194303607674097 0.71831827113662550 0.39972966218711814
5.4000000000000004 1.5523021202087492 1.8894861279978428 0.55440499325293624 0.68105470330611162 0.55440499325293024 0.68105470330611484 0.44349213370288348 0.52737672138562020
5.5000000000000000 1.2282664446856784 2.0914731474710915 0.46721369859957851 0.72857757606935936 0.46721369859958028 0.72857757606936580 0.29383904748652118 0.63431799533237998
5.6000000000000014 2.0159115501477034 2.5603534794545775 0.75550625814797656 0.90853251786563560 0.75550625814798056 0.90853251786563405 0.50489903385174661 0.74328844372329639
5.7000000000000011 2.3103324323844037 2.1639926477820901 0.91159586666317405 0.73972121092349263 0.91159586666317383 0.73972121092349041 0.48714069905806268 0.68455022593510972
5.8000000000000007 2.3776462944339385 2.2149483115692377 0.94972407712084772 0.76135332545638390 0.94972407712084728 0.76135332545638323 0.47819814019223678 0.69224166065647164
5.9000000000000004 1.9657191678768113 1.4469053220860917 0.67783758540037364 0.55214450134864046 0.67783758540037409 0.55214450134864190 0.61004399707605872 0.34261631938881448
6.0000000000000000 1.9517142759446453 1.4255141409514056 0.62169343817024092 0.58103697886358752 0.62169343817023048 0.58103697886359196 0.70832739960418245 0.26344018322421997
6.1000000000000014 2.9703963751650573 2.0990580358709190 1.0596013745710207 0.84548385200174470 1.0596013745710251 0.84548385200174492 0.85119362602300974 0.40809033186743116
6.1999999999999993 2.7642363659152451 2.1161838306870959 1.0068218859505393 0.72264318567871744 1.0068218859505471 0.72264318567871944 0.75059259401416223 0.67089745932966005
6.3000000000000007 1.8481561426609054 2.2138372763233907 0.60060771853833728 0.69920148287005768 0.60060771853833628 0.69920148287005923 0.64694070558423966 0.81543431058327764
6.4000000000000021 2.3870475229353350 2.6813367883087760 0.82379251700950984 0.96818034627312843 0.82379251700950484 0.96818034627311789 0.73946248891632982 0.74497609576254264
6.5000000000000000 2.6524169323452038 2.6312555220002443 0.99908053161449972 0.91649339721927880 0.99908053161450128 0.91649339721927270 0.65425586911619960 0.79826872756167933
6.6000000000000014 1.7662952220338142 2.3468692092255203 0.67241711780556768 0.70386831384437065 0.67241711780556912 0.70386831384437409 0.42146098642268021 0.93913258153677825
6.6999999999999993 1.1118849249737872 1.7622545874494802 0.44608336805322596 0.59014248242285539 0.44608336805322568 0.59014248242285039 0.21971818886734090 0.58196962260377294
6.8000000000000007 1.3867004412438328 2.0814606171691961 0.46634854329335396 0.81350422166749681 0.46634854329334385 0.81350422166749115 0.45400335465713171 0.45445217383420983
6.9000000000000021 2.2407778923977344 2.4574360561338704 0.77633924792974107 0.93911332063667174 0.77633924792973930 0.93911332063668174 0.68809939653825036 0.57920941486051836
7.0000000000000000 2.0049171270276105 1.4848946917361270 0.71755746498994188 0.55993953397379348 0.71755746498994677 0.55993953397379248 0.56980219704772805 0.36501562378854430
7.1000000000000014 2.1448962290413491 1.1545351533307724 0.77901104731544346 0.43384742998547959 0.77901104731544868 0.43384742998547687 0.58687413441046121 0.28684029335981387
7.1999999999999993 3.3951012362127879 2.1409673364433264 1.1571417175418655 0.71624690839409966 1.1571417175418699 0.71624690839409910 1.0808178011290492 0.70847351965512784
7.3000000000000007 2.7728443170181745 2.1986088397307140 0.93644608994962086 0.80164572492860708 0.93644608994961187 0.80164572492860997 0.89995213711895061 0.59531738987350036
7.4000000000000021 1.4049139209662689 2.0924101092271501 0.44889382002761929 0.71221763421310713 0.44889382002762113 0.71221763421311290 0.50712628091102974 0.66797484080092762
7.5000000000000000 1.0194570205632396 2.8937580201131801 0.32873656633584969 0.97085847391688629 0.32873656633585202 0.97085847391688174 0.36198388789153768 0.95204107227940460
7.6000000000000014 1.5745465332150776 2.6562092187770387 0.56328178126781892 0.88721475163265051 0.56328178126782047 0.88721475163264729 0.44798297067943887 0.88177971551174317
7.6999999999999993 2.1983826436357732 1.5137787237662224 0.87707635421871311 0.48848231290801486 0.87707635421871699 0.48848231290801503 0.44422993519833986 0.53681409795019630
7.8000000000000007 2.0866166967143189 1.3302894796095266 0.80494607429098697 0.43537898445684170 0.80494607429098675 0.43537898445684292 0.47672454813235043 0.45953151069584586
7.9000000000000021 1.5892815049919553 1.6937950940721958 0.55676817650036470 0.62508415299387399 0.55676817650036248 0.62508415299387587 0.47574515199122958 0.44362678808444772
8.0000000000000000 1.6861860943019498 2.0899967173611915 0.65272924688021328 0.83142354335241753 0.65272924688021416 0.83142354335241297 0.38072760054151933 0.42714963065635603
8.1000000000000014 2.0121047119908706 1.7901011774042104 0.72889906371847335 0.67909269712869857 0.72889906371847391 0.67909269712869769 0.55430658455392112 0.43191578314681173
8.1999999999999993 1.5303913987004398 1.5494814826943286 0.37524768773555583 0.57074837106908904 0.37524768773555112 0.57074837106909015 0.77989602322933338 0.40798474055615130
8.3000000000000007 1.4657984239124260 1.9616195059307771 0.40770715221393428 0.76121392205674343 0.40770715221393244 0.76121392205674210 0.65038411948456243 0.43919166181728664
8.4000000000000021 1.7794324903765271 1.8047863417746113 0.72764310710282798 0.58257309487639097 0.72764310710282820 0.58257309487639342 0.32414627617087066 0.63964015202182789
8.5000000000000000 1.7304292184563512 1.4829164134655253 0.64335605065226731 0.33929320398186819 0.64335605065226487 0.33929320398187113 0.44371711715181766 0.80433000550179590
8.6000000000000014 2.0430282138792295 1.4258320868209560 0.72115211780849353 0.49491515994170016 0.72115211780849786 0.49491515994169810 0.60072397826224322 0.43600176693756038
8.6999999999999993 2.2082324241920488 1.7510179704814495 0.79106189702142027 0.69695872133845471 0.79106189702142382 0.69695872133845238 0.62610863014920215 0.35710052780454593
8.8000000000000007 1.0253787931846945 1.9608362440271931 0.38571741520356101 0.69589740867756511 0.38571741520355907 0.69589740867756245 0.25394396277757542 0.56904142667206403
8.9000000000000021 0.88996215699060810 2.3782790419910227 0.33059291250295514 0.84184082031915186 0.33059291250296108 0.84184082031915375 0.22877633198469166 0.69459740135271431
9.0000000000000000 1.3784798069313384 1.5352090950117128 0.51863380290444583 0.57007695802665825 0.51863380290444172 0.57007695802665970 0.34121220112245249 0.39505517895839609
9.1000000000000014 1.5975494441853251 0.64795947094742423 0.50991007389748111 0.24570544122672466 0.50991007389747678 0.24570544122672769 0.57772929639036219 0.15654858849397238
9.2000000000000028 1.9710333372373254 1.2971782888551511 0.64827885308122279 0.49052533220138916 0.64827885308122191 0.49052533220138939 0.67447563107487818 0.31612762445237247
9.3000000000000007 2.2246399571786939 1.4973185530187876 0.79067045771013722 0.50843727280782802 0.79067045771013611 0.50843727280782569 0.64329904175841557 0.48044400740313276
9.4000000000000021 1.8502191943185358 1.7999996415533515 0.63649660605460967 0.55153864982289269 0.63649660605460845 0.55153864982289358 0.57722598220932031 0.69692234190756774
9.5000000000000000 1.9391930095713066 2.1508604460979606 0.67447784264121635 0.76240806775520298 0.67447784264122301 0.76240806775519909 0.59023732428887266 0.62604431058756072
9.6000000000000014 2.2114775801564668 2.0245988099100112 0.79673287943385696 0.70663625261543661 0.79673287943386328 0.70663625261543572 0.61801182128874299 0.61132630467914029
9.7000000000000028 2.0951080945933445 1.8587533912531178 0.61580927718292122 0.66237983462499139 0.61580927718291156 0.66237983462499173 0.86348954022751789 0.53399372200313022
9.8000000000000007 1.7527749919001434 2.1951916094586204 0.52546030106858554 0.80206166286651193 0.52546030106857611 0.80206166286652003 0.70185438976298553 0.59106828372558862
9.9000000000000021 1.8013475947368804 2.1101307830740503 0.63785139936046065 0.65678252080439614 0.63785139936045798 0.65678252080440314 0.52564479601597158 0.79656574146526116
 @#dos of site           2 p(up) p(dn) px(up) px(dn) py(up) py(dn) pz(up) pz(dn)
-10.000000000000000 6.3738318875175492E-085 6.3738318875174841E-085 2.1246106291724353E-085 2.1246106291724350E-085 2.1246106291724318E-085 2.1246106291724630E-085 2.1246106291723941E-085 2.1246106291724455E-085
-9.9000000000000004 6.3738318875175492E-085 6.3738318875174841E-085 2.1246106291724353E-085 2.1246106291724350E-085 2.1246106291724318E-085 2.1246106291724630E-085 2.1246106291723941E-085 2.1246106291724455E-085
-9.8000000000000007 6.3738318875175492E-085 6.3738318875174841E-085 2.1246106291724353E-085 2.1246106291724350E-085 2.1246106291724318E-085 2.1246106291724630E-085 2.1246106291723941E-085 2.1246106291724455E-085
-9.6999999999999993 6.3738318875175492E-085 6.3738318875174841E-085 2.1246106291724353E-085 2.1246106291724350E-085 2.1246106291724318E-085 2.1246106291724630E-085 2.1246106291723941E-085 2.1246106291724455E-085
-9.5999999999999996 6.3738318875175492E-085 6.3738318875174841E-085 2.1246106291724353E-085 2.1246106291724350E-085 2.1246106291724318E-085 2.1246106291724630E-085 2.1246106291723941E-085 2.1246106291724455E-085
-9.5000000000000000 6.3738318875175492E-085 6.3738318875174841E-085 2.1246106291724353E-085 2.1246106291724350E-085 2.1246106291724318E-085 2.1246106291724630E-085 2.1246106291723941E-085 2.1246106291724455E-085
-9.4000000000000004 6.3738318875175492E-085 6.3738318875174841E-085 2.1246106291724353E-085 2.1246106291724350E-085 2.1246106291724318E-085 2.1246106291724630E-085 2.1246106291723941E-085 2.1246106291724455E-085
-9.3000000000000007 6.3738318875175492E-085 6.3738318875174841E-085 2.1246106291724353E-085 2.1246106291724350E-085 2.1246106291724318E-085 2.1246106291724630E-085 2.1246106291723941E-085 2.1246106291724455E-085
-9.1999999999999993 6.3738318875175492E-085 6.3738318875174841E-085 2.1246106291724353E-085 2.1246106291724350E-085 2.1246106291724318E-085 2.1246106291724630E-085 2.1246106291723941E-085 2.1246106291724455E-085
-9.0999999999999996 6.3738318875175492E-085 6.3738318875174841E-085 2.1246106291724353E-085 2.1246106291724350E-085 2.1246106291724318E-085 2.1246106291724630E-085 2.1246106291723941E-085 2.1246106291724455E-085
-9.0000000000000000 6.3738318875175492E-085 6.3738318875174841E-085 2.1246106291724353E-085 2.1246106291724350E-085 2.1246106291724318E-085 2.1246106291724630E-085 2.1246106291723941E-085 2.1246106291724455E-085
-8.9000000000000004 6.3738318875175492E-085 6.3738318875174841E-085 2.1246106291724353E-085 2.1246106291724350E-085 2.1246106291724318E-085 2.1246106291724630E-085 2.1246106291723941E-085 2.1246106291724455E-085
-8.8000000000000007 6.3738318875175492E-085 6.3738318875174841E-085 2.1246106291724353E-085 2.1246106291724350E-085 2.1246106291724318E-085 2.1246106291724630E-085 2.1246106291723941E-085 2.1246106291724455E-085
-8.6999999999999993 6.3738318875175492E-085 6.3738318875174841E-085 2.1246106291724353E-085 2.1246106291724350E-085 2.1246106291724318E-085 2.1246106291724630E-085 2.1246106291723941E-085 2.1246106291724455E-085
-8.5999999999999996 6.3738318875175492E-085 6.3738318875174841E-085 2.1246106291724353E-085 2.1246106291724350E-085 2.1246106291724318E-085 2.1246106291724630E-085 2.1246106291723941E-085 2.1246106291724455E-085
-8.5000000000000000 6.3738318875175492E-085 6.3738318875174841E-085 2.1246106291724353E-085 2.1246106291724350E-085 2.1246106291724318E-085 2.1246106291724630E-085 2.1246106291723941E-085 2.1246106291724455E-085
-8.4000000000000004 6.3738318875175492E-085 6.3738318875174841E-085 2.1246106291724353E-085 2.1246106291724350E-085 2.1246106291724318E-085 2.1246106291724630E-085 2.1246106291723941E-085 2.1246106291724455E-085
-8.3000000000000007 6.3738318875175492E-085 6.3738318875174841E-085 2.1246106291724353E-085 2.1246106291724350E-085 2.1246106291724318E-085 2.1246106291724630E-085 2.1246106291723941E-085 2.1246106291724455E-085
-8.1999999999999993 6.3738318875175492E-085 6.3738318875174841E-085 2.1246106291724353E-085 2.1246106291724350E-085 2.1246106291724318E-085 2.1246106291724630E-085 2.1246106291723941E-085 2.1246106291724455E-085
-8.0999999999999996 6.3738318875175492E-085 6.3738318875174841E-085 2.1246106291724353E-085 2.1246106291724350E-085 2.1246106291724318E-085 2.1246106291724630E-085 2.1246106291723941E-085 2.1246106291724455E-085
-8.0000000000000000 2.3865807205409676E-082 1.0113099241197510E-084 2.1280195787528536E-085 2.1246106291724350E-085 2.1280195787528593E-085 2.1246106291724630E-085 2.3823246813834667E-082 5.8638779828524730E-085
-7.9000000000000004 3.9597028688875053E-071 1.0130073127038712E-073 1.7062061184956444E-076 2.4214634443449627E-079 1.7062061185002887E-076 2.4214634443468354E-079 3.9596687447651367E-071 1.0130024697770068E-073
-7.7999999999999998 8.7372559581557650E-061 3.6399908270799763E-063 1.1312437973014193E-065 2.6645438994878700E-068 1.1312437973042792E-065 2.6645438994898537E-068 8.7370297093963031E-061 3.6399375362019863E-063
-7.6999999999999993 2.5571848725690274E-051 1.7348278856586542E-053 9.9481424128545420E-056 3.8889178173973501E-058 9.9481424128771450E-056 3.8889178173999691E-058 2.5569859097207702E-051 1.7347501073023062E-053
-7.5999999999999996 9.9278213868877852E-043 1.0967284450440145E-044 1.1603579431021639E-046 7.5283062349760071E-049 1.1603579431046189E-046 7.5283062349806486E-049 9.9255006710015765E-043 1.0965778789193149E-044
-7.5000000000000000 5.1137690510267849E-035 9.1978047667944005E-037 1.7952124787250304E-038 1.9330137542730850E-040 1.7952124787283690E-038 1.9330137542741682E-040 5.1101786260693309E-035 9.1939387392858530E-037
-7.4000000000000004 3.4969981227374311E-028 1.0237225401087616E-029 3.6842031283911575E-031 6.5835817195054196E-033 3.6842031283972759E-031 6.5835817195086369E-033 3.4896297164806426E-028 1.0224058237648601E-029
-7.2999999999999998 3.1807579146183901E-022 1.5139612987733317E-023 1.0031539113213436E-024 2.9747005355964695E-026 1.0031539113228019E-024 2.9747005355977759E-026 3.1606948363919487E-022 1.5080118977021376E-023
-7.1999999999999993 3.8696008089837107E-017 2.9858518259954770E-018 3.6263799296088517E-019 1.7839341107893354E-020 3.6263799296133203E-019 1.7839341107900050E-020 3.7970732103914894E-017 2.9501731437796837E-018
-7.0999999999999996 6.3995359554459355E-013 7.9397704917980072E-014 1.7439751859001744E-014 1.4219914547995569E-015 1.7439751859019493E-014 1.4219914548000050E-015 6.0507409182657234E-013 7.6553722008380503E-014
-7.0000000000000000 1.5043359166118300E-009 2.9384255123662460E-010 1.1227018400731153E-010 1.5134031280133727E-011 1.1227018400740057E-010 1.5134031280137592E-011 1.2797955485971179E-009 2.6357448867635328E-010
-6.9000000000000004 5.5861063585333982E-007 1.6440198957950697E-007 9.8578370388950253E-008 2.1806057448077039E-008 9.8578370389005337E-008 2.1806057448081281E-008 3.6145389507538434E-007 1.2078987468334871E-007
-6.7999999999999998 3.9331563857936084E-005 1.6461214642729724E-005 1.2463447213370652E-005 4.4331123974741673E-006 1.2463447213374535E-005 4.4331123974747814E-006 1.4404669431190892E-005 7.5949898477807766E-006
-6.6999999999999993 6.4404332168951049E-004 3.6933477375830886E-004 2.6187853565713280E-004 1.4245000126404341E-004 2.6187853565715568E-004 1.4245000126405491E-004 1.2028625037522165E-004 8.4434771230210417E-005
-6.5999999999999996 3.0787385066134592E-003 2.3087776591685411E-003 1.2802754054784403E-003 9.5278451505808714E-004 1.2802754054784186E-003 9.5278451505810850E-004 5.1818769565660375E-004 4.0320862905234413E-004
-6.5000000000000000 6.5136471046360047E-003 5.7283755804201980E-003 2.5697326197710304E-003 2.2768333790892372E-003 2.5697326197709688E-003 2.2768333790892208E-003 1.3741818650940070E-003 1.1747088222417296E-003
-6.4000000000000004 8.5955391285053601E-003 8.2514595433358061E-003 3.0548247266379354E-003 2.9362791276900842E-003 3.0548247266378990E-003 2.9362791276901267E-003 2.4858896752295236E-003 2.3789012879555996E-003
-6.2999999999999998 1.5405475014186615E-002 1.2413202368095315E-002 6.0581404725271182E-003 4.6016110756564345E-003 6.0581404725273602E-003 4.6016110756564909E-003 3.2891940691321319E-003 3.2099802167823979E-003
-6.1999999999999993 2.9801488030366054E-002 2.4808342459697243E-002 1.2418805398819684E-002 1.0179038978465156E-002 1.2418805398819725E-002 1.0179038978464923E-002 4.9638772327266177E-003 4.4502645027671766E-003
-6.0999999999999996 4.2122216086622942E-002 4.0747921576700666E-002 1.6418913589282585E-002 1.6225770008284110E-002 1.6418913589282446E-002 1.6225770008284228E-002 9.2843889080578314E-003 8.2963815601323453E-003
-6.0000000000000000 3.8194498355668551E-002 4.0103860243353280E-002 1.3671161745958588E-002 1.4325312994382292E-002 1.3671161745958622E-002 1.4325312994382574E-002 1.0852174863751337E-002 1.1453234254588366E-002
-5.8999999999999995 3.4682388416072470E-002 3.6160099486320096E-002 1.2987930993851727E-002 1.3070271472469811E-002 1.2987930993851666E-002 1.3070271472469608E-002 8.7065264283690217E-003 1.0019556541380767E-002
-5.7999999999999998 6.0149982023787178E-002 4.4795226669196282E-002 2.2596994587535675E-002 1.6702499821092672E-002 2.2596994587535755E-002 1.6702499821092186E-002 1.4955992848715811E-002 1.1390227027011491E-002
-5.7000000000000002 0.10682866442341668 8.8181223333350670E-002 4.0343488583185462E-002 3.2300639449568784E-002 4.0343488583185871E-002 3.2300639449568451E-002 2.6141687257045364E-002 2.3579944434213643E-002
-5.5999999999999996 0.12499299317888661 0.12627299347790716 5.1526080040469956E-002 4.9215225121170839E-002 5.1526080040469879E-002 4.9215225121171879E-002 2.1940833097946869E-002 2.7842543235564607E-002
-5.5000000000000000 9.1030534036711408E-002 0.10453681252335109 3.7069989389499472E-002 4.3816921576469429E-002 3.7069989389499472E-002 4.3816921576469457E-002 1.6890555257712467E-002 1.6902969370412180E-002
-5.3999999999999995 0.12140070586121131 9.4479305970731411E-002 4.3464662285010447E-002 3.5149810073662628E-002 4.3464662285009822E-002 3.5149810073662163E-002 3.4471381291191178E-002 2.4179685823406849E-002
-5.2999999999999998 0.18178206086823878 0.15637543576601012 6.6935242112870330E-002 5.4561786129128799E-002 6.6935242112870205E-002 5.4561786129128591E-002 4.7911576642498607E-002 4.7251863507752630E-002
-5.1999999999999993 0.15897959870077757 0.18850703390519552 6.1261183769116725E-002 7.0394774761407083E-002 6.1261183769116954E-002 7.0394774761407652E-002 3.6457231162544262E-002 4.7717484382381138E-002
-5.0999999999999996 0.14674673167697611 0.14254773689452521 5.6815790887308877E-002 5.4696463712587545E-002 5.6815790887309030E-002 5.4696463712587358E-002 3.3115149902357859E-002 3.3154809469350122E-002
-5.0000000000000000 0.23134551191468608 0.16121272592904456 8.8476003329647571E-002 6.1909631527277631E-002 8.8476003329647987E-002 6.1909631527277312E-002 5.4393505255391689E-002 3.7393462874489872E-002
-4.8999999999999995 0.34857078616282461 0.26583738354973613 0.13799649358236621 9.9911744724557924E-002 0.13799649358236687 9.9911744724557564E-002 7.2577798998091830E-002 6.6013894100620793E-002
-4.7999999999999998 0.28009798146174264 0.35503065694295327 0.11561091744809654 0.13805680359938419 0.11561091744809635 0.13805680359938477 4.8876146565549727E-002 7.8917049744182802E-002
-4.6999999999999993 0.26976508836579616 0.25204279830396303 0.10889406038951925 0.10374035182727853 0.10889406038951920 0.10374035182727920 5.1976967586757780E-002 4.4562094649405297E-002
-4.5999999999999996 0.42422283210325046 0.27443050147108661 0.16722551754434933 0.11100086784591032 0.16722551754434967 0.11100086784591121 8.9771797014553206E-002 5.2428765779265564E-002
-4.5000000000000000 0.34801129752898352 0.44340869548800332 0.13415150385194707 0.17163746889440129 0.13415150385194660 0.17163746889440010 7.9708289825091150E-002 0.10013375769920041
-4.3999999999999995 0.25010168168667873 0.35433259701645864 0.10013441254163413 0.13259838846536245 0.10013441254163416 0.13259838846536140 4.9832856603410719E-002 8.9135820085735271E-002
-4.2999999999999998 0.45894452573817796 0.23870444067595376 0.19516802405847944 9.3833221058958069E-002 0.19516802405848063 9.3833221058958360E-002 6.8608477621214928E-002 5.1037998558037853E-002
-4.1999999999999993 0.70469719444146639 0.36425205021239715 0.30647072373483547 0.15238412669915535 0.30647072373483569 0.15238412669915632 9.1755746971800514E-002 5.9483796814084951E-002
-4.0999999999999996 0.55975493377263819 0.66604606677528677 0.24350604532114334 0.28185908766629447 0.24350604532114289 0.28185908766629630 7.2742843130353840E-002 0.10232789144269618
-4.0000000000000000 0.38757229133012899 0.63377335110255595 0.17139086872107748 0.26844600024777671 0.17139086872107759 0.26844600024777671 4.4790553887972283E-002 9.6881350607002259E-002
-3.8999999999999995 0.65505006277977007 0.42955731236942757 0.29832181803136226 0.18296362386082757 0.29832181803136160 0.18296362386082510 5.8406426717044359E-002 6.3630064647776680E-002
-3.7999999999999998 0.61581715765202827 0.47979551503762857 0.28190874932064997 0.20760392026500191 0.28190874932064969 0.20760392026500155 5.1999659010726798E-002 6.4587674507626314E-002
-3.6999999999999993 0.57321588905559662 0.62279569384120481 0.26179462043107377 0.26244943270663396 0.26179462043107365 0.26244943270663534 4.9626648193451549E-002 9.7896828427933028E-002
-3.5999999999999996 0.78239665288239446 0.52520037405891573 0.35585701181655521 0.22432245789327820 0.35585701181655444 0.22432245789327801 7.0682629249283480E-002 7.6555458272361418E-002
-3.5000000000000000 0.92679357437997378 0.63048280369732246 0.42886194415861090 0.28577946793686126 0.42886194415860918 0.28577946793686110 6.9069686062759525E-002 5.8923867823601934E-002
-3.3999999999999995 0.97761028105273418 0.83164833606848521 0.43649354030747306 0.37938006224341381 0.43649354030747395 0.37938006224341381 0.10462320043779318 7.2888211581657730E-002
-3.2999999999999998 0.93145245247962771 0.59203965413787674 0.38308499820827785 0.26869135131468969 0.38308499820827724 0.26869135131468896 0.16528245606307446 5.4656951508495380E-002
-3.1999999999999993 0.95730810883371309 0.69878221416667718 0.38276091390710876 0.30902542491938517 0.38276091390710965 0.30902542491938523 0.19178628101949641 8.0731364327905064E-002
-3.0999999999999996 1.3754712997693139 1.0645825866870602 0.51680887524925911 0.47607738885260631 0.51680887524925734 0.47607738885260570 0.34185354927077949 0.11242780898185439
-3.0000000000000000 1.6082309403668036 0.95570873702615455 0.45078321353757139 0.41888054173575695 0.45078321353757100 0.41888054173575628 0.70666451329166302 0.11794765355464891
-2.8999999999999995 1.7705360119132842 0.89327689878127270 0.35004704429044914 0.36672938583518849 0.35004704429044864 0.36672938583518883 1.0704419233323965 0.15981812711090018
-2.7999999999999998 2.1628010940772278 1.3291898111508862 0.43839079873125536 0.50940124687090105 0.43839079873125564 0.50940124687090016 1.2860194966146976 0.31038731740908559
-2.6999999999999993 1.9058753812156410 1.6186518518199275 0.40118860224621111 0.43368095583042043 0.40118860224621183 0.43368095583042093 1.1034981767232173 0.75128994015908723
-2.5999999999999996 1.3472190787667970 2.1838723651121077 0.34391229573038340 0.43767109644166585 0.34391229573038357 0.43767109644166557 0.65939448730603023 1.3085301722287765
-2.5000000000000000 1.5555231634579596 2.3724773346702586 0.39862882980007475 0.43600679322615549 0.39862882980007530 0.43600679322615526 0.75826550385782021 1.5004637482179315
-2.3999999999999995 1.4479854719131684 1.8994717997828972 0.39164672382441984 0.35324244101935193 0.39164672382441940 0.35324244101934998 0.66469202426433927 1.1929869177441816
-2.2999999999999998 1.0999911618980003 1.5473114804947401 0.35615757961291661 0.33829106067162912 0.35615757961291711 0.33829106067162801 0.38767600267217406 0.87072935915147531
-2.1999999999999993 1.1954702653276403 1.4654007112683396 0.44605503225696413 0.36043171361334697 0.44605503225696175 0.36043171361334664 0.30336020081373033 0.74453728404163610
-2.0999999999999996 1.5794162318417251 1.5279820159650823 0.61935481538699122 0.42175904205855380 0.61935481538699078 0.42175904205855408 0.34070660106774081 0.68446393184798793
-2.0000000000000000 1.7747015400797548 1.2995304019362017 0.67915988565570906 0.39630163879451658 0.67915988565570828 0.39630163879451596 0.41638176876834876 0.50692712434716802
-1.9000000000000004 1.3236322990570140 0.94976397362614029 0.47974863785710165 0.34038570477690383 0.47974863785710170 0.34038570477690627 0.36413502334281572 0.26899256407232497
-1.7999999999999989 1.0014373282524562 0.98026647769968644 0.33764585026129501 0.35248933783773578 0.33764585026129629 0.35248933783773645 0.32614562772987482 0.27528780202421166
-1.6999999999999993 1.2916742060940050 1.4297152536662590 0.48607177146190716 0.55077526841379887 0.48607177146190711 0.55077526841379643 0.31953066317018047 0.32816471683866022
-1.5999999999999996 1.4237980643805079 1.7650319826552234 0.52138465971829639 0.66967750210598720 0.52138465971829751 0.66967750210599009 0.38102874494390931 0.42567697844325986
-1.5000000000000000 1.2460504904314451 1.4332015542595733 0.42122892971839943 0.55064496513306027 0.42122892971839793 0.55064496513306338 0.40359263099466641 0.33191162399344409
-1.4000000000000004 1.2130496231008723 0.92849081192154981 0.43873333449775775 0.37822038520787343 0.43873333449775853 0.37822038520787238 0.33558295410537703 0.17205004150581377
-1.2999999999999989 1.3078524853085634 0.90342513127886248 0.50506652657177242 0.36466516111882191 0.50506652657177098 0.36466516111882125 0.29771943216501823 0.17409480904121691
-1.1999999999999993 1.3987054038437674 1.3378240872588967 0.52401051661486120 0.52495109576526333 0.52401051661486053 0.52495109576526600 0.35068437061403124 0.28792189572838001
-1.0999999999999996 1.6149332092701558 1.4178062028415774 0.58660190940053891 0.55997130227222680 0.58660190940053469 0.55997130227222747 0.44172939046908233 0.29786359829713249
-1.0000000000000000 1.4283240974293729 1.5578054770889784 0.52899160265958634 0.64641249823220159 0.52899160265958756 0.64641249823220248 0.37034089211019094 0.26498048062457724
-0.90000000000000036 1.4497042543959660 2.0012257850712043 0.52784098344607244 0.85041067901369671 0.52784098344607744 0.85041067901369383 0.39402228750383606 0.30040442704382653
-0.79999999999999893 1.4643923710818798 1.7969299585501897 0.47484380329689585 0.73510172344865976 0.47484380329689668 0.73510172344865854 0.51470476448810232 0.32672651165287636
-0.69999999999999929 1.5290403229706655 1.3686001697820114 0.48441132092073380 0.51058268453616873 0.48441132092073397 0.51058268453616951 0.56021768112921055 0.34743480070967014
-0.59999999999999964 1.9915721864563602 1.1939048605397815 0.64321201991515498 0.46799905704124067 0.64321201991515498 0.46799905704123990 0.70514814662603176 0.25790674645730804
-0.50000000000000000 1.9021698148683639 1.1962616234708956 0.59581762183308717 0.46991641285491981 0.59581762183308606 0.46991641285491825 0.71053457120218699 0.25642879776106020
-0.39999999999999858 2.0158063875206742 1.4577405628429196 0.61049063282560201 0.55003338991372486 0.61049063282560256 0.55003338991372830 0.79482512186947074 0.35767378301548441
-0.29999999999999893 2.3653064574014775 1.4267832375257425 0.73621930712680905 0.50714936542435196 0.73621930712680572 0.50714936542435385 0.89286784314787360 0.41248450667704933
-0.19999999999999929 2.7205141533178172 1.3053970006990576 0.91561378980792529 0.50051044489355923 0.91561378980792962 0.50051044489355845 0.88928657370194919 0.30437611091195432
-9.9999999999999645E-002 2.8509028018329019 1.4619626825362981 0.99699285601902754 0.61559481255193382 0.99699285601902843 0.61559481255193271 0.85691708979486669 0.23077305743243812
0.0000000000000000 2.6959205183268637 1.5299248754264878 0.98738046559471482 0.55339360997679377 0.98738046559471093 0.55339360997679543 0.72115958713745432 0.42313765547291243
0.10000000000000142 2.4189029765714727 1.8247379476434660 0.87171787125965006 0.57521050432507248 0.87171787125964406 0.57521050432507348 0.67546723405219100 0.67431693899334144
0.20000000000000107 1.8446283069965423 1.4281515952897719 0.56498841418882906 0.44342849094860748 0.56498841418883405 0.44342849094860520 0.71465147861889788 0.54129461339256757
0.30000000000000071 1.8516111729333637 1.5000646458485614 0.56769074231716898 0.47245175071087203 0.56769074231716876 0.47245175071087064 0.71622968829903477 0.55516114442679831
0.40000000000000036 1.6929345863845857 1.6852371143931131 0.47090862623328844 0.52198896761052860 0.47090862623328839 0.52198896761052971 0.75111733391798918 0.64125917917203379
0.50000000000000000 1.7752729827587672 1.9799034462630549 0.52658805623939831 0.57605238596637887 0.52658805623939720 0.57605238596638386 0.72209687027996627 0.82779867433030296
0.60000000000000142 1.5508207582242290 1.9420489852829150 0.43047022892887321 0.56208069127491977 0.43047022892887371 0.56208069127491689 0.68988030036648751 0.81788760273310745
0.70000000000000107 1.3407750317559481 2.1453503863966339 0.34325460236085265 0.74079277994691761 0.34325460236085398 0.74079277994691417 0.65426582703425229 0.66376482650279667
0.80000000000000071 1.2452333665696695 2.8192989800988211 0.39886912836658628 1.1004552635805485 0.39886912836658611 1.1004552635805473 0.44749510983649854 0.61838845293770850
0.90000000000000036 1.4108780202816991 3.0883261305637921 0.44896814527000828 1.2274484045809646 0.44896814527000750 1.2274484045809622 0.51294172974168417 0.63342932140190089
1.0000000000000000 1.3050512123195961 3.1942960674556717 0.35928311187102541 1.2390636135547599 0.35928311187102507 1.2390636135547692 0.58648498857753273 0.71616884034610373
1.1000000000000014 1.1314106352151383 3.2416861417901881 0.36609046701654324 1.1816298918642889 0.36609046701654180 1.1816298918642905 0.39922970118205542 0.87842635806164626
1.2000000000000011 1.0488077370078872 3.0876227261184734 0.33940319346788478 1.0275460917408248 0.33940319346788483 1.0275460917408228 0.37000135007211982 1.0325305426368618
1.3000000000000007 1.1358640625664722 2.8975372258665764 0.37864575590760585 0.90932687699841108 0.37864575590760557 0.90932687699840997 0.37857255075126534 1.0788834718697653
1.4000000000000004 0.87643185088771358 2.8498935493780517 0.26898313427175702 0.82425031070641563 0.26898313427175763 0.82425031070641563 0.33846558234419560 1.2013929279652302
1.5000000000000000 0.79236337368067133 2.5664739922041129 0.26670112375524846 0.62745451784040007 0.26670112375524718 0.62745451784040118 0.25896112617017891 1.3115649565233463
1.6000000000000014 0.75613505142197990 2.1376044560572081 0.24479318707971282 0.47217613502539785 0.24479318707971245 0.47217613502539801 0.26654867726256254 1.1932521860064251
1.7000000000000011 0.63277180335827143 1.8638659252024325 0.17943613409864070 0.48825139713688659 0.17943613409864206 0.48825139713688526 0.27389953516099014 0.88736313092867181
1.8000000000000007 0.62396523620850508 1.5374313075319457 0.18503335517778716 0.35374377420533021 0.18503335517778749 0.35374377420533276 0.25389852585293010 0.82994375912128082
1.9000000000000004 0.73762274828073038 1.5911305065508634 0.23053332470450352 0.33180202789243607 0.23053332470450416 0.33180202789243646 0.27655609887172738 0.92752645076598439
2.0000000000000000 0.65044694370597622 1.4490870799784998 0.20102295933298478 0.28011531536146339 0.20102295933298475 0.28011531536146433 0.24840102504000239 0.88885644925555740
2.1000000000000014 0.49730730014481805 1.5089168051947366 0.14826480151905169 0.31044119995532826 0.14826480151905214 0.31044119995532637 0.20077769710671053 0.88803440528410205
2.2000000000000011 0.59251640436953901 1.5552848848143264 0.18921922598625285 0.41047906686001651 0.18921922598625249 0.41047906686001501 0.21407795239703650 0.73432675109431100
2.3000000000000007 0.68971197257993322 1.0402576092603786 0.23486153225593270 0.28910386567666585 0.23486153225593212 0.28910386567666391 0.21998890806805615 0.46204987790703994
2.4000000000000004 0.64524208668122018 0.67424572790110426 0.20567593967744840 0.19548782284409663 0.20567593967744982 0.19548782284409724 0.23389020732631546 0.28327008221291033
2.5000000000000000 0.78585809434897691 0.70436563551709286 0.23049061436341267 0.18107293922430470 0.23049061436341214 0.18107293922430681 0.32487686562215318 0.34221975706848062
2.6000000000000014 0.90383912563176216 0.98310972264975327 0.27675591954450557 0.27718725343809214 0.27675591954450274 0.27718725343809131 0.35032728654275913 0.42873521577356255
2.7000000000000011 0.78628223100459604 0.80941493106057161 0.29011104154245643 0.26581115102689840 0.29011104154245676 0.26581115102689895 0.20606014791968458 0.27779262900677337
2.8000000000000007 0.95217295464138441 0.47105040897866396 0.43320919309171718 0.13872368129556165 0.43320919309171885 0.13872368129556109 8.5754568457951583E-002 0.19360304638753634
2.9000000000000004 0.90598160200673417 0.44669531752569586 0.38877096182760162 0.11516860416202664 0.38877096182760162 0.11516860416202614 0.12843967835152720 0.21635810920164014
3.0000000000000000 0.78359934840814061 0.67532321488235625 0.28240712404014906 0.21910393522313515 0.28240712404014962 0.21910393522313601 0.21878510032784051 0.23711534443608354
3.1000000000000014 0.59225560853009629 0.49009643254854918 0.20550617763831686 0.17373634405609778 0.20550617763831769 0.17373634405609800 0.18124325325345833 0.14262374443636247
3.2000000000000011 0.47780920401558047 0.30802233386557132 0.16083392875176517 8.5013383994012162E-002 0.16083392875176683 8.5013383994012162E-002 0.15614134651205150 0.13799556587755177
3.3000000000000007 0.97168378940914235 0.40029735136798722 0.35889818953477859 9.9947328765749424E-002 0.35889818953477598 9.9947328765749147E-002 0.25388741033958784 0.20040269383649364
3.4000000000000004 1.6601004168881863 0.45091021792695196 0.69428488897957197 0.12905562847391752 0.69428488897957097 0.12905562847391738 0.27153063892904539 0.19279896097912477
3.5000000000000000 1.4855320815203972 0.43642910472006308 0.59549418189176140 0.13467013806695807 0.59549418189176562 0.13467013806695685 0.29454371773686483 0.16708882858614776
3.6000000000000014 1.2056009809131474 0.48854907215254972 0.45336035091503879 0.15456775040213969 0.45336035091503935 0.15456775040213896 0.29888027908306869 0.17941357134827524
3.7000000000000011 0.99495731024656442 0.52990320287610937 0.35026403339999268 0.19320515609650618 0.35026403339999407 0.19320515609650568 0.29442924344658111 0.14349289068310550
3.8000000000000007 0.74904676165649420 0.58009336093391384 0.29590251106275833 0.20283914202590589 0.29590251106276017 0.20283914202590558 0.15724173953097953 0.17441507688210522
3.9000000000000004 1.1850795575037107 0.62696457271414086 0.41081920851237252 0.18212555410480219 0.41081920851237325 0.18212555410480197 0.36344114047896342 0.26271346450453542
4.0000000000000000 1.1488442151310612 0.46034644488936666 0.34925622017420188 0.14227465046181931 0.34925622017419933 0.14227465046181928 0.45033177478265468 0.17579714396572860
4.1000000000000014 1.0882516003399403 0.44947950943290521 0.36996017626083261 0.16535354209998712 0.36996017626083255 0.16535354209998665 0.34833124781827651 0.11877242523293000
4.2000000000000011 1.1698634479271242 0.64214632311287179 0.39891695476624067 0.22485590413217257 0.39891695476623990 0.22485590413217177 0.37202953839464620 0.19243451484852278
4.3000000000000007 1.1237123081194365 1.1208464495638963 0.33511725290362054 0.40387113042537409 0.33511725290361860 0.40387113042537442 0.45347780231219792 0.31310418871314794
4.4000000000000004 1.0600540202503170 1.2968270122445811 0.28592531066046578 0.53171678907729192 0.28592531066046772 0.53171678907729558 0.48820339892938558 0.23339343408999927
4.5000000000000000 0.98636394734382671 0.92879816226061451 0.28865120469267763 0.36934287660740345 0.28865120469267852 0.36934287660740289 0.40906153795846834 0.19011240904580762
4.6000000000000014 1.3187552584114639 0.82794377119525153 0.40826329781512732 0.24493867724324936 0.40826329781512621 0.24493867724324733 0.50222866278121725 0.33806641670875753
4.7000000000000011 1.2739545996793475 1.1053986289487789 0.39284426795510335 0.34693441653794543 0.39284426795510302 0.34693441653794527 0.48826606376913934 0.41152979587288885
4.8000000000000007 0.80930597491354528 1.0966443974034632 0.23382541630785889 0.34171795086686257 0.23382541630786097 0.34171795086686207 0.34165514229782612 0.41320849566973400
4.9000000000000004 1.1240204059873624 0.88308378289590472 0.34407949623271233 0.25776189752501166 0.34407949623271056 0.25776189752501322 0.43586141352194124 0.36755998784588167
5.0000000000000000 1.2086311900406326 0.82406408732118508 0.35570495872462776 0.23582319655371223 0.35570495872462976 0.23582319655371259 0.49722127259137561 0.35241769421376223
5.1000000000000014 1.5924505288432953 0.94938243491793206 0.45809839260491692 0.28068560180708790 0.45809839260491675 0.28068560180708824 0.67625374363346313 0.38801123130375570
5.2000000000000011 1.7635864201364801 1.1226974137903383 0.53622866133701963 0.35236012677619793 0.53622866133701885 0.35236012677619727 0.69112909746243334 0.41797716023794340
5.3000000000000007 1.6014585242451118 1.0407202201099643 0.43067226148584037 0.35268673963754799 0.43067226148584198 0.35268673963754749 0.74011400127343030 0.33534674083486876
5.4000000000000004 1.0068003077891212 1.1429547298617468 0.27417406028438474 0.35985222777699150 0.27417406028438296 0.35985222777699233 0.45845218722034642 0.42325027430776435
5.5000000000000000 0.79916190098544870 1.3462265566974518 0.24003075976022600 0.40285343431759907 0.24003075976022600 0.40285343431760184 0.31910038146499153 0.54051968806226203
5.6000000000000014 1.3844596899870607 1.6521706756787602 0.42459093466256398 0.50586850282500584 0.42459093466256387 0.50586850282500417 0.53527782066192686 0.64043367002874840
5.7000000000000011 1.5769899888478418 1.4375361553314492 0.52612235605708102 0.41600280055176353 0.52612235605708080 0.41600280055176220 0.52474527673369153 0.60553055422792590
5.8000000000000007 1.6311486947716907 1.4797755022492418 0.55845368417497732 0.43195024850789487 0.55845368417497676 0.43195024850789626 0.51424132642173703 0.61587500523345229
5.9000000000000004 1.4193136836493696 0.94637563181898277 0.41159319414710854 0.32001391950623981 0.41159319414710854 0.32001391950624042 0.59612729535514686 0.30634779280650065
6.0000000000000000 1.4351495197603032 0.91989035498206229 0.41370654314966182 0.32959986372944816 0.41370654314965755 0.32959986372944811 0.60773643346098483 0.26069062752316408
6.1000000000000014 2.0906963231096247 1.3272238775439380 0.66593782309073724 0.45088334046842488 0.66593782309074134 0.45088334046842382 0.75882067692814614 0.42545719660709175
6.1999999999999993 1.9090529803062906 1.4268846333110117 0.59666682886770195 0.39696904851083642 0.59666682886770672 0.39696904851083831 0.71571932257087134 0.63294653628933706
6.3000000000000007 1.3269716734565651 1.5353648908605071 0.34005037978796093 0.40892243298208225 0.34005037978796265 0.40892243298208364 0.64687091388063289 0.71752002489634692
6.4000000000000021 1.6709929961675083 1.8458128678276038 0.45451603395135498 0.62788855372564178 0.45451603395135398 0.62788855372563734 0.76196092826479600 0.59003576037632510
6.5000000000000000 1.8257601374028325 1.8744309232283296 0.57570490237042959 0.62780629290152767 0.57570490237042982 0.62780629290152357 0.67435033266197564 0.61881833742528081
6.6000000000000014 1.2171773249112312 1.7037691072378991 0.39752935905043069 0.43401647124838577 0.39752935905043124 0.43401647124838821 0.42211860681037461 0.83573616474113688
6.6999999999999993 0.72056783354005915 1.2043879457116313 0.24368846547503842 0.33706379511646661 0.24368846547503739 0.33706379511646278 0.23319090258998482 0.53026035547870132
6.8000000000000007 0.96406705053697783 1.3314470192945962 0.25977895326513883 0.45357779211452603 0.25977895326513273 0.45357779211452215 0.44450914400670921 0.42429143506555028
6.9000000000000021 1.5743073114533273 1.6016883618464233 0.46124819560826902 0.51659261309668991 0.46124819560826780 0.51659261309669535 0.65181092023678100 0.56850313565303123
7.0000000000000000 1.4118306989727862 0.98458507779686022 0.44376600343496092 0.32207103995488140 0.44376600343496309 0.32207103995488340 0.52429869210286861 0.34044299788709764
7.1000000000000014 1.4844077288562882 0.73280598064428326 0.47775545364970734 0.22301773652150553 0.47775545364970973 0.22301773652150456 0.52889682155686868 0.28677050760127221
7.1999999999999993 2.4037120382733153 1.4589267781603690 0.71794855569467053 0.40670538111677551 0.71794855569467564 0.40670538111677607 0.96781492688397119 0.64551601592682228
7.3000000000000007 1.9146024832153370 1.4856834352662003 0.53888085159847565 0.48396727758975006 0.53888085159847432 0.48396727758975111 0.83684078001838280 0.51774888008669595
7.4000000000000021 0.92467705027049252 1.4233985574562076 0.20543869757759700 0.41783018996994659 0.20543869757759828 0.41783018996994720 0.51379965511530157 0.58773817751630864
7.5000000000000000 0.70336736163101776 1.9907402683359603 0.18143065372027214 0.59172817540923783 0.18143065372027350 0.59172817540923417 0.34050605419047558 0.80728391751749351
7.6000000000000014 1.0731302561415383 1.8288221437974517 0.33722193794337030 0.55182769738850856 0.33722193794337274 0.55182769738850967 0.39868638025479342 0.72516674902043154
7.6999999999999993 1.4676483866796262 0.98605806208540614 0.53573916973314883 0.24909355097662408 0.53573916973314983 0.24909355097662533 0.39617004721332799 0.48787096013215747
7.8000000000000007 1.3765008321056398 0.87144294988886861 0.48330849175427743 0.22578496307275819 0.48330849175427437 0.22578496307275925 0.40988384859708887 0.41987302374334895
7.9000000000000021 1.0524957448367305 1.1426254632344335 0.30963639840339435 0.38066470861653667 0.30963639840339313 0.38066470861653917 0.43322294802994393 0.38129604600135997
8.0000000000000000 1.0998987966038603 1.3624077970305668 0.37661387829469339 0.49434682663988250 0.37661387829469539 0.49434682663987950 0.34667104001446819 0.37371414375080114
8.1000000000000014 1.3049991633475861 1.1391112786677835 0.39790282524727327 0.38492834496027761 0.39790282524727494 0.38492834496027684 0.50919351285303238 0.36925458874723166
8.1999999999999993 1.0571623172576667 0.98836427497577195 0.17589839368005911 0.31599593134981224 0.17589839368005489 0.31599593134981308 0.70536552989755419 0.35637241227614702
8.3000000000000007 0.99407636282693101 1.2437090985740733 0.20385308994093851 0.43233902592508860 0.20385308994093709 0.43233902592508699 0.58637018294505738 0.37903104672389826
8.4000000000000021 1.1237210923248808 1.1742922373129532 0.42416366933863192 0.30619439144343047 0.42416366933863242 0.30619439144343052 0.27539375364762358 0.56190345442609346
8.5000000000000000 1.1099188572194825 1.0151048014407122 0.36997654566002053 0.15300014791931330 0.36997654566001908 0.15300014791931468 0.36996576589943841 0.70910450560208138
8.6000000000000014 1.3817109137822825 0.91388894060864101 0.42567660881970237 0.26679911752068058 0.42567660881970493 0.26679911752068153 0.53035769614288120 0.38029070556728051
8.6999999999999993 1.5901933734312752 1.0963666752242602 0.50437904864393468 0.41157250776661752 0.50437904864393890 0.41157250776661752 0.58143527614340174 0.27322165969102946
8.8000000000000007 0.79691945340660031 1.2278365828023763 0.26145436493509344 0.38178033389611798 0.26145436493509189 0.38178033389611504 0.27401072353641609 0.46427591501014875
8.9000000000000021 0.73586159368291670 1.5634852484146831 0.23236745449001364 0.48392604509687226 0.23236745449001631 0.48392604509687431 0.27112668470288498 0.59563315822094653
9.0000000000000000 1.0991591194634829 1.1170725476671937 0.35475526644102273 0.36298766258351678 0.35475526644102146 0.36298766258351756 0.38964858658144030 0.39109722250016049
9.1000000000000014 1.1969558146623120 0.53663185715927664 0.29267259547637592 0.17117495742801725 0.29267259547637181 0.17117495742801769 0.61161062370956309 0.19428194230324369
9.2000000000000028 1.2699390996429241 0.98599382607395436 0.32924553857534072 0.32187714148844893 0.32924553857533917 0.32187714148844865 0.61144802249224273 0.34223954309705595
9.3000000000000007 1.3531777678912174 1.1225347158862566 0.40191807761230486 0.31758720682873581 0.40191807761230353 0.31758720682873415 0.54934161266661197 0.48736030222879217
9.4000000000000021 1.1638064671765840 1.2240281631170711 0.33037874688234498 0.28282794616903845 0.33037874688234542 0.28282794616903772 0.50304897341188948 0.65837227077899663
9.5000000000000000 1.2621151329204614 1.2959700588619496 0.37343711209954900 0.37831077168575400 0.37343711209955527 0.37831077168575106 0.51524090872136696 0.53934851549044283
9.6000000000000014 1.4544093499862907 1.2172586484207424 0.47321991830037219 0.34751958489913432 0.47321991830037718 0.34751958489913398 0.50796951338554386 0.52221947862247764
9.7000000000000028 1.3889231204476307 1.1630199855417922 0.35915981693790822 0.35217225630298188 0.35915981693790083 0.35217225630298388 0.67060348657181390 0.45867547293582461
9.8000000000000007 1.1362568126183785 1.4411967720625154 0.27807986536776713 0.47791895109318738 0.27807986536776014 0.47791895109319144 0.58009708188285158 0.48535886987614280
9.9000000000000021 1.1495965257563019 1.3962321391193129 0.35570460492830813 0.38958108160109528 0.35570460492830658 0.38958108160110083 0.43818731589968168 0.61706997591712154
 @# EF
   3.150   0.000
   3.150  10.000
