 @#dos of site           1 s(up) s(dn)
-10.000000000000000 2.1246106291724473E-085 2.1246106291724375E-085
-9.9000000000000004 2.1246106291724473E-085 2.1246106291724375E-085
-9.8000000000000007 2.1246106291724473E-085 2.1246106291724375E-085
-9.6999999999999993 2.1246106291724473E-085 2.1246106291724375E-085
-9.5999999999999996 2.1246106291724473E-085 2.1246106291724375E-085
-9.5000000000000000 2.1246106291724473E-085 2.1246106291724375E-085
-9.4000000000000004 2.1246106291724473E-085 2.1246106291724375E-085
-9.3000000000000007 2.1246106291724473E-085 2.1246106291724375E-085
-9.1999999999999993 2.1246106291724473E-085 2.1246106291724375E-085
-9.0999999999999996 2.1246106291724473E-085 2.1246106291724375E-085
-9.0000000000000000 2.1246106291724473E-085 2.1246106291724375E-085
-8.9000000000000004 2.1246106291724473E-085 2.1246106291724375E-085
-8.8000000000000007 2.1246106291724473E-085 2.1246106291724375E-085
-8.6999999999999993 2.1246106291724473E-085 2.1246106291724375E-085
-8.5999999999999996 2.1246106291724473E-085 2.1246106291724375E-085
-8.5000000000000000 2.1246106291724473E-085 2.1246106291724375E-085
-8.4000000000000004 2.1246106291724473E-085 2.1246106291724375E-085
-8.3000000000000007 2.1246106291724473E-085 2.1246106291724375E-085
-8.1999999999999993 2.1246106291724473E-085 2.1246106291724375E-085
-8.0999999999999996 5.3678800208981899E-085 2.1286067022159761E-085
-8.0000000000000000 1.3174207574128904E-073 2.7752881258304301E-076
-7.9000000000000004 7.0973255404198346E-063 2.4153985621529580E-065
-7.7999999999999998 5.0713796113307932E-053 2.7882404506145386E-055
-7.6999999999999993 4.8064235223447670E-044 4.2690842084316032E-046
-7.5999999999999996 6.0421683742064955E-036 8.6698127664352507E-038
-7.5000000000000000 1.0075588947450049E-028 2.3354916341246419E-030
-7.4000000000000004 2.2292234369147914E-022 8.3466543283845261E-024
-7.2999999999999998 6.5485819237229590E-017 3.9594599898809621E-018
-7.1999999999999993 2.5597313844943040E-012 2.4971598000688221E-013
-7.0999999999999996 1.3403452581083618E-008 2.1043520771414870E-009
-7.0000000000000000 9.6008319213704724E-006 2.4068714154601989E-006
-6.9000000000000004 1.0045083760568338E-003 3.9247479932927635E-004
-6.7999999999999998 1.8760360462453527E-002 1.0632484571112523E-002
-6.6999999999999993 0.10136156262974097 7.2120428606407327E-002
-6.5999999999999996 0.25878319301190872 0.21570564564603209
-6.5000000000000000 0.35748024740435480 0.34023204944157598
-6.4000000000000004 0.33855455403436951 0.34697794015967154
-6.2999999999999998 0.39349834876702117 0.34421319718107218
-6.1999999999999993 0.58104322769189642 0.51061687879878670
-6.0999999999999996 0.70106434490507052 0.68511415129540854
-6.0000000000000000 0.53604411289875353 0.58301881266936995
-5.8999999999999995 0.39728668966544578 0.43213286286349933
-5.7999999999999998 0.56562141787761433 0.43150087245308405
-5.7000000000000002 0.89739940577617427 0.75383285853232129
-5.5999999999999996 0.93878824050548126 0.95979665787864943
-5.5000000000000000 0.61196905566216298 0.72633182468613289
-5.3999999999999995 0.70254643097273151 0.56337648474614488
-5.2999999999999998 0.94657750616746061 0.82086160887418280
-5.1999999999999993 0.76419216320011352 0.91339851806776673
-5.0999999999999996 0.62495719026532348 0.63007518372117088
-5.0000000000000000 0.90770262511953714 0.63870505983804760
-4.8999999999999995 1.2725009720018217 0.97766205756465818
-4.7999999999999998 0.96301567012876388 1.2221819982603845
-4.6999999999999993 0.82210882849094979 0.81541653784428003
-4.5999999999999996 1.1575669440760514 0.77850749070933323
-4.5000000000000000 0.89000044801212297 1.1476351102197053
-4.3999999999999995 0.59316879293859304 0.85347524571693023
-4.2999999999999998 1.0221904988534543 0.54276757301079293
-4.1999999999999993 1.4933140681730945 0.76539352961484541
-4.0999999999999996 1.1686298263919739 1.3162609954480375
-4.0000000000000000 0.72712612375525121 1.2499882558922952
-3.8999999999999995 1.1130364320697594 0.80357052049854527
-3.7999999999999998 1.1189559951194745 0.76012628398676030
-3.6999999999999993 1.0873828027216268 0.96330400823113593
-3.5999999999999996 1.3349219355155595 0.84308995002415421
-3.5000000000000000 1.4963694150937628 1.0043400585142819
-3.3999999999999995 1.5237376192504830 1.2532397841125724
-3.2999999999999998 1.4751941252517171 0.97720390763485165
-3.1999999999999993 1.5075862478529565 1.1040251799107601
-3.0999999999999996 1.9515987228589109 1.5812450706893013
-3.0000000000000000 2.3941701698762516 1.5307144944694084
-2.8999999999999995 2.5486838480975229 1.3019513958738156
-2.7999999999999998 2.6882695302003596 1.7146252038377336
-2.6999999999999993 2.3552813129398613 2.3281248545222391
-2.5999999999999996 1.4704740196958630 3.0947380714627526
-2.5000000000000000 1.4399505175147664 3.1959093070230398
-2.3999999999999995 1.2013456674144254 2.5471947333049281
-2.2999999999999998 0.78235173868808983 1.9464989156663739
-2.1999999999999993 0.55775049605653371 1.5266752761049045
-2.0999999999999996 0.49363172029469315 1.2956901771353717
-2.0000000000000000 0.44260346807779821 1.0087205793610368
-1.9000000000000004 0.30853821133646658 0.59758222606793387
-1.7999999999999989 0.16679543712121631 0.53792552046373765
-1.6999999999999993 0.23039689600328075 0.49958321310807463
-1.5999999999999996 0.24705582287575428 0.41315378797769037
-1.5000000000000000 0.18866043482401917 0.26946454050195756
-1.4000000000000004 0.19124679473357886 0.13862609488686595
-1.2999999999999989 0.21472074312101491 0.12021367166497075
-1.1999999999999993 0.20585553658300265 0.18232666551972515
-1.0999999999999996 0.20143948033405851 0.18839060023753271
-1.0000000000000000 0.19102296321494006 0.20762476008207376
-0.90000000000000036 0.19182893429173864 0.25573229253566254
-0.79999999999999893 0.21549888777734022 0.27689117150357168
-0.69999999999999929 0.26580413424950272 0.24264886114304959
-0.59999999999999964 0.34023915136970301 0.18863642951153098
-0.50000000000000000 0.29205902004141887 0.15653246804226592
-0.39999999999999858 0.31973739348184621 0.21308216135402253
-0.29999999999999893 0.41840904070747137 0.17035637012123647
-0.19999999999999929 0.61399119144579717 0.11924578316859463
-9.9999999999999645E-002 0.66562770613253697 0.15091262990856139
0.0000000000000000 0.59430797647960609 0.18169578137840753
0.10000000000000142 0.58304247551222388 0.19876967344981084
0.20000000000000107 0.40306118983992795 0.11183093854114265
0.30000000000000071 0.37228943137406878 0.10333123484587647
0.40000000000000036 0.37988691130457120 0.22548767413629212
0.50000000000000000 0.43037924420681967 0.34516049854312741
0.60000000000000142 0.41447392264838345 0.35757769427978164
0.70000000000000107 0.29257858680006454 0.50000228919833445
0.80000000000000071 0.19369817971647327 0.67343505942077875
0.90000000000000036 0.24183627690399798 0.60555808868580452
1.0000000000000000 0.27764634016169504 0.62918843966747695
1.1000000000000014 0.23106111319688002 0.75121313285315561
1.2000000000000011 0.24992073377231355 0.64763821641954433
1.3000000000000007 0.29309738374247590 0.53216089453996884
1.4000000000000004 0.26641062794777776 0.50597744754881513
1.5000000000000000 0.21047935648893434 0.38940358001042030
1.6000000000000014 0.18180195144872671 0.32935123435411029
1.7000000000000011 0.15219219211695770 0.32612099030926833
1.8000000000000007 0.14104910086270908 0.25544375442068362
1.9000000000000004 0.29744356136494093 0.23658282722959592
2.0000000000000000 0.35338495000399356 0.24548314880262473
2.1000000000000014 0.25933165316266832 0.27796282096100766
2.2000000000000011 0.32933325021619297 0.18395516508977697
2.3000000000000007 0.41863964344395987 0.10945063212955215
2.4000000000000004 0.33105658161864104 0.12935724330859422
2.5000000000000000 0.34248440507981776 0.18215825874094718
2.6000000000000014 0.40292514586856926 0.28795584494500959
2.7000000000000011 0.45231125044606757 0.36857244961938590
2.8000000000000007 0.61703019679548576 0.22938679172589488
2.9000000000000004 0.57033752802074045 0.20629659996473629
3.0000000000000000 0.47107924949019375 0.33682338631972242
3.1000000000000014 0.34934380472148879 0.23694867010428144
3.2000000000000011 0.26893414338418470 0.13615926656956165
3.3000000000000007 0.63421156735907613 0.22457582401668849
3.4000000000000004 1.1724829164205977 0.31783348620853696
3.5000000000000000 1.0469461731180723 0.31554706583087322
3.6000000000000014 0.76086157484362693 0.40566493033223389
3.7000000000000011 0.56319532848618870 0.47599825775138749
3.8000000000000007 0.44922448192515740 0.48972981983324260
3.9000000000000004 0.62543685375091973 0.45637032340405814
4.0000000000000000 0.55666535785034066 0.30323323419812731
4.1000000000000014 0.52687196260863067 0.25686735981140718
4.2000000000000011 0.53146495961280771 0.46563960355115791
4.3000000000000007 0.40050542125786126 1.0664593355890088
4.4000000000000004 0.41850806717907568 1.1398915548899644
4.5000000000000000 0.48216805672306590 0.54356976085783426
4.6000000000000014 0.46583009987435531 0.40562632254993952
4.7000000000000011 0.42853925345944971 0.61124393715801728
4.8000000000000007 0.30036127479515090 0.51601571385702150
4.9000000000000004 0.39343385655711233 0.35023025839267058
5.0000000000000000 0.55569703963199679 0.32134902016441508
5.1000000000000014 0.72526443726111611 0.43638551988863283
5.2000000000000011 0.64853924507961236 0.58240756112150072
5.3000000000000007 0.55611259414166847 0.59489973036394528
5.4000000000000004 0.28587883841123457 0.55064428475914151
5.5000000000000000 0.27952353127364193 0.53602037786130874
5.6000000000000014 0.46844005444774550 0.70951008078575273
5.7000000000000011 0.57649356318251999 0.64603893411475144
5.8000000000000007 0.60971427910734033 0.49211102335035267
5.9000000000000004 0.46838868393484112 0.31726096234385609
6.0000000000000000 0.34122425052642352 0.32281471431190689
6.1000000000000014 0.70858212399690645 0.44436338542164627
6.1999999999999993 0.69817471312087764 0.59945190065758791
6.3000000000000007 0.44486492129650146 0.64611406652210868
6.4000000000000021 0.62000569152704366 0.77198351294877354
6.5000000000000000 0.77400026559953095 0.68644763686477805
6.6000000000000014 0.53694895932938946 0.53963435622439926
6.6999999999999993 0.28228851465008609 0.45888697170864412
6.8000000000000007 0.30099247994948158 0.55032478785028105
6.9000000000000021 0.39265984044504798 0.78791123975167499
7.0000000000000000 0.38197120191491485 0.45825339220471178
7.1000000000000014 0.42812623597654181 0.25598739666505194
7.1999999999999993 0.57811089668915383 0.41720641306922407
7.3000000000000007 0.50990375157744150 0.40410229379495394
7.4000000000000021 0.32657468312788651 0.39051223652885036
7.5000000000000000 0.23881573160175634 0.49677546452448057
7.6000000000000014 0.34780372376721241 0.51001739054841799
7.6999999999999993 0.55515279799604422 0.34541933894619181
7.8000000000000007 0.41467978364857955 0.33227509696238955
7.9000000000000021 0.27425041351939050 0.51194110353817934
8.0000000000000000 0.39649377444134165 0.54844092358096064
8.1000000000000014 0.48068168447107590 0.29361273185333686
8.1999999999999993 0.33547098110661822 0.34145043208668402
8.3000000000000007 0.30397724017989047 0.46247061691139985
8.4000000000000021 0.34729635498749101 0.40118900632226273
8.5000000000000000 0.32275261437978264 0.31679624100623766
8.6000000000000014 0.72089735716737213 0.34920770301880044
8.6999999999999993 1.3853848968079712 0.32105163363748324
8.8000000000000007 1.2418181895940379 0.34388633429973942
8.9000000000000021 1.6304980183468953 0.94257094940780506
9.0000000000000000 2.2756226578975411 1.5901172318982009
9.1000000000000014 3.0533059215237555 1.4120367292011902
9.2000000000000028 2.7930345848037024 2.1630295764546545
9.3000000000000007 1.8371135079981564 2.8483965611200461
9.4000000000000021 1.4202543727820358 3.2881403868249177
9.5000000000000000 1.9818329373897923 2.1174962729797691
9.6000000000000014 2.8344992498918518 1.4084062069249308
9.7000000000000028 2.5833470632251929 1.7062791560762722
9.8000000000000007 1.7084308331998412 2.6819676442158098
9.9000000000000021 1.5771042745086090 2.7534627993077803
 @#dos of site           2 s(up) s(dn)
-10.000000000000000 2.1246106291723627E-085 2.1246106291724295E-085
-9.9000000000000004 2.1246106291723627E-085 2.1246106291724295E-085
-9.8000000000000007 2.1246106291723627E-085 2.1246106291724295E-085
-9.6999999999999993 2.1246106291723627E-085 2.1246106291724295E-085
-9.5999999999999996 2.1246106291723627E-085 2.1246106291724295E-085
-9.5000000000000000 2.1246106291723627E-085 2.1246106291724295E-085
-9.4000000000000004 2.1246106291723627E-085 2.1246106291724295E-085
-9.3000000000000007 2.1246106291723627E-085 2.1246106291724295E-085
-9.1999999999999993 2.1246106291723627E-085 2.1246106291724295E-085
-9.0999999999999996 2.1246106291723627E-085 2.1246106291724295E-085
-9.0000000000000000 2.1246106291723627E-085 2.1246106291724295E-085
-8.9000000000000004 2.1246106291723627E-085 2.1246106291724295E-085
-8.8000000000000007 2.1246106291723627E-085 2.1246106291724295E-085
-8.6999999999999993 2.1246106291723627E-085 2.1246106291724295E-085
-8.5999999999999996 2.1246106291723627E-085 2.1246106291724295E-085
-8.5000000000000000 2.1246106291723627E-085 2.1246106291724295E-085
-8.4000000000000004 2.1246106291723627E-085 2.1246106291724295E-085
-8.3000000000000007 2.1246106291723627E-085 2.1246106291724295E-085
-8.1999999999999993 2.1246106291723627E-085 2.1246106291724295E-085
-8.0999999999999996 7.5711529969937568E-085 2.1313280333013747E-085
-8.0000000000000000 2.2123934650145231E-073 4.6652630649971401E-076
-7.9000000000000004 1.1918801735172759E-062 4.0602882566863178E-065
-7.7999999999999998 8.5165559512053547E-053 4.6870360845982167E-055
-7.6999999999999993 8.0716061671818459E-044 7.1763370210196626E-046
-7.5999999999999996 1.0146841688909892E-035 1.4573971648741470E-037
-7.5000000000000000 1.6920333408635219E-028 3.9259685807194192E-030
-7.4000000000000004 3.7436337295096993E-022 1.4030781784405085E-023
-7.2999999999999998 1.0997423219945101E-016 6.6559233821021973E-018
-7.1999999999999993 4.2988274045289624E-012 4.1978572742484703E-013
-7.0999999999999996 2.2511663829459861E-008 3.5377475903162799E-009
-7.0000000000000000 1.6128522014981238E-005 4.0470436802391433E-006
-6.9000000000000004 1.6881690408880779E-003 6.6018766213741056E-004
-6.7999999999999998 3.1518307703425869E-002 1.7887858725804284E-002
-6.6999999999999993 0.16965696946702660 0.12100843092753061
-6.5999999999999996 0.43170327747231729 0.36048026729174021
-6.5000000000000000 0.59668171944013892 0.56832570538163385
-6.4000000000000004 0.56857049950738359 0.58260253284918051
-6.2999999999999998 0.65721736059953428 0.57777882654031676
-6.1999999999999993 0.96530118994004177 0.85019295312089116
-6.0999999999999996 1.1757635295291324 1.1456971744270832
-6.0000000000000000 0.91104879995616939 0.98940158365432640
-5.8999999999999995 0.67552369271862556 0.73465623853321860
-5.7999999999999998 0.97736842223318932 0.74200803725747710
-5.7000000000000002 1.5591501758349493 1.3132723091323755
-5.5999999999999996 1.6001919840241179 1.6543960552513350
-5.5000000000000000 1.0538395002267049 1.2313774625810427
-5.3999999999999995 1.2825583309211661 1.0014935398539417
-5.2999999999999998 1.7508058028153037 1.5182948998081358
-5.1999999999999993 1.4122293184148291 1.6824856854075050
-5.0999999999999996 1.1710059691018764 1.1582563288927474
-5.0000000000000000 1.7804097542781054 1.2014629052907335
-4.8999999999999995 2.5375115392712235 1.9431698993599185
-4.7999999999999998 1.9675962950449444 2.4493965456419313
-4.6999999999999993 1.8174078632426738 1.6626840380117693
-4.5999999999999996 2.7032103114000292 1.6999561610625340
-4.5000000000000000 2.3390562011480895 2.6693024444159645
-4.3999999999999995 1.6662021612756144 2.1975687287277581
-4.2999999999999998 2.7343186203047298 1.3929713161840978
-4.1999999999999993 3.9834866389845840 1.9825118883996375
-4.0999999999999996 3.2922746874608344 3.3517428058620355
-4.0000000000000000 2.8225454721345060 2.9680707324253697
-3.8999999999999995 3.8075838630806813 2.0238059275070759
-3.7999999999999998 3.1157264788760255 2.3713661348563715
-3.6999999999999993 2.3419909372660652 2.6829800327498678
-3.5999999999999996 2.8243008022796592 2.4777195231421110
-3.5000000000000000 3.0329731785504443 2.9795314215329274
-3.3999999999999995 2.7956162720615216 3.7319117159268500
-3.2999999999999998 2.0988523256405660 2.5510417696447223
-3.1999999999999993 1.8352163789413312 2.1880375939311256
-3.0999999999999996 2.1905163950117617 2.9608007162088095
-3.0000000000000000 1.8428053268337865 2.4439228957005170
-2.8999999999999995 1.3879426591261157 2.0051383610218543
-2.7999999999999998 1.8803006929765713 2.4153905788795682
-2.6999999999999993 1.7228440700629202 1.6313213734771081
-2.5999999999999996 1.2342176413309953 1.3281871000663634
-2.5000000000000000 1.1784111330155385 1.3842361575684374
-2.3999999999999995 0.97340344766494524 0.88574166154231115
-2.2999999999999998 0.79140767698237191 0.72958714767465260
-2.1999999999999993 0.86561920513726176 1.0206286474186426
-2.0999999999999996 0.96983694170634804 1.5771325918416665
-2.0000000000000000 0.84742071019235587 1.6424821322839938
-1.9000000000000004 0.46874592095345269 1.4091629457810337
-1.7999999999999989 0.24328661530378795 0.89525934042616984
-1.6999999999999993 0.18557251646086931 0.98214018873692654
-1.5999999999999996 0.28690908581171631 1.1400332769445931
-1.5000000000000000 0.43553216769756270 0.82190529353605679
-1.4000000000000004 0.44410349830165463 0.55325897132375501
-1.2999999999999989 0.44764601445285895 0.60502508826833568
-1.1999999999999993 0.53355861805066451 0.67705325399977945
-1.0999999999999996 0.57225996892511710 0.47633998135928401
-1.0000000000000000 0.54047529165378383 0.48511205042558569
-0.90000000000000036 0.64337766226144621 0.72664783916968756
-0.79999999999999893 0.69301628332105081 0.71696817200497875
-0.69999999999999929 0.70748964506141654 0.60624153486524313
-0.59999999999999964 0.60081063048832428 0.55130952951980372
-0.50000000000000000 0.53860713906701141 0.63422210779736188
-0.39999999999999858 0.57040439061499204 0.81447756814651584
-0.29999999999999893 0.61633357100454866 0.71317049351325501
-0.19999999999999929 0.63167353282431471 0.69221563711532330
-9.9999999999999645E-002 0.61872904172740950 0.68724684257097712
0.0000000000000000 0.48137039956169042 0.69952092622511730
0.10000000000000142 0.41274722980742162 0.83239629447116459
0.20000000000000107 0.30303588906603612 0.69800759593714623
0.30000000000000071 0.29537301818730949 0.59887219094840993
0.40000000000000036 0.31016664708129965 0.44486612379423468
0.50000000000000000 0.34990831246487952 0.46577301047163300
0.60000000000000142 0.27215276623250367 0.44463088693915187
0.70000000000000107 0.17599407946382079 0.41725825374197145
0.80000000000000071 0.18440823506822759 0.41588694729079029
0.90000000000000036 0.28601067627785975 0.41127497526115936
1.0000000000000000 0.28534641359097590 0.41374533335832042
1.1000000000000014 0.25669350884508441 0.29794960054455855
1.2000000000000011 0.27208040385554672 0.28999701857529697
1.3000000000000007 0.35276218637289880 0.31876036252218581
1.4000000000000004 0.32299890430856609 0.34363823594736975
1.5000000000000000 0.24446566803590475 0.22129470063553949
1.6000000000000014 0.19914352787181072 0.11627048640814711
1.7000000000000011 0.15567819847549982 0.13312838429692739
1.8000000000000007 0.12674254440726837 0.12481342581640419
1.9000000000000004 0.23039368567405927 0.12368542223612755
2.0000000000000000 0.22830923959911514 0.10936126981325572
2.1000000000000014 0.12592449254715055 0.11981778636401759
2.2000000000000011 0.13540086751400787 0.12483095877430826
2.3000000000000007 0.16254950113417693 9.0282973833123364E-002
2.4000000000000004 0.16169074485937349 7.1125675697759627E-002
2.5000000000000000 0.21131701662532301 6.1396562453230018E-002
2.6000000000000014 0.26549659178170382 7.9107283890588673E-002
2.7000000000000011 0.24125428912770269 9.1938674852588553E-002
2.8000000000000007 0.26402632211140570 6.7505732222654907E-002
2.9000000000000004 0.36318801290088387 8.3123763176810958E-002
3.0000000000000000 0.47387237343837724 0.16272077937530055
3.1000000000000014 0.35675303074534792 0.11403843297398392
3.2000000000000011 0.21210590459052914 5.8952481458858695E-002
3.3000000000000007 0.29130786316496388 0.10101492428581232
3.4000000000000004 0.46954697089267994 0.13995099768222674
3.5000000000000000 0.52086470598288492 0.12847973315524983
3.6000000000000014 0.37194249256616774 0.16390684977389389
3.7000000000000011 0.30174455853499998 0.21547058697850616
3.8000000000000007 0.29037370789053368 0.24801702765305653
3.9000000000000004 0.49829768093731863 0.26624544454263827
4.0000000000000000 0.45602439690637808 0.18796392436845752
4.1000000000000014 0.44234004020778223 0.13111570296628536
4.2000000000000011 0.41495775347083530 0.21515679111406560
4.3000000000000007 0.41635554287884896 0.43825912828501606
4.4000000000000004 0.50620677504750589 0.43393272802008537
4.5000000000000000 0.44208112910241543 0.25150415072204180
4.6000000000000014 0.43739410411646723 0.29090186741829765
4.7000000000000011 0.42166923336571466 0.47402212114778086
4.8000000000000007 0.37025207802204069 0.44207330360184899
4.9000000000000004 0.67064256188049887 0.31113768189483915
5.0000000000000000 0.84980064155100943 0.28791114422829617
5.1000000000000014 0.89291215221675801 0.43586486918339612
5.2000000000000011 0.79234073753794920 0.60792437334702776
5.3000000000000007 0.67765523255529170 0.70860593887923673
5.4000000000000004 0.38849608077427367 0.63890737015532362
5.5000000000000000 0.36465786687003082 0.58539169062156748
5.6000000000000014 0.60690902913088152 0.73888748149293315
5.7000000000000011 0.69714885846771124 0.68173519275542838
5.8000000000000007 0.66325681520471214 0.55736535148625377
5.9000000000000004 0.53079726211100875 0.37165269127319306
6.0000000000000000 0.34364836185415737 0.35012296711105290
6.1000000000000014 0.63264547230734913 0.45992508807164395
6.1999999999999993 0.63217710992281073 0.61781754239493059
6.3000000000000007 0.39874427499852716 0.64744621078879072
6.4000000000000021 0.56841544777520769 0.65780568071456602
6.5000000000000000 0.77494496663992007 0.56888338756914480
6.6000000000000014 0.52905018882077870 0.48696242519615685
6.6999999999999993 0.26131340574553164 0.39814193097772616
6.8000000000000007 0.30873626021252160 0.46355360318894900
6.9000000000000021 0.36319498514932402 0.69995973651486543
7.0000000000000000 0.34846021118770232 0.49755786455200673
7.1000000000000014 0.41226347305455946 0.26883222890886682
7.1999999999999993 0.56988162937037423 0.38332842996279837
7.3000000000000007 0.43240393119636905 0.34655177001364490
7.4000000000000021 0.26391240076648065 0.34439265156945265
7.5000000000000000 0.29088261272822069 0.49294720522987728
7.6000000000000014 0.31530078861065108 0.51705402299891923
7.6999999999999993 0.44094819606093144 0.29769471124604391
7.8000000000000007 0.30633883817173940 0.30008570457809608
7.9000000000000021 0.28914034020673063 0.43534145467101554
8.0000000000000000 0.35713904832662841 0.41957179440270598
8.1000000000000014 0.39022889576692815 0.24108370084649014
8.1999999999999993 0.30916585846633704 0.31021148752254080
8.3000000000000007 0.31139015787320656 0.39912382548795422
8.4000000000000021 0.29949350459464086 0.36799904072453504
8.5000000000000000 0.66814478454685544 0.32220004208505043
8.6000000000000014 2.0245297929200410 0.33772302562013756
8.6999999999999993 2.6485267157214092 0.29150585472131491
8.8000000000000007 1.7289264406667386 0.54698457704147352
8.9000000000000021 1.7309947209212313 2.0546104754241696
9.0000000000000000 2.4177632661917117 2.8145486167940903
9.1000000000000014 2.4687356608125137 1.7865683766902669
9.2000000000000028 1.5848375557427243 2.2165450192555261
9.3000000000000007 1.1676201077954098 2.4628718669762888
9.4000000000000021 1.2694467505680211 2.2338765429071756
9.5000000000000000 1.8350612729225415 1.3894485607983660
9.6000000000000014 2.1625153273778968 1.2011000845766506
9.7000000000000028 1.7785399458684463 1.6414663480684488
9.8000000000000007 1.3440865215676210 2.2153394651578324
9.9000000000000021 1.3069849339717523 2.0053774058755809
 @# EF
   3.150   0.000
   3.150  10.000
