 @#dos of site           1 s(up) s(dn) p(up) p(dn) d(up) d(dn)
-10.000000000000000 2.1246106291724473E-085 2.1246106291724375E-085 6.3738318875173252E-085 6.3738318875174189E-085 1.0623053145862505E-084 1.0623053145861603E-084
-9.9000000000000004 2.1246106291724473E-085 2.1246106291724375E-085 6.3738318875173252E-085 6.3738318875174189E-085 1.0623053145862505E-084 1.0623053145861603E-084
-9.8000000000000007 2.1246106291724473E-085 2.1246106291724375E-085 6.3738318875173252E-085 6.3738318875174189E-085 1.0623053145862505E-084 1.0623053145861603E-084
-9.6999999999999993 2.1246106291724473E-085 2.1246106291724375E-085 6.3738318875173252E-085 6.3738318875174189E-085 1.0623053145862505E-084 1.0623053145861603E-084
-9.5999999999999996 2.1246106291724473E-085 2.1246106291724375E-085 6.3738318875173252E-085 6.3738318875174189E-085 1.0623053145862505E-084 1.0623053145861603E-084
-9.5000000000000000 2.1246106291724473E-085 2.1246106291724375E-085 6.3738318875173252E-085 6.3738318875174189E-085 1.0623053145862505E-084 1.0623053145861603E-084
-9.4000000000000004 2.1246106291724473E-085 2.1246106291724375E-085 6.3738318875173252E-085 6.3738318875174189E-085 1.0623053145862505E-084 1.0623053145861603E-084
-9.3000000000000007 2.1246106291724473E-085 2.1246106291724375E-085 6.3738318875173252E-085 6.3738318875174189E-085 1.0623053145862505E-084 1.0623053145861603E-084
-9.1999999999999993 2.1246106291724473E-085 2.1246106291724375E-085 6.3738318875173252E-085 6.3738318875174189E-085 1.0623053145862505E-084 1.0623053145861603E-084
-9.0999999999999996 2.1246106291724473E-085 2.1246106291724375E-085 6.3738318875173252E-085 6.3738318875174189E-085 1.0623053145862505E-084 1.0623053145861603E-084
-9.0000000000000000 2.1246106291724473E-085 2.1246106291724375E-085 6.3738318875173252E-085 6.3738318875174189E-085 1.0623053145862505E-084 1.0623053145861603E-084
-8.9000000000000004 2.1246106291724473E-085 2.1246106291724375E-085 6.3738318875173252E-085 6.3738318875174189E-085 1.0623053145862505E-084 1.0623053145861603E-084
-8.8000000000000007 2.1246106291724473E-085 2.1246106291724375E-085 6.3738318875173252E-085 6.3738318875174189E-085 1.0623053145862505E-084 1.0623053145861603E-084
-8.6999999999999993 2.1246106291724473E-085 2.1246106291724375E-085 6.3738318875173252E-085 6.3738318875174189E-085 1.0623053145862505E-084 1.0623053145861603E-084
-8.5999999999999996 2.1246106291724473E-085 2.1246106291724375E-085 6.3738318875173252E-085 6.3738318875174189E-085 1.0623053145862505E-084 1.0623053145861603E-084
-8.5000000000000000 2.1246106291724473E-085 2.1246106291724375E-085 6.3738318875173252E-085 6.3738318875174189E-085 1.0623053145862505E-084 1.0623053145861603E-084
-8.4000000000000004 2.1246106291724473E-085 2.1246106291724375E-085 6.3738318875173252E-085 6.3738318875174189E-085 1.0623053145862505E-084 1.0623053145861603E-084
-8.3000000000000007 2.1246106291724473E-085 2.1246106291724375E-085 6.3738318875173252E-085 6.3738318875174189E-085 1.0623053145862505E-084 1.0623053145861603E-084
-8.1999999999999993 2.1246106291724473E-085 2.1246106291724375E-085 6.3738318875173252E-085 6.3738318875174189E-085 1.0623053145862505E-084 1.0623053145861603E-084
-8.0999999999999996 5.3678800208981899E-085 2.1286067022159761E-085 6.3738318875173252E-085 6.3738318875174189E-085 1.0646160090502276E-084 1.0623072492036417E-084
-8.0000000000000000 1.3174207574128904E-073 2.7752881258304301E-076 -4.4710669009764902E-082 1.5752143386884636E-086 9.3860737939142104E-076 1.3436002725963893E-078
-7.9000000000000004 7.0973255404198346E-063 2.4153985621529580E-065 -7.4486328995559132E-071 -1.6840610923192738E-073 5.0565476883207082E-065 1.1693658562926135E-067
-7.7999999999999998 5.0713796113307932E-053 2.7882404506145386E-055 -1.6435598806588963E-060 -6.0512300192636054E-063 3.6131438589239200E-055 1.3498690843629492E-057
-7.6999999999999993 4.8064235223447670E-044 4.2690842084316032E-046 -4.8101883730854466E-051 -2.8839915326202482E-053 3.4243677874449812E-046 2.0667863981811101E-048
-7.5999999999999996 6.0421683742064955E-036 8.6698127664352507E-038 -1.8673353546915692E-042 -1.8231356226776698E-044 4.3047588060689135E-038 4.1972889408875820E-040
-7.5000000000000000 1.0075588947450049E-028 2.3354916341246419E-030 -9.6164456564818800E-035 -1.5287969646003840E-036 7.1782591846985761E-031 1.1306601793837876E-032
-7.4000000000000004 2.2292234369147914E-022 8.3466543283845261E-024 -6.5717958885238519E-028 -1.7009121755580540E-029 1.5881070159992684E-024 4.0406340250228403E-026
-7.2999999999999998 6.5485819237229590E-017 3.9594599898809621E-018 -5.9657697118719512E-022 -2.5125061576550868E-023 4.6644897188680919E-019 1.9165547577885870E-020
-7.1999999999999993 2.5597313844943040E-012 2.4971598000688221E-013 -7.2154930340438247E-017 -4.9376160353526556E-018 1.8223842825671531E-014 1.2082914295327732E-015
-7.0999999999999996 1.3403452581083618E-008 2.1043520771414870E-009 -1.1731611310887039E-012 -1.2990422998801160E-013 9.5287177394223831E-011 1.0170893826925329E-011
-7.0000000000000000 9.6008319213704724E-006 2.4068714154601989E-006 -2.6315698407501605E-009 -4.6617354265804306E-010 6.7985037761433874E-008 1.1596002037091650E-008
-6.9000000000000004 1.0045083760568338E-003 3.9247479932927635E-004 -8.7450822207578639E-007 -2.4078619127505206E-007 7.0578391988379490E-006 1.8769419469183676E-006
-6.7999999999999998 1.8760360462453527E-002 1.0632484571112523E-002 -5.0900951179541019E-005 -2.0540361405302776E-005 1.3233099723593367E-004 5.0612355202239898E-005
-6.6999999999999993 0.10136156262974097 7.2120428606407327E-002 -6.8447334146096693E-004 -3.7664038931672867E-004 7.6801622136024323E-004 3.6041166432835067E-004
-6.5999999999999996 0.25878319301190872 0.21570564564603209 -2.7892546769194403E-003 -1.9898114733149625E-003 2.1554555660391623E-003 1.1876782695340780E-003
-6.5000000000000000 0.35748024740435480 0.34023204944157598 -4.8138761300603305E-003 -4.0404677204560350E-003 3.2560384162348636E-003 2.0378082942419913E-003
-6.4000000000000004 0.33855455403436951 0.34697794015967154 -4.9034432283497787E-003 -4.5406863648946505E-003 3.4285864376357843E-003 2.2762605513094664E-003
-6.2999999999999998 0.39349834876702117 0.34421319718107218 -5.6796552848714724E-003 -4.3209823753107392E-003 5.1738459478467384E-003 2.8011814667358837E-003
-6.1999999999999993 0.58104322769189642 0.51061687879878670 -7.2334918022127709E-003 -5.4836020975347153E-003 9.2666183549040028E-003 5.1000431032572477E-003
-6.0999999999999996 0.70106434490507052 0.68511415129540854 -6.2823313530877166E-003 -4.9031550936599385E-003 1.3109498657242568E-002 8.1247409845043913E-003
-6.0000000000000000 0.53604411289875353 0.58301881266936995 -1.9934188295286886E-003 -1.4104315769142399E-003 1.2274842360036195E-002 8.1978128378742618E-003
-5.8999999999999995 0.39728668966544578 0.43213286286349933 1.4509120082869314E-003 1.4579443132795140E-003 1.1112757504298229E-002 7.4925005250086867E-003
-5.7999999999999998 0.56562141787761433 0.43150087245308405 1.0880160716851460E-002 8.0219927974977505E-003 1.8318225898811092E-002 8.7840368196729253E-003
-5.7000000000000002 0.89739940577617427 0.75383285853232129 2.5415950725204420E-002 2.2953851726582885E-002 3.2799364679655066E-002 1.6963513373165803E-002
-5.5999999999999996 0.93878824050548126 0.95979665787864943 3.0836460542323221E-002 3.5696447162381156E-002 4.0307178833681498E-002 2.4989016338793902E-002
-5.5000000000000000 0.61196905566216298 0.72633182468613289 2.7439977316527003E-002 3.0893971758139120E-002 3.4538393835530361E-002 2.2589465691394795E-002
-5.3999999999999995 0.70254643097273151 0.56337648474614488 5.1163177707821618E-002 3.7722222739667022E-002 4.9664676972202476E-002 2.3440848656756351E-002
-5.2999999999999998 0.94657750616746061 0.82086160887418280 8.5809519994360706E-002 7.4667827234767822E-002 7.0394615048442494E-002 3.7949526673451126E-002
-5.1999999999999993 0.76419216320011352 0.91339851806776673 7.8994183563561027E-002 9.4553295836929174E-002 6.3239122898237826E-002 4.5040250104489636E-002
-5.0999999999999996 0.62495719026532348 0.63007518372117088 8.0444499115445919E-002 7.4184614748269637E-002 6.5085565332047512E-002 3.5764117404281065E-002
-5.0000000000000000 0.90770262511953714 0.63870505983804760 0.14946346614159325 9.5541169927762126E-002 0.11033389700785405 4.3400450184007448E-002
-4.8999999999999995 1.2725009720018217 0.97766205756465818 0.23866351500616156 0.18469278115860618 0.17168097190775919 7.5383869452685562E-002
-4.7999999999999998 0.96301567012876388 1.2221819982603845 0.20517676669374696 0.25304262514277831 0.15842348819738558 0.10417841518021233
-4.6999999999999993 0.82210882849094979 0.81541653784428003 0.22333097038671837 0.19040631054341331 0.19206997877064849 8.3300965627435622E-002
-4.5999999999999996 1.1575669440760514 0.77850749070933323 0.36952573273269113 0.22833846639555982 0.29268055628427375 0.10534034254967543
-4.5000000000000000 0.89000044801212297 1.1476351102197053 0.35070993639086112 0.38874693878403649 0.28439501782825088 0.17353683071386741
-4.3999999999999995 0.59316879293859304 0.85347524571693023 0.27523243914093082 0.34660307279654828 0.27316188907566430 0.15428230428633993
-4.2999999999999998 1.0221904988534543 0.54276757301079293 0.48253876746236929 0.23538160136045061 0.56577077494515537 0.12620665872855258
-4.1999999999999993 1.4933140681730945 0.76539352961484541 0.73149123557105034 0.37764147767039774 0.94387815116329710 0.19799643807967940
-4.0999999999999996 1.1686298263919739 1.3162609954480375 0.57657121936887001 0.67134365260447060 1.2934850829497506 0.36175577015645333
-4.0000000000000000 0.72712612375525121 1.2499882558922952 0.47184132415965085 0.58862846726836326 1.7925036057828816 0.41098409151703363
-3.8999999999999995 1.1130364320697594 0.80357052049854527 0.67077682135802896 0.40746864573999020 2.6598088055228004 0.38267909168119596
-3.7999999999999998 1.1189559951194745 0.76012628398676030 0.56103929252984241 0.52985413745186483 2.5598092739883840 0.49745852445590860
-3.6999999999999993 1.0873828027216268 0.96330400823113593 0.53057988986659932 0.59845457394098645 2.0330947586838555 0.67571447919431815
-3.5999999999999996 1.3349219355155595 0.84308995002415421 0.74207045830998053 0.52108701137660374 2.4587218066134677 0.95660278937189003
-3.5000000000000000 1.4963694150937628 1.0043400585142819 0.77342692365572774 0.65796508272233090 3.8985027213984358 1.3794935477332295
-3.3999999999999995 1.5237376192504830 1.2532397841125724 0.75839611600031986 0.89056517219080478 4.3802737683051305 1.8003444430849831
-3.2999999999999998 1.4751941252517171 0.97720390763485165 0.71596264082920136 0.61272708813100285 3.7649374418000403 1.6039740006777996
-3.1999999999999993 1.5075862478529565 1.1040251799107601 0.78354503456424707 0.60840633953587375 4.0820799032655755 1.5929502006578018
-3.0999999999999996 1.9515987228589109 1.5812450706893013 1.0289761983744314 0.94870713669631301 5.2503110272748579 2.1249889944570435
-3.0000000000000000 2.3941701698762516 1.5307144944694084 0.97752481919366130 0.87977649931222168 7.3396309374656710 2.2926502232729962
-2.8999999999999995 2.5486838480975229 1.3019513958738156 0.82825277798854224 0.81562846610038864 8.7474829237861602 2.2750325578153276
-2.7999999999999998 2.6882695302003596 1.7146252038377336 1.0084636571511836 1.0027486704364903 10.708879845080114 3.0306396603860013
-2.6999999999999993 2.3552813129398613 2.3281248545222391 1.1595726199409639 0.83667436347467650 11.388033650501194 3.2326480586761570
-2.5999999999999996 1.4704740196958630 3.0947380714627526 1.0647924691502451 0.92841689982983500 10.596369134595026 3.4919339201963950
-2.5000000000000000 1.4399505175147664 3.1959093070230398 1.1765106461695389 1.0506194706689869 11.451247587363989 3.6996336108879859
-2.3999999999999995 1.2013456674144254 2.5471947333049281 1.1866083424924636 0.91942312897940182 11.911483463114742 3.2025986029429596
-2.2999999999999998 0.78235173868808983 1.9464989156663739 1.1599864276080805 0.85769431481293401 10.536286529512020 3.1771594536280587
-2.1999999999999993 0.55775049605653371 1.5266752761049045 1.1474336847225362 0.86656757470284163 10.864271734904284 4.9357750669414520
-2.0999999999999996 0.49363172029469315 1.2956901771353717 1.2582137510835003 1.0625599580355081 12.071954086325889 7.2855208471035189
-2.0000000000000000 0.44260346807779821 1.0087205793610368 1.3817651140070473 1.3998537183423605 10.345739099117534 7.8388041301039841
-1.9000000000000004 0.30853821133646658 0.59758222606793387 1.1685738426572319 1.5388558057183208 8.2959546477117989 7.7664072236814254
-1.7999999999999989 0.16679543712121631 0.53792552046373765 1.0124733745432033 1.5073102749530238 7.8379522566563571 6.4493537351988444
-1.6999999999999993 0.23039689600328075 0.49958321310807463 1.0470418140279356 1.7821517619982581 9.2599177470359635 7.2151611779845251
-1.5999999999999996 0.24705582287575428 0.41315378797769037 1.2913698261608679 1.8095230731096352 10.589646901733245 7.3437934509534442
-1.5000000000000000 0.18866043482401917 0.26946454050195756 1.3430231978103619 1.4196936546341206 9.3770001467388582 6.4145657585441809
-1.4000000000000004 0.19124679473357886 0.13862609488686595 1.1666270523316169 1.0045173982343638 8.9655385245539350 5.2308587910122926
-1.2999999999999989 0.21472074312101491 0.12021367166497075 1.1336096600639529 0.99670876770017058 9.0433247071032685 5.7120185146144236
-1.1999999999999993 0.20585553658300265 0.18232666551972515 1.1868707143138653 1.4330907904349235 10.700009969995136 7.3190475126236016
-1.0999999999999996 0.20143948033405851 0.18839060023753271 1.3214044185618448 1.5208045208060019 13.603763793495993 6.4624731588728386
-1.0000000000000000 0.19102296321494006 0.20762476008207376 1.2685247506187929 1.3396541457793527 14.614297627834484 5.6337166167696653
-0.90000000000000036 0.19182893429173864 0.25573229253566254 1.3789007371438575 1.5171152991480161 15.426051275044525 5.7788780711449066
-0.79999999999999893 0.21549888777734022 0.27689117150357168 1.5692985691657886 1.4735392716375948 17.209684893859265 5.0607464512767679
-0.69999999999999929 0.26580413424950272 0.24264886114304959 1.6030673068039960 1.4266634717537987 19.607524711732527 5.2431221083704527
-0.59999999999999964 0.34023915136970301 0.18863642951153098 1.6452854763709952 1.4424978130061259 22.963581889841208 4.8507655668629948
-0.50000000000000000 0.29205902004141887 0.15653246804226592 1.4549142764251795 1.5643605631725650 21.460375158577136 5.2522655420843876
-0.39999999999999858 0.31973739348184621 0.21308216135402253 1.5907652736796052 1.6407901274417271 21.320974653147690 7.5178438883153067
-0.29999999999999893 0.41840904070747137 0.17035637012123647 1.8369085630531901 1.6052518311548096 25.863882174202445 8.2109589505983784
-0.19999999999999929 0.61399119144579717 0.11924578316859463 2.0650163024316561 1.4480302369475229 30.053235871315032 7.2750729432595396
-9.9999999999999645E-002 0.66562770613253697 0.15091262990856139 1.9723243682654521 1.2641391030378575 27.500356689428333 6.9966795120528849
0.0000000000000000 0.59430797647960609 0.18169578137840753 1.6524757193207884 1.2924313401733933 24.478131630940521 9.1133536229538308
0.10000000000000142 0.58304247551222388 0.19876967344981084 1.4811792262208128 1.5786084596861771 23.703388638942634 11.327968801446284
0.20000000000000107 0.40306118983992795 0.11183093854114265 1.2614137467517446 1.3897194607074523 26.320199993457621 8.9609157357580038
0.30000000000000071 0.37228943137406878 0.10333123484587647 1.2876142489224374 1.1923984680611115 33.212558571969232 11.314120971582582
0.40000000000000036 0.37988691130457120 0.22548767413629212 1.3388407593410125 1.0447805034728177 35.624820581259975 13.280250409995904
0.50000000000000000 0.43037924420681967 0.34516049854312741 1.4927430203947516 1.2582110113542275 35.389357805657554 16.251526751841794
0.60000000000000142 0.41447392264838345 0.35757769427978164 1.3713239800262431 1.2739159855527589 31.363436459377066 16.463892174444375
0.70000000000000107 0.29257858680006454 0.50000228919833445 1.2415113478368702 1.1775128874290410 25.998197427420219 15.250873896467708
0.80000000000000071 0.19369817971647327 0.67343505942077875 1.0812986986228657 1.2304074657225939 26.688272309733048 15.807325456503468
0.90000000000000036 0.24183627690399798 0.60555808868580452 1.2852721870285291 1.3012345198967004 32.366142830339705 14.609090537100819
1.0000000000000000 0.27764634016169504 0.62918843966747695 1.3266061602060066 1.4974575113393411 32.374313645275706 12.815393950913776
1.1000000000000014 0.23106111319688002 0.75121313285315561 1.1228752765995456 1.6126564804292760 31.578908253017783 12.822318266820384
1.2000000000000011 0.24992073377231355 0.64763821641954433 1.1256624218983549 1.7630061084460731 28.453162708784042 12.567405739984983
1.3000000000000007 0.29309738374247590 0.53216089453996884 1.1865452907277139 1.7588328690725799 27.964220922282021 12.389624474745531
1.4000000000000004 0.26641062794777776 0.50597744754881513 1.0180202992653575 1.8804069648764046 26.359031975143530 14.109664005626108
1.5000000000000000 0.21047935648893434 0.38940358001042030 0.89446932520223721 1.7980214607746514 23.517963430106995 17.471180114029043
1.6000000000000014 0.18180195144872671 0.32935123435411029 0.78249103375973084 1.6100708929474634 23.546115994157855 22.484779885053882
1.7000000000000011 0.15219219211695770 0.32612099030926833 0.67669211115508410 1.2794380852668661 24.357708739499834 30.923408437523207
1.8000000000000007 0.14104910086270908 0.25544375442068362 0.66794702304364062 1.0400235323199041 24.774386836589002 37.137898141311297
1.9000000000000004 0.29744356136494093 0.23658282722959592 0.76524905729786930 1.2678891820028291 33.406522708986351 36.338820701427295
2.0000000000000000 0.35338495000399356 0.24548314880262473 0.63983756030768113 1.2717824261857955 31.856823793626525 30.020240018111483
2.1000000000000014 0.25933165316266832 0.27796282096100766 0.47590413102660994 1.1622190565618342 25.533221717267946 29.087262171179855
2.2000000000000011 0.32933325021619297 0.18395516508977697 0.56144865889731255 1.2404040228064159 25.104739367523006 26.656861351894406
2.3000000000000007 0.41863964344395987 0.10945063212955215 0.62957776547186661 0.92474076674763628 25.534690339697189 21.800022261152449
2.4000000000000004 0.33105658161864104 0.12935724330859422 0.65054973057568810 0.50675362671847224 19.360732439047855 24.736572784739117
2.5000000000000000 0.34248440507981776 0.18215825874094718 0.84032776718940683 0.53117065868250946 15.137025344834999 29.236231913667797
2.6000000000000014 0.40292514586856926 0.28795584494500959 0.94045670395407943 0.90596416315887918 16.349071483210682 39.176909740266332
2.7000000000000011 0.45231125044606757 0.36857244961938590 0.71108004071673558 0.81517651263262114 19.313725931412698 43.525590243175735
2.8000000000000007 0.61703019679548576 0.22938679172589488 0.66347774947605254 0.49828131831417866 19.392158627760004 34.806814038405925
2.9000000000000004 0.57033752802074045 0.20629659996473629 0.81441708832306470 0.52883040485171662 18.413286258076404 34.879963331322273
3.0000000000000000 0.47107924949019375 0.33682338631972242 0.91881092170685874 0.88399663210666679 15.450226748831463 42.470342767465887
3.1000000000000014 0.34934380472148879 0.23694867010428144 0.65552785529401569 0.66349274959666482 11.019665236942629 35.464174951172758
3.2000000000000011 0.26893414338418470 0.13615926656956165 0.44162362456707321 0.38678209857963486 5.8265455910003414 29.304282019657123
3.3000000000000007 0.63421156735907613 0.22457582401668849 0.75722399064352575 0.52562663213770366 4.0830802346733348 35.572447206707722
3.4000000000000004 1.1724829164205977 0.31783348620853696 1.1971509517610448 0.63421099041577844 5.3279755452369439 43.943580533983187
3.5000000000000000 1.0469461731180723 0.31554706583087322 1.2225781664899440 0.58530262684541223 4.4668651750272845 45.475585297281036
3.6000000000000014 0.76086157484362693 0.40566493033223389 1.0250384798881493 0.66798470051288694 2.5825452689053838 41.284571767359914
3.7000000000000011 0.56319532848618870 0.47599825775138749 0.87856390208152091 0.73515037711490139 1.8838000390288754 38.282776729578991
3.8000000000000007 0.44922448192515740 0.48972981983324260 0.68833586948205083 0.78482502194534143 1.5199497073239812 34.129860368591402
3.9000000000000004 0.62543685375091973 0.45637032340405814 1.3305768231911932 0.85647423269299672 2.3867427577437197 27.193843225009051
4.0000000000000000 0.55666535785034066 0.30323323419812731 1.3650208353713709 0.65932509502474235 2.0183001841515331 18.013332343159433
4.1000000000000014 0.52687196260863067 0.25686735981140718 1.1836820735245837 0.56012872991370222 1.6059938340704518 12.065106440992533
4.2000000000000011 0.53146495961280771 0.46563960355115791 1.2454947787069461 0.77051364296225899 1.3036302652830167 9.7280983092912745
4.3000000000000007 0.40050542125786126 1.0664593355890088 1.3649280549866454 1.2763211818941749 1.3332479645708251 10.128312559756003
4.4000000000000004 0.41850806717907568 1.1398915548899644 1.3869311566218385 1.4110027171089046 1.5627811935406295 7.6918896026317665
4.5000000000000000 0.48216805672306590 0.54356976085783426 1.2523939736542755 1.0565804127793632 1.3123913287319693 3.4084817725575021
4.6000000000000014 0.46583009987435531 0.40562632254993952 1.6928646837449663 1.0565905199652645 1.2743828977003993 2.8739422416021694
4.7000000000000011 0.42853925345944971 0.61124393715801728 1.7114692327870187 1.5155103094969775 1.1850585195822163 4.1098012374374440
4.8000000000000007 0.30036127479515090 0.51601571385702150 1.1516450375499931 1.5546635705941405 0.79647383570256702 3.7217891579151234
4.9000000000000004 0.39343385655711233 0.35023025839267058 1.7560740050219661 1.1991730582005866 1.1098966959164271 2.3928721011731247
5.0000000000000000 0.55569703963199679 0.32134902016441508 2.2105122386537697 1.1725458746370427 1.1366219682797098 1.9363492483125908
5.1000000000000014 0.72526443726111611 0.43638551988863283 2.5728955650892735 1.4899793992157273 1.3326599726946105 2.6034166488930426
5.2000000000000011 0.64853924507961236 0.58240756112150072 2.7081463216526753 1.8888400223779607 1.2117468644232154 2.9381023993748907
5.3000000000000007 0.55611259414166847 0.59489973036394528 2.3940125697715495 1.9436157343405980 1.0688107573583743 2.2972708396886059
5.4000000000000004 0.28587883841123457 0.55064428475914151 1.5523021202087492 1.8894861279978428 0.62797057655108046 1.9502526138943101
5.5000000000000000 0.27952353127364193 0.53602037786130874 1.2282664446856784 2.0914731474710915 0.44893350707335805 1.9263551826500542
5.6000000000000014 0.46844005444774550 0.70951008078575273 2.0159115501477034 2.5603534794545775 0.82686126768482082 2.6639228787118809
5.7000000000000011 0.57649356318251999 0.64603893411475144 2.3103324323844037 2.1639926477820901 1.0206617826550368 2.2743703794711321
5.8000000000000007 0.60971427910734033 0.49211102335035267 2.3776462944339385 2.2149483115692377 0.93334148050043841 1.8636126691718062
5.9000000000000004 0.46838868393484112 0.31726096234385609 1.9657191678768113 1.4469053220860917 0.78810800244948143 1.0429535210922303
6.0000000000000000 0.34122425052642352 0.32281471431190689 1.9517142759446453 1.4255141409514056 0.61330095977991073 0.96931510592247072
6.1000000000000014 0.70858212399690645 0.44436338542164627 2.9703963751650573 2.0990580358709190 0.84932251760066535 1.3945306401274180
6.1999999999999993 0.69817471312087764 0.59945190065758791 2.7642363659152451 2.1161838306870959 0.84115456815488299 1.7148134750332056
6.3000000000000007 0.44486492129650146 0.64611406652210868 1.8481561426609054 2.2138372763233907 0.52839006339765182 1.6850705867083704
6.4000000000000021 0.62000569152704366 0.77198351294877354 2.3870475229353350 2.6813367883087760 0.70420280739523955 1.5809704483676184
6.5000000000000000 0.77400026559953095 0.68644763686477805 2.6524169323452038 2.6312555220002443 0.89825029388290611 1.4310007589317244
6.6000000000000014 0.53694895932938946 0.53963435622439926 1.7662952220338142 2.3468692092255203 0.55878098182335301 1.2486490215125290
6.6999999999999993 0.28228851465008609 0.45888697170864412 1.1118849249737872 1.7622545874494802 0.26408115063976245 0.90266853617865428
6.8000000000000007 0.30099247994948158 0.55032478785028105 1.3867004412438328 2.0814606171691961 0.35105549180193057 1.0469268546471284
6.9000000000000021 0.39265984044504798 0.78791123975167499 2.2407778923977344 2.4574360561338704 0.52628891278163337 1.3217576984061465
7.0000000000000000 0.38197120191491485 0.45825339220471178 2.0049171270276105 1.4848946917361270 0.45421894710467625 0.79131582938800171
7.1000000000000014 0.42812623597654181 0.25598739666505194 2.1448962290413491 1.1545351533307724 0.47162279817322628 0.49010118176893214
7.1999999999999993 0.57811089668915383 0.41720641306922407 3.3951012362127879 2.1409673364433264 0.75475095380134782 0.84449755247411740
7.3000000000000007 0.50990375157744150 0.40410229379495394 2.7728443170181745 2.1986088397307140 0.59560256548602608 0.80278926152881458
7.4000000000000021 0.32657468312788651 0.39051223652885036 1.4049139209662689 2.0924101092271501 0.31181094506414742 0.70686742974087602
7.5000000000000000 0.23881573160175634 0.49677546452448057 1.0194570205632396 2.8937580201131801 0.23552222688145458 1.0268245164854390
7.6000000000000014 0.34780372376721241 0.51001739054841799 1.5745465332150776 2.6562092187770387 0.27800159800355451 1.0268875205035304
7.6999999999999993 0.55515279799604422 0.34541933894619181 2.1983826436357732 1.5137787237662224 0.38393008436791398 0.55793638482036956
7.8000000000000007 0.41467978364857955 0.33227509696238955 2.0866166967143189 1.3302894796095266 0.34254517605477913 0.41162508939517878
7.9000000000000021 0.27425041351939050 0.51194110353817934 1.5892815049919553 1.6937950940721958 0.29049322345859485 0.50069962842724769
8.0000000000000000 0.39649377444134165 0.54844092358096064 1.6861860943019498 2.0899967173611915 0.28929163416860504 0.56623005471281584
8.1000000000000014 0.48068168447107590 0.29361273185333686 2.0121047119908706 1.7901011774042104 0.32413470432722546 0.47441063493590974
8.1999999999999993 0.33547098110661822 0.34145043208668402 1.5303913987004398 1.5494814826943286 0.25737334494068753 0.42203024661198646
8.3000000000000007 0.30397724017989047 0.46247061691139985 1.4657984239124260 1.9616195059307771 0.24163341660442003 0.49662795400963761
8.4000000000000021 0.34729635498749101 0.40118900632226273 1.7794324903765271 1.8047863417746113 0.26481420815050494 0.46196252478002486
8.5000000000000000 0.32275261437978264 0.31679624100623766 1.7304292184563512 1.4829164134655253 0.30540173502703694 0.37979556945228105
8.6000000000000014 0.72089735716737213 0.34920770301880044 2.0430282138792295 1.4258320868209560 0.53716682853597175 0.33274721838965832
8.6999999999999993 1.3853848968079712 0.32105163363748324 2.2082324241920488 1.7510179704814495 0.63562837583772525 0.39675225755020915
8.8000000000000007 1.2418181895940379 0.34388633429973942 1.0253787931846945 1.9608362440271931 0.36305264031543222 0.46411448191073557
8.9000000000000021 1.6304980183468953 0.94257094940780506 0.88996215699060810 2.3782790419910227 0.34803875272228657 0.82520678290888050
9.0000000000000000 2.2756226578975411 1.5901172318982009 1.3784798069313384 1.5352090950117128 0.47006915894070511 0.85497558877635749
9.1000000000000014 3.0533059215237555 1.4120367292011902 1.5975494441853251 0.64795947094742423 0.48472980412376104 0.48247472791626123
9.2000000000000028 2.7930345848037024 2.1630295764546545 1.9710333372373254 1.2971782888551511 0.38693372165420914 0.63336201462035835
9.3000000000000007 1.8371135079981564 2.8483965611200461 2.2246399571786939 1.4973185530187876 0.33513949055027209 0.67557923820882049
9.4000000000000021 1.4202543727820358 3.2881403868249177 1.8502191943185358 1.7999996415533515 0.29947005703894075 0.66492711809508154
9.5000000000000000 1.9818329373897923 2.1174962729797691 1.9391930095713066 2.1508604460979606 0.36696162382793113 0.51886688057512820
9.6000000000000014 2.8344992498918518 1.4084062069249308 2.2114775801564668 2.0245988099100112 0.40510638475221605 0.44162297712491339
9.7000000000000028 2.5833470632251929 1.7062791560762722 2.0951080945933445 1.8587533912531178 0.34889151634221643 0.46378687523772472
9.8000000000000007 1.7084308331998412 2.6819676442158098 1.7527749919001434 2.1951916094586204 0.27798046496054968 0.57768294781559371
9.9000000000000021 1.5771042745086090 2.7534627993077803 1.8013475947368804 2.1101307830740503 0.25279051646836320 0.52987694373606931
 @#dos of site           2 s(up) s(dn) p(up) p(dn) d(up) d(dn)
-10.000000000000000 2.1246106291723627E-085 2.1246106291724295E-085 6.3738318875175492E-085 6.3738318875174841E-085 1.0623053145862499E-084 1.0623053145862076E-084
-9.9000000000000004 2.1246106291723627E-085 2.1246106291724295E-085 6.3738318875175492E-085 6.3738318875174841E-085 1.0623053145862499E-084 1.0623053145862076E-084
-9.8000000000000007 2.1246106291723627E-085 2.1246106291724295E-085 6.3738318875175492E-085 6.3738318875174841E-085 1.0623053145862499E-084 1.0623053145862076E-084
-9.6999999999999993 2.1246106291723627E-085 2.1246106291724295E-085 6.3738318875175492E-085 6.3738318875174841E-085 1.0623053145862499E-084 1.0623053145862076E-084
-9.5999999999999996 2.1246106291723627E-085 2.1246106291724295E-085 6.3738318875175492E-085 6.3738318875174841E-085 1.0623053145862499E-084 1.0623053145862076E-084
-9.5000000000000000 2.1246106291723627E-085 2.1246106291724295E-085 6.3738318875175492E-085 6.3738318875174841E-085 1.0623053145862499E-084 1.0623053145862076E-084
-9.4000000000000004 2.1246106291723627E-085 2.1246106291724295E-085 6.3738318875175492E-085 6.3738318875174841E-085 1.0623053145862499E-084 1.0623053145862076E-084
-9.3000000000000007 2.1246106291723627E-085 2.1246106291724295E-085 6.3738318875175492E-085 6.3738318875174841E-085 1.0623053145862499E-084 1.0623053145862076E-084
-9.1999999999999993 2.1246106291723627E-085 2.1246106291724295E-085 6.3738318875175492E-085 6.3738318875174841E-085 1.0623053145862499E-084 1.0623053145862076E-084
-9.0999999999999996 2.1246106291723627E-085 2.1246106291724295E-085 6.3738318875175492E-085 6.3738318875174841E-085 1.0623053145862499E-084 1.0623053145862076E-084
-9.0000000000000000 2.1246106291723627E-085 2.1246106291724295E-085 6.3738318875175492E-085 6.3738318875174841E-085 1.0623053145862499E-084 1.0623053145862076E-084
-8.9000000000000004 2.1246106291723627E-085 2.1246106291724295E-085 6.3738318875175492E-085 6.3738318875174841E-085 1.0623053145862499E-084 1.0623053145862076E-084
-8.8000000000000007 2.1246106291723627E-085 2.1246106291724295E-085 6.3738318875175492E-085 6.3738318875174841E-085 1.0623053145862499E-084 1.0623053145862076E-084
-8.6999999999999993 2.1246106291723627E-085 2.1246106291724295E-085 6.3738318875175492E-085 6.3738318875174841E-085 1.0623053145862499E-084 1.0623053145862076E-084
-8.5999999999999996 2.1246106291723627E-085 2.1246106291724295E-085 6.3738318875175492E-085 6.3738318875174841E-085 1.0623053145862499E-084 1.0623053145862076E-084
-8.5000000000000000 2.1246106291723627E-085 2.1246106291724295E-085 6.3738318875175492E-085 6.3738318875174841E-085 1.0623053145862499E-084 1.0623053145862076E-084
-8.4000000000000004 2.1246106291723627E-085 2.1246106291724295E-085 6.3738318875175492E-085 6.3738318875174841E-085 1.0623053145862499E-084 1.0623053145862076E-084
-8.3000000000000007 2.1246106291723627E-085 2.1246106291724295E-085 6.3738318875175492E-085 6.3738318875174841E-085 1.0623053145862499E-084 1.0623053145862076E-084
-8.1999999999999993 2.1246106291723627E-085 2.1246106291724295E-085 6.3738318875175492E-085 6.3738318875174841E-085 1.0623053145862499E-084 1.0623053145862076E-084
-8.0999999999999996 7.5711529969937568E-085 2.1313280333013747E-085 6.3738318875175492E-085 6.3738318875174841E-085 1.0666732108832502E-084 1.0623097900463172E-084
-8.0000000000000000 2.2123934650145231E-073 4.6652630649971401E-076 2.3865807205409676E-082 1.0113099241197510E-084 1.7742462290326022E-075 3.1082258413691550E-078
-7.9000000000000004 1.1918801735172759E-062 4.0602882566863178E-065 3.9597028688875053E-071 1.0130073127038712E-073 9.5583803796380887E-065 2.7051620708794144E-067
-7.7999999999999998 8.5165559512053547E-053 4.6870360845982167E-055 8.7372559581557650E-061 3.6399908270799763E-063 6.8299308334371499E-055 3.1227352147956320E-057
-7.6999999999999993 8.0716061671818459E-044 7.1763370210196626E-046 2.5571848725690274E-051 1.7348278856586542E-053 6.4731262874307404E-046 4.7812457139710486E-048
-7.5999999999999996 1.0146841688909892E-035 1.4573971648741470E-037 9.9278213868877852E-043 1.0967284450440145E-044 8.1374925623203987E-038 9.7100268697226019E-040
-7.5000000000000000 1.6920333408635219E-028 3.9259685807194192E-030 5.1137690510267849E-035 9.1978047667944005E-037 1.3570190212223226E-030 2.6157885429248744E-032
-7.4000000000000004 3.7436337295096993E-022 1.4030781784405085E-023 3.4969981227374311E-028 1.0237225401087616E-029 3.0027815588212701E-024 9.3492993043763159E-026
-7.2999999999999998 1.0997423219945101E-016 6.6559233821021973E-018 3.1807579146183901E-022 1.5139612987733317E-023 8.8244098867881201E-019 4.4364342526676059E-020
-7.1999999999999993 4.2988274045289624E-012 4.1978572742484703E-013 3.8696008089837107E-017 2.9858518259954770E-018 3.4534080808509016E-014 2.8005995330200000E-015
-7.0999999999999996 2.2511663829459861E-008 3.5377475903162799E-009 6.3995359554459355E-013 7.9397704917980072E-014 1.8147581004433848E-010 2.3668125734776703E-011
-7.0000000000000000 1.6128522014981238E-005 4.0470436802391433E-006 1.5043359166118300E-009 2.9384255123662460E-010 1.3131487685499491E-007 2.7297960531154490E-008
-6.9000000000000004 1.6881690408880779E-003 6.6018766213741056E-004 5.5861063585333982E-007 1.6440198957950697E-007 1.4076340065250716E-005 4.5480322125815405E-006
-6.7999999999999998 3.1518307703425869E-002 1.7887858725804284E-002 3.9331563857936084E-005 1.6461214642729724E-005 2.7179250493341309E-004 1.2779106789380685E-004
-6.6999999999999993 0.16965696946702660 0.12100843092753061 6.4404332168951049E-004 3.6933477375830886E-004 1.4737296054570660E-003 8.7731563482325900E-004
-6.5999999999999996 0.43170327747231729 0.36048026729174021 3.0787385066134592E-003 2.3087776591685411E-003 3.8877645861326348E-003 2.6600961058686665E-003
-6.5000000000000000 0.59668171944013892 0.56832570538163385 6.5136471046360047E-003 5.7283755804201980E-003 6.0896548032042790E-003 4.6311181220125832E-003
-6.4000000000000004 0.56857049950738359 0.58260253284918051 8.5955391285053601E-003 8.2514595433358061E-003 7.5534499317239327E-003 6.0633049250135053E-003
-6.2999999999999998 0.65721736059953428 0.57777882654031676 1.5405475014186615E-002 1.2413202368095315E-002 1.0117457163045216E-002 7.5010349375045022E-003
-6.1999999999999993 0.96530118994004177 0.85019295312089116 2.9801488030366054E-002 2.4808342459697243E-002 1.5974362542193570E-002 1.1658483251208086E-002
-6.0999999999999996 1.1757635295291324 1.1456971744270832 4.2122216086622942E-002 4.0747921576700666E-002 2.4286203878228427E-002 1.8720215430135370E-002
-6.0000000000000000 0.91104879995616939 0.98940158365432640 3.8194498355668551E-002 4.0103860243353280E-002 2.3550088163298628E-002 2.0873652398483305E-002
-5.8999999999999995 0.67552369271862556 0.73465623853321860 3.4682388416072470E-002 3.6160099486320096E-002 1.9793914340313103E-002 1.7323326075381115E-002
-5.7999999999999998 0.97736842223318932 0.74200803725747710 6.0149982023787178E-002 4.4795226669196282E-002 3.7905594921490968E-002 2.2824188868330746E-002
-5.7000000000000002 1.5591501758349493 1.3132723091323755 0.10682866442341668 8.8181223333350670E-002 6.8971393306004006E-002 4.9484881650880386E-002
-5.5999999999999996 1.6001919840241179 1.6543960552513350 0.12499299317888661 0.12627299347790716 7.2473027729294273E-002 6.4930219083462470E-002
-5.5000000000000000 1.0538395002267049 1.2313774625810427 9.1030534036711408E-002 0.10453681252335109 6.1684328313515023E-002 5.2446206135062248E-002
-5.3999999999999995 1.2825583309211661 1.0014935398539417 0.12140070586121131 9.4479305970731411E-002 9.8948364552867027E-002 6.1318495262868790E-002
-5.2999999999999998 1.7508058028153037 1.5182948998081358 0.18178206086823878 0.15637543576601012 0.14134247329688102 0.10600037838191487
-5.1999999999999993 1.4122293184148291 1.6824856854075050 0.15897959870077757 0.18850703390519552 0.12330898735823420 0.12183609469931241
-5.0999999999999996 1.1710059691018764 1.1582563288927474 0.14674673167697611 0.14254773689452521 0.12590809226080324 9.2287425159508246E-002
-5.0000000000000000 1.7804097542781054 1.2014629052907335 0.23134551191468608 0.16121272592904456 0.24324676806535048 0.12163073249414007
-4.8999999999999995 2.5375115392712235 1.9431698993599185 0.34857078616282461 0.26583738354973613 0.38221497105352537 0.24522416903894631
-4.7999999999999998 1.9675962950449444 2.4493965456419313 0.28009798146174264 0.35503065694295327 0.34920399319065559 0.33020879767729938
-4.6999999999999993 1.8174078632426738 1.6626840380117693 0.26976508836579616 0.25204279830396303 0.41196147530649130 0.26134214208926548
-4.5999999999999996 2.7032103114000292 1.6999561610625340 0.42422283210325046 0.27443050147108661 0.62278471600902474 0.32670042866769788
-4.5000000000000000 2.3390562011480895 2.6693024444159645 0.34801129752898352 0.44340869548800332 0.64157611165926687 0.54142675229229598
-4.3999999999999995 1.6662021612756144 2.1975687287277581 0.25010168168667873 0.35433259701645864 0.59523470483117902 0.50968887246145478
-4.2999999999999998 2.7343186203047298 1.3929713161840978 0.45894452573817796 0.23870444067595376 1.1480987058973000 0.39306553918277654
-4.1999999999999993 3.9834866389845840 1.9825118883996375 0.70469719444146639 0.36425205021239715 1.8529987170463842 0.63483466922778997
-4.0999999999999996 3.2922746874608344 3.3517428058620355 0.55975493377263819 0.66604606677528677 2.3702127285900412 1.1106767295485211
-4.0000000000000000 2.8225454721345060 2.9680707324253697 0.38757229133012899 0.63377335110255595 3.1446809272774638 1.1453917875850457
-3.8999999999999995 3.8075838630806813 2.0238059275070759 0.65505006277977007 0.42955731236942757 4.6325872359786660 1.0021200041865874
-3.7999999999999998 3.1157264788760255 2.3713661348563715 0.61581715765202827 0.47979551503762857 4.9723315517872528 1.3201716348849244
-3.6999999999999993 2.3419909372660652 2.6829800327498678 0.57321588905559662 0.62279569384120481 4.8188083000228756 1.7731219084630629
-3.5999999999999996 2.8243008022796592 2.4777195231421110 0.78239665288239446 0.52520037405891573 6.1660953654219890 2.6941242691443463
-3.5000000000000000 3.0329731785504443 2.9795314215329274 0.92679357437997378 0.63048280369732246 9.1010880067006976 4.0629179676196197
-3.3999999999999995 2.7956162720615216 3.7319117159268500 0.97761028105273418 0.83164833606848521 10.479728398201487 5.6606205082252803
-3.2999999999999998 2.0988523256405660 2.5510417696447223 0.93145245247962771 0.59203965413787674 10.370887214866897 5.5530407850407242
-3.1999999999999993 1.8352163789413312 2.1880375939311256 0.95730810883371309 0.69878221416667718 12.401398185239946 6.0255272169068474
-3.0999999999999996 2.1905163950117617 2.9608007162088095 1.3754712997693139 1.0645825866870602 15.485544343080319 8.5847703014871470
-3.0000000000000000 1.8428053268337865 2.4439228957005170 1.6082309403668036 0.95570873702615455 20.163911111580521 10.538644454449386
-2.8999999999999995 1.3879426591261157 2.0051383610218543 1.7705360119132842 0.89327689878127270 21.202096597265683 10.884739097138855
-2.7999999999999998 1.8803006929765713 2.4153905788795682 2.1628010940772278 1.3291898111508862 23.000749764592278 13.740073385925655
-2.6999999999999993 1.7228440700629202 1.6313213734771081 1.9058753812156410 1.6186518518199275 24.927768195559945 16.030058725216875
-2.5999999999999996 1.2342176413309953 1.3281871000663634 1.3472190787667970 2.1838723651121077 22.432972223128093 19.040923779009688
-2.5000000000000000 1.1784111330155385 1.3842361575684374 1.5555231634579596 2.3724773346702586 24.244403358000067 21.241227393850863
-2.3999999999999995 0.97340344766494524 0.88574166154231115 1.4479854719131684 1.8994717997828972 24.622697501231738 20.283344612409184
-2.2999999999999998 0.79140767698237191 0.72958714767465260 1.0999911618980003 1.5473114804947401 21.591199800059353 18.282650729680679
-2.1999999999999993 0.86561920513726176 1.0206286474186426 1.1954702653276403 1.4654007112683396 19.908695578861355 20.981382260150877
-2.0999999999999996 0.96983694170634804 1.5771325918416665 1.5794162318417251 1.5279820159650823 22.064886548633435 23.311179087214857
-2.0000000000000000 0.84742071019235587 1.6424821322839938 1.7747015400797548 1.2995304019362017 23.024655974750903 24.658264351814260
-1.9000000000000004 0.46874592095345269 1.4091629457810337 1.3236322990570140 0.94976397362614029 18.937910321148397 24.935682850962294
-1.7999999999999989 0.24328661530378795 0.89525934042616984 1.0014373282524562 0.98026647769968644 14.857971238533510 23.988467434112351
-1.6999999999999993 0.18557251646086931 0.98214018873692654 1.2916742060940050 1.4297152536662590 16.460869673520271 28.738217678494802
-1.5999999999999996 0.28690908581171631 1.1400332769445931 1.4237980643805079 1.7650319826552234 19.711298764449545 28.257591834088903
-1.5000000000000000 0.43553216769756270 0.82190529353605679 1.2460504904314451 1.4332015542595733 17.275893743855498 21.979425500306771
-1.4000000000000004 0.44410349830165463 0.55325897132375501 1.2130496231008723 0.92849081192154981 15.673484466726338 16.512437102891731
-1.2999999999999989 0.44764601445285895 0.60502508826833568 1.3078524853085634 0.90342513127886248 15.227186460265058 16.172583173851208
-1.1999999999999993 0.53355861805066451 0.67705325399977945 1.3987054038437674 1.3378240872588967 16.468495599297999 21.517818736913640
-1.0999999999999996 0.57225996892511710 0.47633998135928401 1.6149332092701558 1.4178062028415774 20.808932345367822 21.905509043554318
-1.0000000000000000 0.54047529165378383 0.48511205042558569 1.4283240974293729 1.5578054770889784 21.528188556695561 20.289961817790953
-0.90000000000000036 0.64337766226144621 0.72664783916968756 1.4497042543959660 2.0012257850712043 20.680026317857756 21.648787475708371
-0.79999999999999893 0.69301628332105081 0.71696817200497875 1.4643923710818798 1.7969299585501897 21.547295598075547 17.812524182855515
-0.69999999999999929 0.70748964506141654 0.60624153486524313 1.5290403229706655 1.3686001697820114 21.969858301414298 16.859001298558411
-0.59999999999999964 0.60081063048832428 0.55130952951980372 1.9915721864563602 1.1939048605397815 21.527721796856614 18.068498446128633
-0.50000000000000000 0.53860713906701141 0.63422210779736188 1.9021698148683639 1.1962616234708956 18.032491979049180 19.409162027703680
-0.39999999999999858 0.57040439061499204 0.81447756814651584 2.0158063875206742 1.4577405628429196 17.699187614807524 21.627623129667015
-0.29999999999999893 0.61633357100454866 0.71317049351325501 2.3653064574014775 1.4267832375257425 22.132245844398657 22.950114199352555
-0.19999999999999929 0.63167353282431471 0.69221563711532330 2.7205141533178172 1.3053970006990576 23.767017069759586 21.309874979913104
-9.9999999999999645E-002 0.61872904172740950 0.68724684257097712 2.8509028018329019 1.4619626825362981 19.729427270589973 19.819873619666012
0.0000000000000000 0.48137039956169042 0.69952092622511730 2.6959205183268637 1.5299248754264878 14.255044701627499 22.556971497864801
0.10000000000000142 0.41274722980742162 0.83239629447116459 2.4189029765714727 1.8247379476434660 11.677598266041654 25.249675749993997
0.20000000000000107 0.30303588906603612 0.69800759593714623 1.8446283069965423 1.4281515952897719 10.159167014365121 20.034669740641981
0.30000000000000071 0.29537301818730949 0.59887219094840993 1.8516111729333637 1.5000646458485614 12.229898427466079 20.382186335820148
0.40000000000000036 0.31016664708129965 0.44486612379423468 1.6929345863845857 1.6852371143931131 13.355597617768494 21.713137273508817
0.50000000000000000 0.34990831246487952 0.46577301047163300 1.7752729827587672 1.9799034462630549 14.028166618067210 26.731251177980837
0.60000000000000142 0.27215276623250367 0.44463088693915187 1.5508207582242290 1.9420489852829150 13.386241125712475 26.265753480291718
0.70000000000000107 0.17599407946382079 0.41725825374197145 1.3407750317559481 2.1453503863966339 12.440806954155841 22.548713000754113
0.80000000000000071 0.18440823506822759 0.41588694729079029 1.2452333665696695 2.8192989800988211 12.575094065443057 19.898093868700862
0.90000000000000036 0.28601067627785975 0.41127497526115936 1.4108780202816991 3.0883261305637921 13.852181793185316 14.724059091142905
1.0000000000000000 0.28534641359097590 0.41374533335832042 1.3050512123195961 3.1942960674556717 13.383020604256618 11.986195639983180
1.1000000000000014 0.25669350884508441 0.29794960054455855 1.1314106352151383 3.2416861417901881 14.211691453501917 10.078793624172118
1.2000000000000011 0.27208040385554672 0.28999701857529697 1.0488077370078872 3.0876227261184734 14.540145725103285 9.7691865246674290
1.3000000000000007 0.35276218637289880 0.31876036252218581 1.1358640625664722 2.8975372258665764 17.176842431107307 9.2626943905674093
1.4000000000000004 0.32299890430856609 0.34363823594736975 0.87643185088771358 2.8498935493780517 18.167375639054136 10.052102047615104
1.5000000000000000 0.24446566803590475 0.22129470063553949 0.79236337368067133 2.5664739922041129 16.137687316597756 11.267841863319466
1.6000000000000014 0.19914352787181072 0.11627048640814711 0.75613505142197990 2.1376044560572081 16.090667477179142 11.396873524975689
1.7000000000000011 0.15567819847549982 0.13312838429692739 0.63277180335827143 1.8638659252024325 16.315732819840871 10.896942325822428
1.8000000000000007 0.12674254440726837 0.12481342581640419 0.62396523620850508 1.5374313075319457 16.160120441521705 13.285747931260346
1.9000000000000004 0.23039368567405927 0.12368542223612755 0.73762274828073038 1.5911305065508634 20.179927126365740 12.858739051137270
2.0000000000000000 0.22830923959911514 0.10936126981325572 0.65044694370597622 1.4490870799784998 18.623333132426144 10.799806858043979
2.1000000000000014 0.12592449254715055 0.11981778636401759 0.49730730014481805 1.5089168051947366 16.988566827907839 13.031223716377729
2.2000000000000011 0.13540086751400787 0.12483095877430826 0.59251640436953901 1.5552848848143264 17.972345548538598 10.560789713209198
2.3000000000000007 0.16254950113417693 9.0282973833123364E-002 0.68971197257993322 1.0402576092603786 19.565239667027530 6.6355053262972303
2.4000000000000004 0.16169074485937349 7.1125675697759627E-002 0.64524208668122018 0.67424572790110426 18.201343882658051 5.6521479810300645
2.5000000000000000 0.21131701662532301 6.1396562453230018E-002 0.78585809434897691 0.70436563551709286 16.603057344197602 5.8161947632713851
2.6000000000000014 0.26549659178170382 7.9107283890588673E-002 0.90383912563176216 0.98310972264975327 20.300847099908623 7.5275699548905592
2.7000000000000011 0.24125428912770269 9.1938674852588553E-002 0.78628223100459604 0.80941493106057161 23.832961964007325 8.3496836094861493
2.8000000000000007 0.26402632211140570 6.7505732222654907E-002 0.95217295464138441 0.47105040897866396 23.983049555534848 7.6772061365585760
2.9000000000000004 0.36318801290088387 8.3123763176810958E-002 0.90598160200673417 0.44669531752569586 22.458956040225381 9.5273795216503512
3.0000000000000000 0.47387237343837724 0.16272077937530055 0.78359934840814061 0.67532321488235625 19.759620987072708 13.002086354490807
3.1000000000000014 0.35675303074534792 0.11403843297398392 0.59225560853009629 0.49009643254854918 15.736201811187691 11.609246885420877
3.2000000000000011 0.21210590459052914 5.8952481458858695E-002 0.47780920401558047 0.30802233386557132 9.0471168550234857 10.242040532841020
3.3000000000000007 0.29130786316496388 0.10101492428581232 0.97168378940914235 0.40029735136798722 4.7147197150483722 12.402170778262059
3.4000000000000004 0.46954697089267994 0.13995099768222674 1.6601004168881863 0.45091021792695196 6.2450809450466060 15.817807010446934
3.5000000000000000 0.52086470598288492 0.12847973315524983 1.4855320815203972 0.43642910472006308 6.1493421833759907 16.383254038078935
3.6000000000000014 0.37194249256616774 0.16390684977389389 1.2056009809131474 0.48854907215254972 3.0509119466687187 17.389796626681452
3.7000000000000011 0.30174455853499998 0.21547058697850616 0.99495731024656442 0.52990320287610937 3.2674611704626515 21.719125910245701
3.8000000000000007 0.29037370789053368 0.24801702765305653 0.74904676165649420 0.58009336093391384 3.2730051503473669 22.820607749849390
3.9000000000000004 0.49829768093731863 0.26624544454263827 1.1850795575037107 0.62696457271414086 2.6841821356347459 20.219009802759498
4.0000000000000000 0.45602439690637808 0.18796392436845752 1.1488442151310612 0.46034644488936666 2.1459005438861607 13.999710238175009
4.1000000000000014 0.44234004020778223 0.13111570296628536 1.0882516003399403 0.44947950943290521 1.7047276150460098 9.7568528627943287
4.2000000000000011 0.41495775347083530 0.21515679111406560 1.1698634479271242 0.64214632311287179 1.4863261270049419 7.2331178950710084
4.3000000000000007 0.41635554287884896 0.43825912828501606 1.1237123081194365 1.1208464495638963 1.5288841695611226 5.3548900587023276
4.4000000000000004 0.50620677504750589 0.43393272802008537 1.0600540202503170 1.2968270122445811 1.7052701194001454 3.8019755655274774
4.5000000000000000 0.44208112910241543 0.25150415072204180 0.98636394734382671 0.92879816226061451 1.5031981753311132 1.9620302222765376
4.6000000000000014 0.43739410411646723 0.29090186741829765 1.3187552584114639 0.82794377119525153 1.6051044221504085 1.7344479789325395
4.7000000000000011 0.42166923336571466 0.47402212114778086 1.2739545996793475 1.1053986289487789 1.6470263535997163 2.4959351120029942
4.8000000000000007 0.37025207802204069 0.44207330360184899 0.80930597491354528 1.0966443974034632 1.2329814185407959 2.3483181740504757
4.9000000000000004 0.67064256188049887 0.31113768189483915 1.1240204059873624 0.88308378289590472 2.0711401764305681 1.5576550493450001
5.0000000000000000 0.84980064155100943 0.28791114422829617 1.2086311900406326 0.82406408732118508 2.8219187934229870 1.4494311685756760
5.1000000000000014 0.89291215221675801 0.43586486918339612 1.5924505288432953 0.94938243491793206 2.8593907217435750 1.9419159187846069
5.2000000000000011 0.79234073753794920 0.60792437334702776 1.7635864201364801 1.1226974137903383 2.6490500288061312 2.5515030137956436
5.3000000000000007 0.67765523255529170 0.70860593887923673 1.6014585242451118 1.0407202201099643 2.1107453935865155 2.7943438873506392
5.4000000000000004 0.38849608077427367 0.63890737015532362 1.0068003077891212 1.1429547298617468 1.2459581963021906 2.4086716265718655
5.5000000000000000 0.36465786687003082 0.58539169062156748 0.79916190098544870 1.3462265566974518 0.99423919647701131 2.2218658141874505
5.6000000000000014 0.60690902913088152 0.73888748149293315 1.3844596899870607 1.6521706756787602 1.4194083443625927 2.5665718940875113
5.7000000000000011 0.69714885846771124 0.68173519275542838 1.5769899888478418 1.4375361553314492 1.5723617257558040 2.0468536909505177
5.8000000000000007 0.66325681520471214 0.55736535148625377 1.6311486947716907 1.4797755022492418 1.6144444409249723 1.7844760167575042
5.9000000000000004 0.53079726211100875 0.37165269127319306 1.4193136836493696 0.94637563181898277 1.1960479670612891 1.1595727361612935
6.0000000000000000 0.34364836185415737 0.35012296711105290 1.4351495197603032 0.91989035498206229 1.0392750933035035 1.0591568696623308
6.1000000000000014 0.63264547230734913 0.45992508807164395 2.0906963231096247 1.3272238775439380 1.7448329303870980 1.4358784248409271
6.1999999999999993 0.63217710992281073 0.61781754239493059 1.9090529803062906 1.4268846333110117 1.5812894909827144 1.4165307100742823
6.3000000000000007 0.39874427499852716 0.64744621078879072 1.3269716734565651 1.5353648908605071 0.91272031525612662 1.4350855768859077
6.4000000000000021 0.56841544777520769 0.65780568071456602 1.6709929961675083 1.8458128678276038 1.1351007169062797 1.7500729422547943
6.5000000000000000 0.77494496663992007 0.56888338756914480 1.8257601374028325 1.8744309232283296 1.3498892211531146 1.5872971415648207
6.6000000000000014 0.52905018882077870 0.48696242519615685 1.2171773249112312 1.7037691072378991 0.93975697200806652 1.2127871360110920
6.6999999999999993 0.26131340574553164 0.39814193097772616 0.72056783354005915 1.2043879457116313 0.53809193393046584 0.93638832519626014
6.8000000000000007 0.30873626021252160 0.46355360318894900 0.96406705053697783 1.3314470192945962 0.56139009667815487 1.0899416428363331
6.9000000000000021 0.36319498514932402 0.69995973651486543 1.5743073114533273 1.6016883618464233 0.84693815538773010 1.3170054188915472
7.0000000000000000 0.34846021118770232 0.49755786455200673 1.4118306989727862 0.98458507779686022 0.77805494380683404 0.77203242853777287
7.1000000000000014 0.41226347305455946 0.26883222890886682 1.4844077288562882 0.73280598064428326 0.82313369135112313 0.51234018235696144
7.1999999999999993 0.56988162937037423 0.38332842996279837 2.4037120382733153 1.4589267781603690 1.1526216513142133 0.86384339126656706
7.3000000000000007 0.43240393119636905 0.34655177001364490 1.9146024832153370 1.4856834352662003 0.91963285619757973 0.88712325816722104
7.4000000000000021 0.26391240076648065 0.34439265156945265 0.92467705027049252 1.4233985574562076 0.45829166031019680 0.81907366265718329
7.5000000000000000 0.29088261272822069 0.49294720522987728 0.70336736163101776 1.9907402683359603 0.32389104402220226 1.0515116042063917
7.6000000000000014 0.31530078861065108 0.51705402299891923 1.0731302561415383 1.8288221437974517 0.48914828892560563 0.94095425181148995
7.6999999999999993 0.44094819606093144 0.29769471124604391 1.4676483866796262 0.98605806208540614 0.70064246334979208 0.51512536902717843
7.8000000000000007 0.30633883817173940 0.30008570457809608 1.3765008321056398 0.87144294988886861 0.60864099142199868 0.43789654965275315
7.9000000000000021 0.28914034020673063 0.43534145467101554 1.0524957448367305 1.1426254632344335 0.43350153969516270 0.58138273954439534
8.0000000000000000 0.35713904832662841 0.41957179440270598 1.0998987966038603 1.3624077970305668 0.48620137499633970 0.68407968866485414
8.1000000000000014 0.39022889576692815 0.24108370084649014 1.3049991633475861 1.1391112786677835 0.55398235087876824 0.52483151610111289
8.1999999999999993 0.30916585846633704 0.31021148752254080 1.0571623172576667 0.98836427497577195 0.37408555903993773 0.45891954260838846
8.3000000000000007 0.31139015787320656 0.39912382548795422 0.99407636282693101 1.2437090985740733 0.34206821379025865 0.58846251119840476
8.4000000000000021 0.29949350459464086 0.36799904072453504 1.1237210923248808 1.1742922373129532 0.43382144507898818 0.49138467166594607
8.5000000000000000 0.66814478454685544 0.32220004208505043 1.1099188572194825 1.0151048014407122 0.48747832355734699 0.36567767788923849
8.6000000000000014 2.0245297929200410 0.33772302562013756 1.3817109137822825 0.91388894060864101 0.81082579095569673 0.36396561140076866
8.6999999999999993 2.6485267157214092 0.29150585472131491 1.5901933734312752 1.0963666752242602 1.0053080090476405 0.43829623151201802
8.8000000000000007 1.7289264406667386 0.54698457704147352 0.79691945340660031 1.2278365828023763 0.60246959928659238 0.51971729021117929
8.9000000000000021 1.7309947209212313 2.0546104754241696 0.73586159368291670 1.5634852484146831 0.57455901781753405 0.90831617749945015
9.0000000000000000 2.4177632661917117 2.8145486167940903 1.0991591194634829 1.1170725476671937 0.80956798495822624 0.92660191987912410
9.1000000000000014 2.4687356608125137 1.7865683766902669 1.1969558146623120 0.53663185715927664 0.90410293455529911 0.54302970694386821
9.2000000000000028 1.5848375557427243 2.2165450192555261 1.2699390996429241 0.98599382607395436 0.82215283726914390 0.76291000865701675
9.3000000000000007 1.1676201077954098 2.4628718669762888 1.3531777678912174 1.1225347158862566 0.68149343319849287 0.88311868622329437
9.4000000000000021 1.2694467505680211 2.2338765429071756 1.1638064671765840 1.2240281631170711 0.53184948199605142 0.94055148337681538
9.5000000000000000 1.8350612729225415 1.3894485607983660 1.2621151329204614 1.2959700588619496 0.63240541096916270 0.75039025031438289
9.6000000000000014 2.1625153273778968 1.2011000845766506 1.4544093499862907 1.2172586484207424 0.80063059929343294 0.57767328164096488
9.7000000000000028 1.7785399458684463 1.6414663480684488 1.3889231204476307 1.1630199855417922 0.69906088976856051 0.57811804052554117
9.8000000000000007 1.3440865215676210 2.2153394651578324 1.1362568126183785 1.4411967720625154 0.50758271019898515 0.79621661445583780
9.9000000000000021 1.3069849339717523 2.0053774058755809 1.1495965257563019 1.3962321391193129 0.47859396023381773 0.76502195127297923
 @# EF
   3.150   0.000
   3.150  10.000
