 @#dos of site           1 s(up) s(dn)
-10.000000000000000 2.1246106291724298E-085 2.1246106291724298E-085
-9.9600000000000009 2.1246106291724298E-085 2.1246106291724298E-085
-9.9199999999999999 2.1246106291724298E-085 2.1246106291724298E-085
-9.8800000000000008 2.1246106291724298E-085 2.1246106291724298E-085
-9.8399999999999999 2.1246106291724298E-085 2.1246106291724298E-085
-9.8000000000000007 2.1246106291724298E-085 2.1246106291724298E-085
-9.7599999999999998 2.1246106291724298E-085 2.1246106291724298E-085
-9.7200000000000006 2.1246106291724298E-085 2.1246106291724298E-085
-9.6799999999999997 2.1246106291724298E-085 2.1246106291724298E-085
-9.6400000000000006 2.1246106291724298E-085 2.1246106291724298E-085
-9.5999999999999996 2.1246106291724298E-085 2.1246106291724298E-085
-9.5600000000000005 2.1246106291724298E-085 2.1246106291724298E-085
-9.5199999999999996 2.1246106291724298E-085 2.1246106291724298E-085
-9.4800000000000004 2.1246106291724298E-085 2.1246106291724298E-085
-9.4399999999999995 2.1246106291724298E-085 2.1246106291724298E-085
-9.4000000000000004 2.1246106291724298E-085 2.1246106291724298E-085
-9.3599999999999994 2.1246106291724298E-085 2.1246106291724298E-085
-9.3200000000000003 2.1246106291724298E-085 2.1246106291724298E-085
-9.2799999999999994 2.1246106291724298E-085 2.1246106291724298E-085
-9.2400000000000002 2.1246106291724298E-085 2.1246106291724298E-085
-9.1999999999999993 2.1246106291724298E-085 2.1246106291724298E-085
-9.1600000000000001 2.1246106291724298E-085 2.1246106291724298E-085
-9.1199999999999992 2.1246106291724298E-085 2.1246106291724298E-085
-9.0800000000000001 2.1246106291724298E-085 2.1246106291724298E-085
-9.0399999999999991 2.1246106291724298E-085 2.1246106291724298E-085
-9.0000000000000000 2.1246106291724298E-085 2.1246106291724298E-085
-8.9600000000000009 2.1246106291724298E-085 2.1246106291724298E-085
-8.9199999999999999 2.1246106291724298E-085 2.1246106291724298E-085
-8.8799999999999990 2.1246106291724298E-085 2.1246106291724298E-085
-8.8399999999999999 2.1246106291724298E-085 2.1246106291724298E-085
-8.8000000000000007 2.1246106291724298E-085 2.1246106291724298E-085
-8.7599999999999998 2.1246106291724298E-085 2.1246106291724298E-085
-8.7200000000000006 2.1246106291724298E-085 2.1246106291724298E-085
-8.6799999999999997 2.1246106291724298E-085 2.1246106291724298E-085
-8.6400000000000006 2.1246106291724298E-085 2.1246106291724298E-085
-8.5999999999999996 2.1246106291724298E-085 2.1246106291724298E-085
-8.5600000000000005 2.1246106291724298E-085 2.1246106291724298E-085
-8.5199999999999996 2.1246106291724298E-085 2.1246106291724298E-085
-8.4800000000000004 2.1246106291724298E-085 2.1246106291724298E-085
-8.4399999999999995 2.1246106291724298E-085 2.1246106291724298E-085
-8.4000000000000004 2.1246106291724298E-085 2.1246106291724298E-085
-8.3599999999999994 2.1246106291724298E-085 2.1246106291724298E-085
-8.3200000000000003 2.1246106291724298E-085 2.1246106291724298E-085
-8.2799999999999994 2.1246106291724298E-085 2.1246106291724298E-085
-8.2400000000000002 2.1246106291724298E-085 2.1246106291724298E-085
-8.1999999999999993 2.1246106291724298E-085 2.1246106291724298E-085
-8.1600000000000001 2.1246106291724298E-085 2.1246106291724298E-085
-8.1199999999999992 2.1246106291724298E-085 2.1246106291724298E-085
-8.0800000000000001 2.1275701157808148E-085 2.1275701157808148E-085
-8.0399999999999991 1.9009989561179419E-083 1.9009989561179419E-083
-8.0000000000000000 8.5615615362603055E-079 8.5615615362603055E-079
-7.9600000000000000 2.8279590518673427E-074 2.8279590518673427E-074
-7.9199999999999999 6.7742552306889612E-070 6.7742552306889612E-070
-7.8799999999999999 1.1768420847650436E-065 1.1768420847650436E-065
-7.8399999999999999 1.4826649559369466E-061 1.4826649559369466E-061
-7.7999999999999998 1.3546779176861495E-057 1.3546779176861495E-057
-7.7599999999999998 8.9762983078830153E-054 8.9762983078830153E-054
-7.7199999999999998 4.3134691784197106E-050 4.3134691784197106E-050
-7.6799999999999997 1.5032261359303503E-046 1.5032261359303503E-046
-7.6400000000000006 3.7991823033600752E-043 3.7991823033600752E-043
-7.5999999999999996 6.9634449391101013E-040 6.9634449391101013E-040
-7.5600000000000005 9.2560641295770914E-037 9.2560641295770914E-037
-7.5199999999999996 8.9227096414606389E-034 8.9227096414606389E-034
-7.4800000000000004 6.2378562600625815E-031 6.2378562600625815E-031
-7.4399999999999995 3.1625846749578193E-028 3.1625846749578193E-028
-7.4000000000000004 1.1628324908543420E-025 1.1628324908543420E-025
-7.3599999999999994 3.1007042924970339E-023 3.1007042924970339E-023
-7.3200000000000003 5.9961396604580148E-021 5.9961396604580148E-021
-7.2799999999999994 8.4091350238558100E-019 8.4091350238558100E-019
-7.2400000000000002 8.5526186813624689E-017 8.5526186813624689E-017
-7.1999999999999993 6.3083399971556716E-015 6.3083399971556716E-015
-7.1600000000000001 3.3744211290076419E-013 3.3744211290076419E-013
-7.1200000000000001 1.3090363525962167E-011 1.3090363525962167E-011
-7.0800000000000001 3.6827520816962736E-010 3.6827520816962736E-010
-7.0400000000000000 7.5138420528596631E-009 7.5138420528596631E-009
-7.0000000000000000 1.1117885887198179E-007 1.1117885887198179E-007
-6.9600000000000000 1.1930534543654534E-006 1.1930534543654534E-006
-6.9199999999999999 9.2854417191290780E-006 9.2854417191290780E-006
-6.8799999999999999 5.2427402553155148E-005 5.2427402553155148E-005
-6.8399999999999999 2.1495788110545850E-004 2.1495788110545850E-004
-6.7999999999999998 6.4248167435515524E-004 6.4248167435515524E-004
-6.7599999999999998 1.4207846679620893E-003 1.4207846679620893E-003
-6.7199999999999998 2.4515163266663888E-003 2.4515163266663888E-003
-6.6799999999999997 3.8241517182727590E-003 3.8241517182727590E-003
-6.6400000000000006 6.5632851299629079E-003 6.5632851299629079E-003
-6.5999999999999996 1.2055115942054780E-002 1.2055115942054780E-002
-6.5600000000000005 1.9496157309644865E-002 1.9496157309644865E-002
-6.5199999999999996 2.5358324593465636E-002 2.5358324593465636E-002
-6.4800000000000004 2.8354985236780237E-002 2.8354985236780237E-002
-6.4399999999999995 3.3220130936309093E-002 3.3220130936309093E-002
-6.4000000000000004 4.4294052491589478E-002 4.4294052491589478E-002
-6.3599999999999994 5.6686375826913861E-002 5.6686375826913861E-002
-6.3200000000000003 6.1146352046562047E-002 6.1146352046562047E-002
-6.2799999999999994 5.6908390092378663E-002 5.6908390092378663E-002
-6.2400000000000002 5.1795120943379319E-002 5.1795120943379319E-002
-6.1999999999999993 5.3362456192420984E-002 5.3362456192420984E-002
-6.1600000000000001 6.9178906768363371E-002 6.9178906768363371E-002
-6.1200000000000001 0.10604963051046537 0.10604963051046537
-6.0800000000000001 0.15356056260295078 0.15356056260295078
-6.0400000000000000 0.17961707422145939 0.17961707422145939
-6.0000000000000000 0.16340917880526823 0.16340917880526823
-5.9600000000000000 0.12414820263133383 0.12414820263133383
-5.9199999999999999 9.8439708512197160E-002 9.8439708512197160E-002
-5.8799999999999999 0.10057378484121600 0.10057378484121600
-5.8399999999999999 0.12249553252115070 0.12249553252115070
-5.7999999999999998 0.16027678872453488 0.16027678872453488
-5.7599999999999998 0.21720855779219966 0.21720855779219966
-5.7199999999999998 0.28197314227241399 0.28197314227241399
-5.6799999999999997 0.32437074906678348 0.32437074906678348
-5.6399999999999997 0.32034007217745891 0.32034007217745891
-5.5999999999999996 0.27256278779221355 0.27256278779221355
-5.5599999999999996 0.20754621720701363 0.20754621720701363
-5.5199999999999996 0.16324765049563369 0.16324765049563369
-5.4799999999999995 0.17087120921073781 0.17087120921073781
-5.4399999999999995 0.22950437177526464 0.22950437177526464
-5.3999999999999995 0.30273669430758132 0.30273669430758132
-5.3600000000000003 0.35944171034279859 0.35944171034279859
-5.3200000000000003 0.41589603696462007 0.41589603696462007
-5.2800000000000002 0.50570315131877286 0.50570315131877286
-5.2400000000000002 0.60155990938408999 0.60155990938408999
-5.2000000000000002 0.61760227358152353 0.61760227358152353
-5.1600000000000001 0.51107139690283698 0.51107139690283698
-5.1200000000000001 0.33922061153872735 0.33922061153872735
-5.0800000000000001 0.20540038194862173 0.20540038194862173
-5.0400000000000000 0.18099303982652534 0.18099303982652534
-5.0000000000000000 0.27142723531243118 0.27142723531243118
-4.9600000000000000 0.42503794280844809 0.42503794280844809
-4.9199999999999999 0.58725059809886726 0.58725059809886726
-4.8799999999999999 0.75268270943776627 0.75268270943776627
-4.8399999999999999 0.91203506430901604 0.91203506430901604
-4.7999999999999998 0.97283013988421352 0.97283013988421352
-4.7599999999999998 0.84792733444350132 0.84792733444350132
-4.7199999999999998 0.60042807557314959 0.60042807557314959
-4.6799999999999997 0.39122602084043828 0.39122602084043828
-4.6399999999999997 0.31756930124873323 0.31756930124873323
-4.5999999999999996 0.37435066826542834 0.37435066826542834
-4.5599999999999996 0.52294471491030270 0.52294471491030270
-4.5199999999999996 0.73166564415883373 0.73166564415883373
-4.4799999999999995 0.96167743265865080 0.96167743265865080
-4.4399999999999995 1.1499267123660359 1.1499267123660359
-4.3999999999999995 1.2181667746768736 1.2181667746768736
-4.3600000000000003 1.1241994473498949 1.1241994473498949
-4.3200000000000003 0.93030529413894736 0.93030529413894736
-4.2800000000000002 0.77279611395625569 0.77279611395625569
-4.2400000000000002 0.71861986414902157 0.71861986414902157
-4.2000000000000002 0.71296321094332349 0.71296321094332349
-4.1600000000000001 0.70653234313654267 0.70653234313654267
-4.1200000000000001 0.74794949424219137 0.74794949424219137
-4.0800000000000001 0.89691471957874580 0.89691471957874580
-4.0400000000000000 1.1175209180495120 1.1175209180495120
-4.0000000000000000 1.3051605723626138 1.3051605723626138
-3.9600000000000000 1.3859804325930516 1.3859804325930516
-3.9199999999999999 1.3751543082595143 1.3751543082595143
-3.8799999999999999 1.3349522045419864 1.3349522045419864
-3.8399999999999999 1.2824975240053569 1.2824975240053569
-3.7999999999999998 1.1921350655469534 1.1921350655469534
-3.7599999999999998 1.0833514912893232 1.0833514912893232
-3.7199999999999998 1.0324860642505966 1.0324860642505966
-3.6799999999999997 1.1070155770291354 1.1070155770291354
-3.6399999999999997 1.3462706874413624 1.3462706874413624
-3.5999999999999996 1.7670702822377138 1.7670702822377138
-3.5599999999999996 2.2961146838828239 2.2961146838828239
-3.5199999999999996 2.7146782865659862 2.7146782865659862
-3.4799999999999995 2.7934838732632690 2.7934838732632690
-3.4399999999999995 2.5082038090135605 2.5082038090135605
-3.3999999999999995 2.0364339754643592 2.0364339754643592
-3.3599999999999994 1.5899091875806401 1.5899091875806401
-3.3200000000000003 1.3597764795277252 1.3597764795277252
-3.2800000000000002 1.4935775206138284 1.4935775206138284
-3.2400000000000002 1.9317423457335445 1.9317423457335445
-3.2000000000000002 2.3933353770984898 2.3933353770984898
-3.1600000000000001 2.7184547436555437 2.7184547436555437
-3.1200000000000001 3.0196130201729448 3.0196130201729448
-3.0800000000000001 3.2892220227247497 3.2892220227247497
-3.0400000000000000 3.2149286288391274 3.2149286288391274
-3.0000000000000000 2.6427440712028738 2.6427440712028738
-2.9600000000000000 1.8646321583511916 1.8646321583511916
-2.9199999999999999 1.2904648322493111 1.2904648322493111
-2.8799999999999999 1.1201478737912107 1.1201478737912107
-2.8399999999999999 1.3479500546168048 1.3479500546168048
-2.7999999999999998 1.8710913006813201 1.8710913006813201
-2.7599999999999998 2.5682199007867985 2.5682199007867985
-2.7199999999999998 3.2810279681107457 3.2810279681107457
-2.6799999999999997 3.7223320097690267 3.7223320097690267
-2.6399999999999997 3.6182289230723610 3.6182289230723610
-2.5999999999999996 3.0673740083554417 3.0673740083554417
-2.5599999999999996 2.5372166917439194 2.5372166917439194
-2.5199999999999996 2.3776619430777384 2.3776619430777384
-2.4799999999999995 2.4837187083769221 2.4837187083769221
-2.4399999999999995 2.5205438786158840 2.5205438786158840
-2.3999999999999995 2.3698009525355848 2.3698009525355848
-2.3599999999999994 2.2184312286450787 2.2184312286450787
-2.3200000000000003 2.2708843430019536 2.2708843430019536
-2.2800000000000002 2.5537691858662428 2.5537691858662428
-2.2400000000000002 3.0058969945301643 3.0058969945301643
-2.2000000000000002 3.5682522730766335 3.5682522730766335
-2.1600000000000001 4.0878554022750713 4.0878554022750713
-2.1200000000000001 4.3072059030827337 4.3072059030827337
-2.0800000000000001 4.1086256417033464 4.1086256417033464
-2.0400000000000000 3.6462910858288611 3.6462910858288611
-2.0000000000000000 3.1378857277734800 3.1378857277734800
-1.9599999999999991 2.6699361566589084 2.6699361566589084
-1.9199999999999999 2.2741766416883333 2.2741766416883333
-1.8799999999999990 2.0212565072975255 2.0212565072975255
-1.8399999999999999 1.9189407411157176 1.9189407411157176
-1.8000000000000007 1.8302601062503907 1.8302601062503907
-1.7599999999999998 1.6125310175189360 1.6125310175189360
-1.7200000000000006 1.2838894194825736 1.2838894194825736
-1.6799999999999997 0.97994644116943030 0.97994644116943030
-1.6400000000000006 0.79236845301838577 0.79236845301838577
-1.5999999999999996 0.70430290970570264 0.70430290970570264
-1.5600000000000005 0.64911436262815081 0.64911436262815081
-1.5199999999999996 0.58482696064480644 0.58482696064480644
-1.4800000000000004 0.51785123456706916 0.51785123456706916
-1.4399999999999995 0.47681100535902415 0.47681100535902415
-1.4000000000000004 0.47546415707674322 0.47546415707674322
-1.3599999999999994 0.50277480682211217 0.50277480682211217
-1.3200000000000003 0.53796311605013181 0.53796311605013181
-1.2799999999999994 0.56884780941484103 0.56884780941484103
-1.2400000000000002 0.59449010989503714 0.59449010989503714
-1.1999999999999993 0.61208576219032118 0.61208576219032118
-1.1600000000000001 0.61467577478723734 0.61467577478723734
-1.1199999999999992 0.60100842530227849 0.60100842530227849
-1.0800000000000001 0.57542280355661379 0.57542280355661379
-1.0399999999999991 0.54872558497329527 0.54872558497329527
-1.0000000000000000 0.54155859784135940 0.54155859784135940
-0.95999999999999908 0.56202685331007274 0.56202685331007274
-0.91999999999999993 0.58454658748731081 0.58454658748731081
-0.87999999999999901 0.58172299346106338 0.58172299346106338
-0.83999999999999986 0.57019581825144683 0.57019581825144683
-0.79999999999999893 0.59264707979416797 0.59264707979416797
-0.75999999999999979 0.65378493972564111 0.65378493972564111
-0.72000000000000064 0.70313156775212970 0.70313156775212970
-0.67999999999999972 0.69531566129373645 0.69531566129373645
-0.64000000000000057 0.64417538033753585 0.64417538033753585
-0.59999999999999964 0.59805796626950458 0.59805796626950458
-0.56000000000000050 0.58282150283539069 0.58282150283539069
-0.51999999999999957 0.58382034270483496 0.58382034270483496
-0.48000000000000043 0.56925344731647110 0.56925344731647110
-0.43999999999999950 0.52799984089829044 0.52799984089829044
-0.40000000000000036 0.48671132430112779 0.48671132430112779
-0.35999999999999943 0.48091593270836336 0.48091593270836336
-0.32000000000000028 0.51809588396512829 0.51809588396512829
-0.27999999999999936 0.58284868372563226 0.58284868372563226
-0.24000000000000021 0.66445456472783770 0.66445456472783770
-0.19999999999999929 0.76523484518140161 0.76523484518140161
-0.16000000000000014 0.89256424429096204 0.89256424429096204
-0.11999999999999922 1.0499810424817377 1.0499810424817377
-8.0000000000000071E-002 1.2160992857577133 1.2160992857577133
-3.9999999999999147E-002 1.3191365477730344 1.3191365477730344
0.0000000000000000 1.2711492279759822 1.2711492279759822
4.0000000000000924E-002 1.0657436445510351 1.0657436445510351
8.0000000000000071E-002 0.80682052983071895 0.80682052983071895
0.12000000000000099 0.61163281115924450 0.61163281115924450
0.16000000000000014 0.51960491412526577 0.51960491412526577
0.20000000000000107 0.49792711880438345 0.49792711880438345
0.24000000000000021 0.49780448475089956 0.49780448475089956
0.27999999999999936 0.49907382550182289 0.49907382550182289
0.32000000000000028 0.51391865887690902 0.51391865887690902
0.35999999999999943 0.56045142788084579 0.56045142788084579
0.40000000000000036 0.64374134552363327 0.64374134552363327
0.43999999999999950 0.75611841989044393 0.75611841989044393
0.48000000000000043 0.89056740734036133 0.89056740734036133
0.51999999999999957 1.0635052516227519 1.0635052516227519
0.56000000000000050 1.3024278811103924 1.3024278811103924
0.59999999999999964 1.5793341214591632 1.5793341214591632
0.64000000000000057 1.8063696483634044 1.8063696483634044
0.67999999999999972 1.9305455948483043 1.9305455948483043
0.72000000000000064 1.9510179767046574 1.9510179767046574
0.75999999999999979 1.8452720331953283 1.8452720331953283
0.80000000000000071 1.5959184930055055 1.5959184930055055
0.83999999999999986 1.2696986164758444 1.2696986164758444
0.88000000000000078 0.97439743549270996 0.97439743549270996
0.91999999999999993 0.76399331845435092 0.76399331845435092
0.96000000000000085 0.62489228179756995 0.62489228179756995
1.0000000000000000 0.52432415915386743 0.52432415915386743
1.0400000000000009 0.45051693520515351 0.45051693520515351
1.0800000000000001 0.41494105038904266 0.41494105038904266
1.1200000000000010 0.43019912654735887 0.43019912654735887
1.1600000000000001 0.49125552822760848 0.49125552822760848
1.2000000000000011 0.57643378220395181 0.57643378220395181
1.2400000000000002 0.66353292909766759 0.66353292909766759
1.2799999999999994 0.73832194656226580 0.73832194656226580
1.3200000000000003 0.78685623748362477 0.78685623748362477
1.3599999999999994 0.79649525075597871 0.79649525075597871
1.4000000000000004 0.78151266934837538 0.78151266934837538
1.4399999999999995 0.79480227701062989 0.79480227701062989
1.4800000000000004 0.88620148247773090 0.88620148247773090
1.5199999999999996 1.0416763251465115 1.0416763251465115
1.5600000000000005 1.1757964631140763 1.1757964631140763
1.5999999999999996 1.2083201556698471 1.2083201556698471
1.6400000000000006 1.1504911983373993 1.1504911983373993
1.6799999999999997 1.0754435333893178 1.0754435333893178
1.7200000000000006 1.0057759642370880 1.0057759642370880
1.7599999999999998 0.89563125823806422 0.89563125823806422
1.8000000000000007 0.72744862549070632 0.72744862549070632
1.8399999999999999 0.56075031782673768 0.56075031782673768
1.8800000000000008 0.47703902743034254 0.47703902743034254
1.9199999999999999 0.51829056108163252 0.51829056108163252
1.9600000000000009 0.66881177284090076 0.66881177284090076
2.0000000000000000 0.85407969245665316 0.85407969245665316
2.0400000000000009 0.96892385609316356 0.96892385609316356
2.0800000000000001 0.95317086691506336 0.95317086691506336
2.1200000000000010 0.84381977422875909 0.84381977422875909
2.1600000000000001 0.73051366245441662 0.73051366245441662
2.2000000000000011 0.66519281085565218 0.66519281085565218
2.2400000000000002 0.63542027455619066 0.63542027455619066
2.2800000000000011 0.61753760135207536 0.61753760135207536
2.3200000000000003 0.61936689175952298 0.61936689175952298
2.3599999999999994 0.65943345985214274 0.65943345985214274
2.4000000000000004 0.73635989773627086 0.73635989773627086
2.4399999999999995 0.83155510811773525 0.83155510811773525
2.4800000000000004 0.91357013400251508 0.91357013400251508
2.5199999999999996 0.94172176653977135 0.94172176653977135
2.5600000000000005 0.90546225892381971 0.90546225892381971
2.5999999999999996 0.85102484838372627 0.85102484838372627
2.6400000000000006 0.82653158685594885 0.82653158685594885
2.6799999999999997 0.82072170303945902 0.82072170303945902
2.7200000000000006 0.80047793520778332 0.80047793520778332
2.7599999999999998 0.78339064667987235 0.78339064667987235
2.8000000000000007 0.81883732144011745 0.81883732144011745
2.8399999999999999 0.90368825643378214 0.90368825643378214
2.8800000000000008 0.96512195226948605 0.96512195226948605
2.9199999999999999 0.93852539949126357 0.93852539949126357
2.9600000000000009 0.83444888730689160 0.83444888730689160
3.0000000000000000 0.72235275824099987 0.72235275824099987
3.0400000000000009 0.66657717553673124 0.66657717553673124
3.0800000000000001 0.68231161368481541 0.68231161368481541
3.1200000000000010 0.74168356174506500 0.74168356174506500
3.1600000000000001 0.80581131041254850 0.80581131041254850
3.2000000000000011 0.84737088187484122 0.84737088187484122
3.2400000000000002 0.86233651327933902 0.86233651327933902
3.2800000000000011 0.86952270679921284 0.86952270679921284
3.3200000000000003 0.88321628724784107 0.88321628724784107
3.3599999999999994 0.87999336921032156 0.87999336921032156
3.4000000000000004 0.81297263614234283 0.81297263614234283
3.4399999999999995 0.67832396613686552 0.67832396613686552
3.4800000000000004 0.54477485228277012 0.54477485228277012
3.5199999999999996 0.49102783213219886 0.49102783213219886
3.5600000000000005 0.53418749467859084 0.53418749467859084
3.5999999999999996 0.63001218027949690 0.63001218027949690
3.6400000000000006 0.72061307070862590 0.72061307070862590
3.6799999999999997 0.77767402036895317 0.77767402036895317
3.7200000000000006 0.81038771374302399 0.81038771374302399
3.7599999999999998 0.83577153797732817 0.83577153797732817
3.8000000000000007 0.84610874449306728 0.84610874449306728
3.8399999999999999 0.80825514314085034 0.80825514314085034
3.8800000000000008 0.70011124237361866 0.70011124237361866
3.9199999999999999 0.55011980579341369 0.55011980579341369
3.9600000000000009 0.42785810165717497 0.42785810165717497
4.0000000000000000 0.38742827268507091 0.38742827268507091
4.0400000000000009 0.42002897276820300 0.42002897276820300
4.0800000000000001 0.46779678345535136 0.46779678345535136
4.1200000000000010 0.49797592530435070 0.49797592530435070
4.1600000000000001 0.54679850533077956 0.54679850533077956
4.2000000000000011 0.65919066760771239 0.65919066760771239
4.2400000000000002 0.81232567365807828 0.81232567365807828
4.2800000000000011 0.94338244223089929 0.94338244223089929
4.3200000000000003 1.0251289967044690 1.0251289967044690
4.3599999999999994 1.0612046013863743 1.0612046013863743
4.4000000000000004 1.0312417699059122 1.0312417699059122
4.4399999999999995 0.90732271910355633 0.90732271910355633
4.4800000000000004 0.71633873726379560 0.71633873726379560
4.5199999999999996 0.52906924237580122 0.52906924237580122
4.5600000000000005 0.39293449814560222 0.39293449814560222
4.5999999999999996 0.30581079447933279 0.30581079447933279
4.6400000000000006 0.24316539210066926 0.24316539210066926
4.6799999999999997 0.19586436775598462 0.19586436775598462
4.7200000000000006 0.18917202202862454 0.18917202202862454
4.7599999999999998 0.26987519360495571 0.26987519360495571
4.8000000000000007 0.46372216890507456 0.46372216890507456
4.8399999999999999 0.73447225168060604 0.73447225168060604
4.8800000000000008 1.0016017898572391 1.0016017898572391
4.9199999999999999 1.2096300218790323 1.2096300218790323
4.9600000000000009 1.3452169714310778 1.3452169714310778
5.0000000000000000 1.3914265955888661 1.3914265955888661
5.0400000000000009 1.3322272047835930 1.3322272047835930
5.0800000000000001 1.1912057364326698 1.1912057364326698
5.1200000000000010 1.0064675887352048 1.0064675887352048
5.1600000000000001 0.80118675076544976 0.80118675076544976
5.2000000000000011 0.61752331585585396 0.61752331585585396
5.2400000000000002 0.50944305337517437 0.50944305337517437
5.2800000000000011 0.46509074264353156 0.46509074264353156
5.3200000000000003 0.41465293835195521 0.41465293835195521
5.3599999999999994 0.33928037837339425 0.33928037837339425
5.4000000000000004 0.29925323560739914 0.29925323560739914
5.4399999999999995 0.33785729385306329 0.33785729385306329
5.4800000000000004 0.41829519324308573 0.41829519324308573
5.5199999999999996 0.49760168747643652 0.49760168747643652
5.5600000000000005 0.63480445569755517 0.63480445569755517
5.5999999999999996 0.93880009842863710 0.93880009842863710
5.6400000000000006 1.3742008948655506 1.3742008948655506
5.6799999999999997 1.7085960137354221 1.7085960137354221
5.7200000000000006 1.7267060928693414 1.7267060928693414
5.7599999999999998 1.4369136722484261 1.4369136722484261
5.8000000000000007 1.0191184888538345 1.0191184888538345
5.8399999999999999 0.64839464787017265 0.64839464787017265
5.8800000000000008 0.41657376900355586 0.41657376900355586
5.9199999999999999 0.35040524097550169 0.35040524097550169
5.9600000000000009 0.42840991250881599 0.42840991250881599
6.0000000000000000 0.57359795830555671 0.57359795830555671
6.0399999999999991 0.67461247083825071 0.67461247083825071
6.0800000000000018 0.66615886424846382 0.66615886424846382
6.1200000000000010 0.59004743051720310 0.59004743051720310
6.1600000000000001 0.54218689501726391 0.54218689501726391
6.1999999999999993 0.56145635689058293 0.56145635689058293
6.2400000000000020 0.60757125323558958 0.60757125323558958
6.2800000000000011 0.64562589215750954 0.64562589215750954
6.3200000000000003 0.69456923832985051 0.69456923832985051
6.3599999999999994 0.77610898196912492 0.77610898196912492
6.3999999999999986 0.87140044563254682 0.87140044563254682
6.4400000000000013 0.94296257883638068 0.94296257883638068
6.4800000000000004 0.96398033535477845 0.96398033535477845
6.5199999999999996 0.93698954035621618 0.93698954035621618
6.5599999999999987 0.90866514562275758 0.90866514562275758
6.6000000000000014 0.93749546677517559 0.93749546677517559
6.6400000000000006 1.0190898402814312 1.0190898402814312
6.6799999999999997 1.0689613557974089 1.0689613557974089
6.7199999999999989 1.0065651282722163 1.0065651282722163
6.7600000000000016 0.84542245036432973 0.84542245036432973
6.8000000000000007 0.68391997096134427 0.68391997096134427
6.8399999999999999 0.60011800083349265 0.60011800083349265
6.8799999999999990 0.57308348506356066 0.57308348506356066
6.9200000000000017 0.53908946979110495 0.53908946979110495
6.9600000000000009 0.49288671375398030 0.49288671375398030
7.0000000000000000 0.48135656188901849 0.48135656188901849
7.0399999999999991 0.52388521996024895 0.52388521996024895
7.0800000000000018 0.58335937891092804 0.58335937891092804
7.1200000000000010 0.61755077806055603 0.61755077806055603
7.1600000000000001 0.63671824659006393 0.63671824659006393
7.1999999999999993 0.67928668652366042 0.67928668652366042
7.2400000000000020 0.74064678967135855 0.74064678967135855
7.2800000000000011 0.76891104833884327 0.76891104833884327
7.3200000000000003 0.73201102432684106 0.73201102432684106
7.3599999999999994 0.66016832983908358 0.66016832983908358
7.4000000000000021 0.61544719248318347 0.61544719248318347
7.4400000000000013 0.63589120445697112 0.63589120445697112
7.4800000000000004 0.71806443267232023 0.71806443267232023
7.5199999999999996 0.83725603256834180 0.83725603256834180
7.5599999999999987 0.95943780413248170 0.95943780413248170
7.6000000000000014 1.0235373087338830 1.0235373087338830
7.6400000000000006 0.95730980160914581 0.95730980160914581
7.6799999999999997 0.76997321581572109 0.76997321581572109
7.7199999999999989 0.57925957044659204 0.57925957044659204
7.7600000000000016 0.48577403861314861 0.48577403861314861
7.8000000000000007 0.48416059291104585 0.48416059291104585
7.8399999999999999 0.52307828577759763 0.52307828577759763
7.8799999999999990 0.56314524366531904 0.56314524366531904
7.9200000000000017 0.56231340353148118 0.56231340353148118
7.9600000000000009 0.49105129217233096 0.49105129217233096
8.0000000000000000 0.37711127141371042 0.37711127141371042
8.0399999999999991 0.28513494956487190 0.28513494956487190
8.0800000000000018 0.25682094715850445 0.25682094715850445
8.1200000000000010 0.29657880854536367 0.29657880854536367
8.1600000000000001 0.39725423522108466 0.39725423522108466
8.1999999999999993 0.55891899857828864 0.55891899857828864
8.2400000000000020 0.78669294581396576 0.78669294581396576
8.2800000000000011 1.0655383280872337 1.0655383280872337
8.3200000000000003 1.3192718424187175 1.3192718424187175
8.3599999999999994 1.4151657256982280 1.4151657256982280
8.4000000000000021 1.2668872358089118 1.2668872358089118
8.4400000000000013 0.94151680571837437 0.94151680571837437
8.4800000000000004 0.62030951518471378 0.62030951518471378
8.5199999999999996 0.44075877615975206 0.44075877615975206
8.5599999999999987 0.39849916268578300 0.39849916268578300
8.6000000000000014 0.39859854986214172 0.39859854986214172
8.6400000000000006 0.37037149478053261 0.37037149478053261
8.6799999999999997 0.31967157808555613 0.31967157808555613
8.7199999999999989 0.29711891607962243 0.29711891607962243
8.7600000000000016 0.35221703118490216 0.35221703118490216
8.8000000000000007 0.50444537370868459 0.50444537370868459
8.8399999999999999 0.71037014672110055 0.71037014672110055
8.8799999999999990 0.86230488840790898 0.86230488840790898
8.9200000000000017 0.87718021150136072 0.87718021150136072
8.9600000000000009 0.80243849937775447 0.80243849937775447
9.0000000000000000 0.78860898757089204 0.78860898757089204
9.0399999999999991 0.94604647031315225 0.94604647031315225
9.0800000000000018 1.2494073991855574 1.2494073991855574
9.1200000000000010 1.5475743580012411 1.5475743580012411
9.1600000000000001 1.6532194199009260 1.6532194199009260
9.1999999999999993 1.5153793352531171 1.5153793352531171
9.2400000000000020 1.3184087255862806 1.3184087255862806
9.2800000000000011 1.2897072065489728 1.2897072065489728
9.3200000000000003 1.4122183492048426 1.4122183492048426
9.3599999999999994 1.4784496723827665 1.4784496723827665
9.4000000000000021 1.4476898373933997 1.4476898373933997
9.4400000000000013 1.5465261844942451 1.5465261844942451
9.4800000000000004 1.9091004094754951 1.9091004094754951
9.5199999999999996 2.3381182286877875 2.3381182286877875
9.5599999999999987 2.5933034869184843 2.5933034869184843
9.6000000000000014 2.6949563566114545 2.6949563566114545
9.6400000000000006 2.7666028346693019 2.7666028346693019
9.6799999999999997 2.8182488380800317 2.8182488380800317
9.7199999999999989 2.8573498641081851 2.8573498641081851
9.7600000000000016 3.0321421436604146 3.0321421436604146
9.8000000000000007 3.4967964763599970 3.4967964763599970
9.8399999999999999 4.1152512761246474 4.1152512761246474
9.8799999999999990 4.4273220159228641 4.4273220159228641
9.9200000000000017 4.1292405339677547 4.1292405339677547
9.9600000000000009 3.5116792950278488 3.5116792950278488
 @#dos of site           7 s(up) s(dn)
-10.000000000000000 2.1246106291724384E-085 2.1246106291724384E-085
-9.9600000000000009 2.1246106291724384E-085 2.1246106291724384E-085
-9.9199999999999999 2.1246106291724384E-085 2.1246106291724384E-085
-9.8800000000000008 2.1246106291724384E-085 2.1246106291724384E-085
-9.8399999999999999 2.1246106291724384E-085 2.1246106291724384E-085
-9.8000000000000007 2.1246106291724384E-085 2.1246106291724384E-085
-9.7599999999999998 2.1246106291724384E-085 2.1246106291724384E-085
-9.7200000000000006 2.1246106291724384E-085 2.1246106291724384E-085
-9.6799999999999997 2.1246106291724384E-085 2.1246106291724384E-085
-9.6400000000000006 2.1246106291724384E-085 2.1246106291724384E-085
-9.5999999999999996 2.1246106291724384E-085 2.1246106291724384E-085
-9.5600000000000005 2.1246106291724384E-085 2.1246106291724384E-085
-9.5199999999999996 2.1246106291724384E-085 2.1246106291724384E-085
-9.4800000000000004 2.1246106291724384E-085 2.1246106291724384E-085
-9.4399999999999995 2.1246106291724384E-085 2.1246106291724384E-085
-9.4000000000000004 2.1246106291724384E-085 2.1246106291724384E-085
-9.3599999999999994 2.1246106291724384E-085 2.1246106291724384E-085
-9.3200000000000003 2.1246106291724384E-085 2.1246106291724384E-085
-9.2799999999999994 2.1246106291724384E-085 2.1246106291724384E-085
-9.2400000000000002 2.1246106291724384E-085 2.1246106291724384E-085
-9.1999999999999993 2.1246106291724384E-085 2.1246106291724384E-085
-9.1600000000000001 2.1246106291724384E-085 2.1246106291724384E-085
-9.1199999999999992 2.1246106291724384E-085 2.1246106291724384E-085
-9.0800000000000001 2.1246106291724384E-085 2.1246106291724384E-085
-9.0399999999999991 2.1246106291724384E-085 2.1246106291724384E-085
-9.0000000000000000 2.1246106291724384E-085 2.1246106291724384E-085
-8.9600000000000009 2.1246106291724384E-085 2.1246106291724384E-085
-8.9199999999999999 2.1246106291724384E-085 2.1246106291724384E-085
-8.8799999999999990 2.1246106291724384E-085 2.1246106291724384E-085
-8.8399999999999999 2.1246106291724384E-085 2.1246106291724384E-085
-8.8000000000000007 2.1246106291724384E-085 2.1246106291724384E-085
-8.7599999999999998 2.1246106291724384E-085 2.1246106291724384E-085
-8.7200000000000006 2.1246106291724384E-085 2.1246106291724384E-085
-8.6799999999999997 2.1246106291724384E-085 2.1246106291724384E-085
-8.6400000000000006 2.1246106291724384E-085 2.1246106291724384E-085
-8.5999999999999996 2.1246106291724384E-085 2.1246106291724384E-085
-8.5600000000000005 2.1246106291724384E-085 2.1246106291724384E-085
-8.5199999999999996 2.1246106291724384E-085 2.1246106291724384E-085
-8.4800000000000004 2.1246106291724384E-085 2.1246106291724384E-085
-8.4399999999999995 2.1246106291724384E-085 2.1246106291724384E-085
-8.4000000000000004 2.1246106291724384E-085 2.1246106291724384E-085
-8.3599999999999994 2.1246106291724384E-085 2.1246106291724384E-085
-8.3200000000000003 2.1246106291724384E-085 2.1246106291724384E-085
-8.2799999999999994 2.1246106291724384E-085 2.1246106291724384E-085
-8.2400000000000002 2.1246106291724384E-085 2.1246106291724384E-085
-8.1999999999999993 2.1246106291724384E-085 2.1246106291724384E-085
-8.1600000000000001 2.1246106291724384E-085 2.1246106291724384E-085
-8.1199999999999992 2.1246106291724384E-085 2.1246106291724384E-085
-8.0800000000000001 2.2485300582893340E-085 2.2485300582893340E-085
-8.0399999999999991 7.8730134117913291E-082 7.8730134117913291E-082
-8.0000000000000000 3.5848905615033686E-077 3.5848905615033686E-077
-7.9600000000000000 1.1841211589801554E-072 1.1841211589801554E-072
-7.9199999999999999 2.8365117061199912E-068 2.8365117061199912E-068
-7.8799999999999999 4.9276654569615390E-064 4.9276654569615390E-064
-7.8399999999999999 6.2082049768610634E-060 6.2082049768610634E-060
-7.7999999999999998 5.6722984899230285E-056 5.6722984899230285E-056
-7.7599999999999998 3.7585497388095531E-052 3.7585497388095531E-052
-7.7199999999999998 1.8061329846485482E-048 1.8061329846485482E-048
-7.6799999999999997 6.2942986148431668E-045 6.2942986148431668E-045
-7.6400000000000006 1.5907911217081147E-041 1.5907911217081147E-041
-7.5999999999999996 2.9157290967170978E-038 2.9157290967170978E-038
-7.5600000000000005 3.8756931001361896E-035 3.8756931001361896E-035
-7.5199999999999996 3.7361111275605844E-032 3.7361111275605844E-032
-7.4800000000000004 2.6119110810297931E-029 2.6119110810297931E-029
-7.4399999999999995 1.3242353803665814E-026 1.3242353803665814E-026
-7.4000000000000004 4.8690045772406435E-024 4.8690045772406435E-024
-7.3599999999999994 1.2983248672129652E-021 1.2983248672129652E-021
-7.3200000000000003 2.5106996649746097E-019 2.5106996649746097E-019
-7.2799999999999994 3.5210675003500803E-017 3.5210675003500803E-017
-7.2400000000000002 3.5811468824770453E-015 3.5811468824770453E-015
-7.1999999999999993 2.6414239818579319E-013 2.6414239818579319E-013
-7.1600000000000001 1.4129353938663290E-011 1.4129353938663290E-011
-7.1200000000000001 5.4811883032903655E-010 5.4811883032903655E-010
-7.0800000000000001 1.5420393868653580E-008 1.5420393868653580E-008
-7.0400000000000000 3.1461897287076916E-007 3.1461897287076916E-007
-7.0000000000000000 4.6552658278606938E-006 4.6552658278606938E-006
-6.9600000000000000 4.9955090302345183E-005 4.9955090302345183E-005
-6.9199999999999999 3.8878738027691573E-004 3.8878738027691573E-004
-6.8799999999999999 2.1949501231685168E-003 2.1949501231685168E-003
-6.8399999999999999 8.9957508951296703E-003 8.9957508951296703E-003
-6.7999999999999998 2.6839957207391348E-002 2.6839957207391348E-002
-6.7599999999999998 5.8928378804254625E-002 5.8928378804254625E-002
-6.7199999999999998 9.8947904319384675E-002 9.8947904319384675E-002
-6.6799999999999997 0.14245845747766780 0.14245845747766780
-6.6400000000000006 0.21356557716867414 0.21356557716867414
-6.5999999999999996 0.34952113986030287 0.34952113986030287
-6.5600000000000005 0.52211510811115402 0.52211510811115402
-6.5199999999999996 0.61288624302561745 0.61288624302561745
-6.4800000000000004 0.53390384626859211 0.53390384626859211
-6.4399999999999995 0.34068470839249948 0.34068470839249948
-6.4000000000000004 0.16607387381843708 0.16607387381843708
-6.3599999999999994 9.4783518216408055E-002 9.4783518216408055E-002
-6.3200000000000003 0.14986036756193372 0.14986036756193372
-6.2799999999999994 0.32771595297465717 0.32771595297465717
-6.2400000000000002 0.57399944811800729 0.57399944811800729
-6.1999999999999993 0.78110612928607326 0.78110612928607326
-6.1600000000000001 0.90665452597283969 0.90665452597283969
-6.1200000000000001 1.0372528280744002 1.0372528280744002
-6.0800000000000001 1.2089434419175928 1.2089434419175928
-6.0400000000000000 1.2614361807368961 1.2614361807368961
-6.0000000000000000 1.0416638899071136 1.0416638899071136
-5.9600000000000000 0.64563888727446994 0.64563888727446994
-5.9199999999999999 0.30648617467091505 0.30648617467091505
-5.8799999999999999 0.15694108410470992 0.15694108410470992
-5.8399999999999999 0.19811319148161563 0.19811319148161563
-5.7999999999999998 0.37596142856766807 0.37596142856766807
-5.7599999999999998 0.60712909035087859 0.60712909035087859
-5.7199999999999998 0.83387883887555492 0.83387883887555492
-5.6799999999999997 1.1083551783922727 1.1083551783922727
-5.6399999999999997 1.4806967100817721 1.4806967100817721
-5.5999999999999996 1.7688625273064427 1.7688625273064427
-5.5599999999999996 1.6782009574577732 1.6782009574577732
-5.5199999999999996 1.2080176390167483 1.2080176390167483
-5.4799999999999995 0.69407619568081980 0.69407619568081980
-5.4399999999999995 0.43491294884886850 0.43491294884886850
-5.3999999999999995 0.47069239284557868 0.47069239284557868
-5.3600000000000003 0.67704792442377948 0.67704792442377948
-5.3200000000000003 0.92620347088660726 0.92620347088660726
-5.2800000000000002 1.1719311740553278 1.1719311740553278
-5.2400000000000002 1.4102085783650491 1.4102085783650491
-5.2000000000000002 1.5600010825913808 1.5600010825913808
-5.1600000000000001 1.4723159307419644 1.4723159307419644
-5.1200000000000001 1.1278128697265362 1.1278128697265362
-5.0800000000000001 0.74738854024039614 0.74738854024039614
-5.0400000000000000 0.63071372064387909 0.63071372064387909
-5.0000000000000000 0.91108661258281765 0.91108661258281765
-4.9600000000000000 1.4526302405351479 1.4526302405351479
-4.9199999999999999 1.9611395755822070 1.9611395755822070
-4.8799999999999999 2.2263162712797020 2.2263162712797020
-4.8399999999999999 2.2043859736759197 2.2043859736759197
-4.7999999999999998 1.8955648367459650 1.8955648367459650
-4.7599999999999998 1.3541774348404063 1.3541774348404063
-4.7199999999999998 0.79420005160806495 0.79420005160806495
-4.6799999999999997 0.48214031959471043 0.48214031959471043
-4.6399999999999997 0.54750059778824445 0.54750059778824445
-4.5999999999999996 0.93977732386818524 0.93977732386818524
-4.5599999999999996 1.4842520623017164 1.4842520623017164
-4.5199999999999996 1.9830686510248743 1.9830686510248743
-4.4799999999999995 2.3017442068968892 2.3017442068968892
-4.4399999999999995 2.3536541170492566 2.3536541170492566
-4.3999999999999995 2.0947747346164634 2.0947747346164634
-4.3600000000000003 1.6256242360795505 1.6256242360795505
-4.3200000000000003 1.2123665782532345 1.2123665782532345
-4.2800000000000002 1.0942021275169598 1.0942021275169598
-4.2400000000000002 1.2982317533084473 1.2982317533084473
-4.2000000000000002 1.6956917880516107 1.6956917880516107
-4.1600000000000001 2.1305882050641594 2.1305882050641594
-4.1200000000000001 2.4037718966253472 2.4037718966253472
-4.0800000000000001 2.3284912396484043 2.3284912396484043
-4.0400000000000000 1.9646000068024498 1.9646000068024498
-4.0000000000000000 1.6661910366864066 1.6661910366864066
-3.9600000000000000 1.8191638021109144 1.8191638021109144
-3.9199999999999999 2.5395289966342154 2.5395289966342154
-3.8799999999999999 3.5161395468177803 3.5161395468177803
-3.8399999999999999 4.1543293029155448 4.1543293029155448
-3.7999999999999998 4.0571687624794768 4.0571687624794768
-3.7599999999999998 3.3625657496973189 3.3625657496973189
-3.7199999999999998 2.5191044220375312 2.5191044220375312
-3.6799999999999997 1.8916066614015108 1.8916066614015108
-3.6399999999999997 1.6641923904204632 1.6641923904204632
-3.5999999999999996 1.8578944889776914 1.8578944889776914
-3.5599999999999996 2.3033652297263645 2.3033652297263645
-3.5199999999999996 2.7968607974897526 2.7968607974897526
-3.4799999999999995 3.3114378438184118 3.3114378438184118
-3.4399999999999995 3.8517282613616879 3.8517282613616879
-3.3999999999999995 4.2045554351060668 4.2045554351060668
-3.3599999999999994 4.1053838806648946 4.1053838806648946
-3.3200000000000003 3.5751856354316174 3.5751856354316174
-3.2800000000000002 2.8895353861812851 2.8895353861812851
-3.2400000000000002 2.2988307055762931 2.2988307055762931
-3.2000000000000002 1.9524167834151804 1.9524167834151804
-3.1600000000000001 2.0088917057324136 2.0088917057324136
-3.1200000000000001 2.5685269840546390 2.5685269840546390
-3.0800000000000001 3.4290631761650823 3.4290631761650823
-3.0400000000000000 4.0999657597427470 4.0999657597427470
-3.0000000000000000 4.1899843469794424 4.1899843469794424
-2.9600000000000000 3.6973876152900229 3.6973876152900229
-2.9199999999999999 2.9267879476430512 2.9267879476430512
-2.8799999999999999 2.2539304149642687 2.2539304149642687
-2.8399999999999999 1.9181152721385570 1.9181152721385570
-2.7999999999999998 1.9048556490603723 1.9048556490603723
-2.7599999999999998 2.0195758154934169 2.0195758154934169
-2.7199999999999998 2.0869992841263261 2.0869992841263261
-2.6799999999999997 2.0668898750561042 2.0668898750561042
-2.6399999999999997 2.0089630246606833 2.0089630246606833
-2.5999999999999996 1.9510618979951366 1.9510618979951366
-2.5599999999999996 1.8853502110317142 1.8853502110317142
-2.5199999999999996 1.7907929628892998 1.7907929628892998
-2.4799999999999995 1.6604554219845407 1.6604554219845407
-2.4399999999999995 1.5060258415133532 1.5060258415133532
-2.3999999999999995 1.3607819517881177 1.3607819517881177
-2.3599999999999994 1.2691044499745996 1.2691044499745996
-2.3200000000000003 1.2314508274978380 1.2314508274978380
-2.2800000000000002 1.1781456733333753 1.1781456733333753
-2.2400000000000002 1.0606650962131337 1.0606650962131337
-2.2000000000000002 0.93222943894236276 0.93222943894236276
-2.1600000000000001 0.86968547528851203 0.86968547528851203
-2.1200000000000001 0.86219240580168066 0.86219240580168066
-2.0800000000000001 0.83760957438261807 0.83760957438261807
-2.0400000000000000 0.76069826557803155 0.76069826557803155
-2.0000000000000000 0.65396168198623483 0.65396168198623483
-1.9599999999999991 0.54404562484310048 0.54404562484310048
-1.9199999999999999 0.43916371307059709 0.43916371307059709
-1.8799999999999990 0.35469353351157984 0.35469353351157984
-1.8399999999999999 0.31306028900474803 0.31306028900474803
-1.8000000000000007 0.31221482166099718 0.31221482166099718
-1.7599999999999998 0.32313374969287106 0.32313374969287106
-1.7200000000000006 0.31982113132318801 0.31982113132318801
-1.6799999999999997 0.30007457304564855 0.30007457304564855
-1.6400000000000006 0.28161503014062650 0.28161503014062650
-1.5999999999999996 0.28136005334864528 0.28136005334864528
-1.5600000000000005 0.29537450316130420 0.29537450316130420
-1.5199999999999996 0.30330867234546649 0.30330867234546649
-1.4800000000000004 0.29159409787448137 0.29159409787448137
-1.4399999999999995 0.26401512307526953 0.26401512307526953
-1.4000000000000004 0.23477965944554191 0.23477965944554191
-1.3599999999999994 0.21712919977032014 0.21712919977032014
-1.3200000000000003 0.21376256368802857 0.21376256368802857
-1.2799999999999994 0.21909387453892631 0.21909387453892631
-1.2400000000000002 0.22997744367645634 0.22997744367645634
-1.1999999999999993 0.24821736866745003 0.24821736866745003
-1.1600000000000001 0.27650685652940149 0.27650685652940149
-1.1199999999999992 0.31272664534613231 0.31272664534613231
-1.0800000000000001 0.34365908457139266 0.34365908457139266
-1.0399999999999991 0.35483449540785389 0.35483449540785389
-1.0000000000000000 0.35245305655384240 0.35245305655384240
-0.95999999999999908 0.36011987270560369 0.36011987270560369
-0.91999999999999993 0.38831840095354403 0.38831840095354403
-0.87999999999999901 0.42090081105326066 0.42090081105326066
-0.83999999999999986 0.43652323037280061 0.43652323037280061
-0.79999999999999893 0.43118205688541877 0.43118205688541877
-0.75999999999999979 0.41534127004633098 0.41534127004633098
-0.72000000000000064 0.40453041653996191 0.40453041653996191
-0.67999999999999972 0.41886151668534061 0.41886151668534061
-0.64000000000000057 0.47194204365246895 0.47194204365246895
-0.59999999999999964 0.55022662939080291 0.55022662939080291
-0.56000000000000050 0.61744686410657534 0.61744686410657534
-0.51999999999999957 0.64740605958332520 0.64740605958332520
-0.48000000000000043 0.64857182415276482 0.64857182415276482
-0.43999999999999950 0.65424774199872704 0.65424774199872704
-0.40000000000000036 0.68716555981820149 0.68716555981820149
-0.35999999999999943 0.73623740430014861 0.73623740430014861
-0.32000000000000028 0.77541230130088079 0.77541230130088079
-0.27999999999999936 0.79588218275822664 0.79588218275822664
-0.24000000000000021 0.79692162333283478 0.79692162333283478
-0.19999999999999929 0.75984138253238764 0.75984138253238764
-0.16000000000000014 0.67443028092841029 0.67443028092841029
-0.11999999999999922 0.57960787989259221 0.57960787989259221
-8.0000000000000071E-002 0.53044876590275813 0.53044876590275813
-3.9999999999999147E-002 0.53349685225765930 0.53349685225765930
0.0000000000000000 0.54678262240091746 0.54678262240091746
4.0000000000000924E-002 0.53380596462947938 0.53380596462947938
8.0000000000000071E-002 0.49866190531222693 0.49866190531222693
0.12000000000000099 0.47250812168641493 0.47250812168641493
0.16000000000000014 0.47678574293422710 0.47678574293422710
0.20000000000000107 0.50331556280387402 0.50331556280387402
0.24000000000000021 0.52561810604844850 0.52561810604844850
0.27999999999999936 0.52316152953980311 0.52316152953980311
0.32000000000000028 0.49933714840159388 0.49933714840159388
0.35999999999999943 0.48096758397664630 0.48096758397664630
0.40000000000000036 0.48990235225686801 0.48990235225686801
0.43999999999999950 0.51952590677422217 0.51952590677422217
0.48000000000000043 0.55393977485600254 0.55393977485600254
0.51999999999999957 0.58986268833597522 0.58986268833597522
0.56000000000000050 0.62052278711667608 0.62052278711667608
0.59999999999999964 0.62119452314925527 0.62119452314925527
0.64000000000000057 0.56774736815878157 0.56774736815878157
0.67999999999999972 0.46276917095503967 0.46276917095503967
0.72000000000000064 0.34119898195530363 0.34119898195530363
0.75999999999999979 0.24723856387646706 0.24723856387646706
0.80000000000000071 0.20432836507881930 0.20432836507881930
0.83999999999999986 0.20860333524067534 0.20860333524067534
0.88000000000000078 0.23797770338381313 0.23797770338381313
0.91999999999999993 0.26080595840690662 0.26080595840690662
0.96000000000000085 0.25089412440506709 0.25089412440506709
1.0000000000000000 0.20683370278285224 0.20683370278285224
1.0400000000000009 0.15389713747157088 0.15389713747157088
1.0800000000000001 0.12001647811954240 0.12001647811954240
1.1200000000000010 0.11290309457783149 0.11290309457783149
1.1600000000000001 0.12428723064552123 0.12428723064552123
1.2000000000000011 0.14669945554938305 0.14669945554938305
1.2400000000000002 0.17826215944829504 0.17826215944829504
1.2799999999999994 0.21641553556355425 0.21641553556355425
1.3200000000000003 0.25194071847619454 0.25194071847619454
1.3599999999999994 0.27093891829739697 0.27093891829739697
1.4000000000000004 0.26866133422476135 0.26866133422476135
1.4399999999999995 0.26326719903942863 0.26326719903942863
1.4800000000000004 0.28510910900914826 0.28510910900914826
1.5199999999999996 0.34100470380062597 0.34100470380062597
1.5600000000000005 0.39608232475318483 0.39608232475318483
1.5999999999999996 0.40874850441134930 0.40874850441134930
1.6400000000000006 0.38035366850333646 0.38035366850333646
1.6799999999999997 0.34976700485915907 0.34976700485915907
1.7200000000000006 0.34102239839803455 0.34102239839803455
1.7599999999999998 0.33682507860566063 0.33682507860566063
1.8000000000000007 0.30662807794643832 0.30662807794643832
1.8399999999999999 0.24726091114069401 0.24726091114069401
1.8800000000000008 0.18631877459793844 0.18631877459793844
1.9199999999999999 0.15071027586131144 0.15071027586131144
1.9600000000000009 0.14311178895757903 0.14311178895757903
2.0000000000000000 0.14674529291733168 0.14674529291733168
2.0400000000000009 0.14326388982596419 0.14326388982596419
2.0800000000000001 0.12654185270050114 0.12654185270050114
2.1200000000000010 0.10568165156570807 0.10568165156570807
2.1600000000000001 9.5253941978342499E-002 9.5253941978342499E-002
2.2000000000000011 0.10011953578629214 0.10011953578629214
2.2400000000000002 0.11248754118695718 0.11248754118695718
2.2800000000000011 0.12629954252776346 0.12629954252776346
2.3200000000000003 0.14877745111944393 0.14877745111944393
2.3599999999999994 0.19218123834062956 0.19218123834062956
2.4000000000000004 0.25491423247904765 0.25491423247904765
2.4399999999999995 0.31097808347113925 0.31097808347113925
2.4800000000000004 0.32279542956313284 0.32279542956313284
2.5199999999999996 0.27554517501432141 0.27554517501432141
2.5600000000000005 0.19562569299796587 0.19562569299796587
2.5999999999999996 0.12542139975223446 0.12542139975223446
2.6400000000000006 8.7716370966539614E-002 8.7716370966539614E-002
2.6799999999999997 7.9736665134558973E-002 7.9736665134558973E-002
2.7200000000000006 8.8966733412773585E-002 8.8966733412773585E-002
2.7599999999999998 0.10708583693056120 0.10708583693056120
2.8000000000000007 0.13155564313339585 0.13155564313339585
2.8399999999999999 0.15853815221583203 0.15853815221583203
2.8800000000000008 0.18099734631350745 0.18099734631350745
2.9199999999999999 0.19396028585333858 0.19396028585333858
2.9600000000000009 0.19515567264362013 0.19515567264362013
3.0000000000000000 0.18194557802225961 0.18194557802225961
3.0400000000000009 0.15453469687409102 0.15453469687409102
3.0800000000000001 0.12204845060640625 0.12204845060640625
3.1200000000000010 9.9199911076194414E-002 9.9199911076194414E-002
3.1600000000000001 9.4669409670640303E-002 9.4669409670640303E-002
3.2000000000000011 0.10654889715482879 0.10654889715482879
3.2400000000000002 0.13009833110039543 0.13009833110039543
3.2800000000000011 0.16314208593091795 0.16314208593091795
3.3200000000000003 0.19838517954618395 0.19838517954618395
3.3599999999999994 0.21831724579731793 0.21831724579731793
3.4000000000000004 0.21110307238367235 0.21110307238367235
3.4399999999999995 0.19222062680350716 0.19222062680350716
3.4800000000000004 0.20043664748725787 0.20043664748725787
3.5199999999999996 0.26581242733902966 0.26581242733902966
3.5600000000000005 0.38083618544667103 0.38083618544667103
3.5999999999999996 0.50408103809759675 0.50408103809759675
3.6400000000000006 0.59017533288463664 0.59017533288463664
3.6799999999999997 0.61433208412823004 0.61433208412823004
3.7200000000000006 0.57827861002942760 0.57827861002942760
3.7599999999999998 0.50399306737208860 0.50399306737208860
3.8000000000000007 0.41988703990288051 0.41988703990288051
3.8399999999999999 0.34585069524447953 0.34585069524447953
3.8800000000000008 0.28606367399024363 0.28606367399024363
3.9199999999999999 0.23531780552181339 0.23531780552181339
3.9600000000000009 0.19123231250870454 0.19123231250870454
4.0000000000000000 0.15848075322614516 0.15848075322614516
4.0400000000000009 0.14237659320002874 0.14237659320002874
4.0800000000000001 0.14015021761042074 0.14015021761042074
4.1200000000000010 0.14467294748016019 0.14467294748016019
4.1600000000000001 0.15579409833490851 0.15579409833490851
4.2000000000000011 0.17523908245393799 0.17523908245393799
4.2400000000000002 0.19840146522653437 0.19840146522653437
4.2800000000000011 0.23150228428946060 0.23150228428946060
4.3200000000000003 0.29975503156989075 0.29975503156989075
4.3599999999999994 0.40859778743679992 0.40859778743679992
4.4000000000000004 0.51334678329549810 0.51334678329549810
4.4399999999999995 0.55649274633268830 0.55649274633268830
4.4800000000000004 0.52423856216798170 0.52423856216798170
4.5199999999999996 0.45495813762024523 0.45495813762024523
4.5600000000000005 0.40746303228976444 0.40746303228976444
4.5999999999999996 0.42551882480343300 0.42551882480343300
4.6400000000000006 0.51840466568371890 0.51840466568371890
4.6799999999999997 0.65673022086870270 0.65673022086870270
4.7200000000000006 0.78086817712093759 0.78086817712093759
4.7599999999999998 0.83411890266036315 0.83411890266036315
4.8000000000000007 0.80670875652233309 0.80670875652233309
4.8399999999999999 0.74444743857519169 0.74444743857519169
4.8800000000000008 0.71074837835082783 0.71074837835082783
4.9199999999999999 0.73181148869567858 0.73181148869567858
4.9600000000000009 0.76698553657646917 0.76698553657646917
5.0000000000000000 0.74715712990172711 0.74715712990172711
5.0400000000000009 0.65273119622510134 0.65273119622510134
5.0800000000000001 0.53156178429159240 0.53156178429159240
5.1200000000000010 0.43131684401119358 0.43131684401119358
5.1600000000000001 0.34788196080746459 0.34788196080746459
5.2000000000000011 0.26425015731796447 0.26425015731796447
5.2400000000000002 0.19963560603495317 0.19963560603495317
5.2800000000000011 0.18163193477642040 0.18163193477642040
5.3200000000000003 0.20377608116790968 0.20377608116790968
5.3599999999999994 0.24177605873895300 0.24177605873895300
5.4000000000000004 0.28314462381658012 0.28314462381658012
5.4399999999999995 0.31844885523202981 0.31844885523202981
5.4800000000000004 0.32999068391892322 0.32999068391892322
5.5199999999999996 0.32168767897047151 0.32168767897047151
5.5600000000000005 0.35594330715550759 0.35594330715550759
5.5999999999999996 0.52441361392577990 0.52441361392577990
5.6400000000000006 0.85032434727122552 0.85032434727122552
5.6799999999999997 1.2274614373511374 1.2274614373511374
5.7200000000000006 1.4893572806958741 1.4893572806958741
5.7599999999999998 1.5440413929315175 1.5440413929315175
5.8000000000000007 1.4232977176070141 1.4232977176070141
5.8399999999999999 1.2193134042685074 1.2193134042685074
5.8800000000000008 1.0019013179812217 1.0019013179812217
5.9199999999999999 0.79246935848225353 0.79246935848225353
5.9600000000000009 0.60545395189373219 0.60545395189373219
6.0000000000000000 0.47699037045747256 0.47699037045747256
6.0399999999999991 0.42028851279761348 0.42028851279761348
6.0800000000000018 0.39585209566755536 0.39585209566755536
6.1200000000000010 0.36051937129903977 0.36051937129903977
6.1600000000000001 0.31189720513405023 0.31189720513405023
6.1999999999999993 0.27754793676221146 0.27754793676221146
6.2400000000000020 0.29589860393512807 0.29589860393512807
6.2800000000000011 0.39903990864953809 0.39903990864953809
6.3200000000000003 0.57765247945878406 0.57765247945878406
6.3599999999999994 0.76178106542683921 0.76178106542683921
6.3999999999999986 0.86024864792403710 0.86024864792403710
6.4400000000000013 0.84541730312447205 0.84541730312447205
6.4800000000000004 0.79482355215703582 0.79482355215703582
6.5199999999999996 0.80097319958611135 0.80097319958611135
6.5599999999999987 0.84127576704183504 0.84127576704183504
6.6000000000000014 0.81110126758476020 0.81110126758476020
6.6400000000000006 0.67846511909093055 0.67846511909093055
6.6799999999999997 0.51697914193738159 0.51697914193738159
6.7199999999999989 0.40246398217973545 0.40246398217973545
6.7600000000000016 0.36495314849010452 0.36495314849010452
6.8000000000000007 0.42253584051617271 0.42253584051617271
6.8399999999999999 0.58019595356961262 0.58019595356961262
6.8799999999999990 0.79738212164650901 0.79738212164650901
6.9200000000000017 0.99542729428713639 0.99542729428713639
6.9600000000000009 1.0899393506078607 1.0899393506078607
7.0000000000000000 1.0389816063141610 1.0389816063141610
7.0399999999999991 0.89085875401522907 0.89085875401522907
7.0800000000000018 0.74251454495755786 0.74251454495755786
7.1200000000000010 0.65884240501618030 0.65884240501618030
7.1600000000000001 0.68708086617748942 0.68708086617748942
7.1999999999999993 0.87080242195612090 0.87080242195612090
7.2400000000000020 1.1533420795463414 1.1533420795463414
7.2800000000000011 1.3512844727794753 1.3512844727794753
7.3200000000000003 1.3282191371978689 1.3282191371978689
7.3599999999999994 1.1359003308617757 1.1359003308617757
7.4000000000000021 0.91489521171299559 0.91489521171299559
7.4400000000000013 0.73593268631420183 0.73593268631420183
7.4800000000000004 0.60812442527265143 0.60812442527265143
7.5199999999999996 0.56224161279286533 0.56224161279286533
7.5599999999999987 0.63389544054128155 0.63389544054128155
7.6000000000000014 0.76994010431115656 0.76994010431115656
7.6400000000000006 0.82219367489482065 0.82219367489482065
7.6799999999999997 0.69925514371366437 0.69925514371366437
7.7199999999999989 0.48426257208247869 0.48426257208247869
7.7600000000000016 0.33754071715299516 0.33754071715299516
7.8000000000000007 0.33474725668506705 0.33474725668506705
7.8399999999999999 0.44033629604874985 0.44033629604874985
7.8799999999999990 0.57003364498145581 0.57003364498145581
7.9200000000000017 0.64102929794876307 0.64102929794876307
7.9600000000000009 0.61411570987336506 0.61411570987336506
8.0000000000000000 0.51982443716036608 0.51982443716036608
8.0399999999999991 0.42078410202046529 0.42078410202046529
8.0800000000000018 0.35621748088032251 0.35621748088032251
8.1200000000000010 0.35280296641368097 0.35280296641368097
8.1600000000000001 0.45904232923350435 0.45904232923350435
8.1999999999999993 0.71495985857409794 0.71495985857409794
8.2400000000000020 1.0985061010785175 1.0985061010785175
8.2800000000000011 1.5413718478158531 1.5413718478158531
8.3200000000000003 1.9667464816692526 1.9667464816692526
8.3599999999999994 2.2506513279543872 2.2506513279543872
8.4000000000000021 2.2117062504643763 2.2117062504643763
8.4400000000000013 1.7877580737395193 1.7877580737395193
8.4800000000000004 1.1943874402955490 1.1943874402955490
8.5199999999999996 0.75766332625030697 0.75766332625030697
8.5599999999999987 0.61808075646291594 0.61808075646291594
8.6000000000000014 0.68774556773712214 0.68774556773712214
8.6400000000000006 0.81389872418525533 0.81389872418525533
8.6799999999999997 0.89734295412319731 0.89734295412319731
8.7199999999999989 0.94756087020030266 0.94756087020030266
8.7600000000000016 1.1527471368907725 1.1527471368907725
8.8000000000000007 1.8108420034890409 1.8108420034890409
8.8399999999999999 2.9593044098790666 2.9593044098790666
8.8799999999999990 4.0620146532911869 4.0620146532911869
8.9200000000000017 4.3639221738083762 4.3639221738083762
8.9600000000000009 3.6910551933766920 3.6910551933766920
9.0000000000000000 2.6399765315506265 2.6399765315506265
9.0399999999999991 1.8825739587279153 1.8825739587279153
9.0800000000000018 1.5710265863246560 1.5710265863246560
9.1200000000000010 1.4923187876114334 1.4923187876114334
9.1600000000000001 1.4875337542099456 1.4875337542099456
9.1999999999999993 1.5786957688291750 1.5786957688291750
9.2400000000000020 1.8555462898509045 1.8555462898509045
9.2800000000000011 2.3120602023272530 2.3120602023272530
9.3200000000000003 2.7435135586805188 2.7435135586805188
9.3599999999999994 2.8867999383215630 2.8867999383215630
9.4000000000000021 2.7749276256915287 2.7749276256915287
9.4400000000000013 2.7944815043189042 2.7944815043189042
9.4800000000000004 3.1609824491068550 3.1609824491068550
9.5199999999999996 3.5389532575842755 3.5389532575842755
9.5599999999999987 3.4786971568869713 3.4786971568869713
9.6000000000000014 2.9727580771210138 2.9727580771210138
9.6400000000000006 2.3193758366247743 2.3193758366247743
9.6799999999999997 1.7387775070320861 1.7387775070320861
9.7199999999999989 1.3049883419195354 1.3049883419195354
9.7600000000000016 1.0407688728980951 1.0407688728980951
9.8000000000000007 0.99091187826280391 0.99091187826280391
9.8399999999999999 1.2209996776587071 1.2209996776587071
9.8799999999999990 1.7079967041286759 1.7079967041286759
9.9200000000000017 2.2692789315787643 2.2692789315787643
9.9600000000000009 2.6431710975378309 2.6431710975378309
 @# EF
   3.511   0.000
   3.511  10.000
