@#  a(A)  Etot(eV)
2.71 0.77406420674975407
2.72 0.68827589251515831
2.73 0.60975312053224207
2.74 0.53822848155818614
2.75 0.47344526605257248
2.76 0.41515603152617431
2.77 0.36311753784655654
2.78 0.31710521140249109
2.79 0.27689528110588185
2.80 0.24227396859596342
2.81 0.21302444956084032
2.82 0.18811622026367397
2.83 0.16670065441054413
2.84 0.14869639029186107
2.85 0.13338578047229921
2.87 0.11348710797981125
2.88 0.10841030262591883
2.89 0.10632512159570862
2.90 0.10700329272205167
2.91 0.11087835200781079
2.92 0.11777732435980247
2.93 0.12806554100356154
2.94 0.14160860465349176
2.95 0.15698770471984066
3.0 0.24562435722630355
3.10 0.47392348190670341
3.20 1.7016930058755677
3.30 0.98740589635458986
3.40 1.2683546566611998
