&charge
 q_mul(1,1,0) = 0.0000000000000000
 q_mul(1,2,0) = 1.9999999998669524
 q_mul(1,3,0) = 0.0000000000000000
 q_mul(2,1,0) = 0.0000000000000000
 q_mul(2,2,0) = 1.9999999998669524
 q_mul(2,3,0) = 0.0000000000000000
 rho_net(1,1,1,1) = (0.89900292561525386, 0.0000000000000000)
 rho_net(1,1,2,1) = (0.0000000000000000, 0.0000000000000000)
 rho_net(1,2,1,1) = (0.0000000000000000, 0.0000000000000000)
 rho_net(1,2,2,1) = (0.89900334259307679, 0.0000000000000000)
 rho_net(2,1,1,1) = (0.89900292561525386, 0.0000000000000000)
 rho_net(2,1,2,1) = (0.0000000000000000, 0.0000000000000000)
 rho_net(2,2,1,1) = (0.0000000000000000, 0.0000000000000000)
 rho_net(2,2,2,1) = (0.89900334259307535, 0.0000000000000000)
 /
