&charge
 q_mul(1,1,0) = 0.85501864874488576
 q_mul(1,2,0) = 0.62744598417873121
 q_mul(1,3,0) = 9.5344950707541223
 q_mul(2,1,0) = 0.76491373343505187
 q_mul(2,2,0) = 0.71099193860994570
 q_mul(2,3,0) = 9.5097179407886472
 q_mul(3,1,0) = 0.76167743333360105
 q_mul(3,2,0) = 0.71389989710627966
 q_mul(3,3,0) = 9.5079056302558929
 q_mul(4,1,0) = 0.85063462929405054
 q_mul(4,2,0) = 0.63205748685049712
 q_mul(4,3,0) = 9.5312416043925268
 rho_net(1,1,1,1) = (0.62309527909045037, 0.0000000000000000)
 rho_net(1,1,2,1) = (0.0000000000000000, 0.0000000000000000)
 rho_net(1,1,3,1) = (0.0000000000000000, 0.0000000000000000)
 rho_net(1,1,4,1) = (0.0000000000000000, 0.0000000000000000)
 rho_net(1,1,5,1) = (0.0000000000000000, 0.0000000000000000)
 rho_net(1,1,6,1) = (0.0000000000000000, 0.0000000000000000)
 rho_net(1,1,7,1) = (0.0000000000000000, 0.0000000000000000)
 rho_net(1,1,8,1) = (0.0000000000000000, 0.0000000000000000)
 rho_net(1,1,9,1) = (0.0000000000000000, 0.0000000000000000)
 rho_net(1,2,1,1) = (0.0000000000000000, 0.0000000000000000)
 rho_net(1,2,2,1) = (0.11836772893323963, 0.0000000000000000)
 rho_net(1,2,3,1) = (0.0000000000000000, 0.0000000000000000)
 rho_net(1,2,4,1) = (0.0000000000000000, 0.0000000000000000)
 rho_net(1,2,5,1) = (0.0000000000000000, 0.0000000000000000)
 rho_net(1,2,6,1) = (0.0000000000000000, 0.0000000000000000)
 rho_net(1,2,7,1) = (0.0000000000000000, 0.0000000000000000)
 rho_net(1,2,8,1) = (0.0000000000000000, 0.0000000000000000)
 rho_net(1,2,9,1) = (0.0000000000000000, 0.0000000000000000)
 rho_net(1,3,1,1) = (0.0000000000000000, 0.0000000000000000)
 rho_net(1,3,2,1) = (0.0000000000000000, 0.0000000000000000)
 rho_net(1,3,3,1) = (0.11697572213179019, 0.0000000000000000)
 rho_net(1,3,4,1) = (0.0000000000000000, 0.0000000000000000)
 rho_net(1,3,5,1) = (0.0000000000000000, 0.0000000000000000)
 rho_net(1,3,6,1) = (0.0000000000000000, 0.0000000000000000)
 rho_net(1,3,7,1) = (0.0000000000000000, 0.0000000000000000)
 rho_net(1,3,8,1) = (0.0000000000000000, 0.0000000000000000)
 rho_net(1,3,9,1) = (0.0000000000000000, 0.0000000000000000)
 rho_net(1,4,1,1) = (0.0000000000000000, 0.0000000000000000)
 rho_net(1,4,2,1) = (0.0000000000000000, 0.0000000000000000)
 rho_net(1,4,3,1) = (0.0000000000000000, 0.0000000000000000)
 rho_net(1,4,4,1) = (7.5853946135154365E-002, 0.0000000000000000)
 rho_net(1,4,5,1) = (0.0000000000000000, 0.0000000000000000)
 rho_net(1,4,6,1) = (0.0000000000000000, 0.0000000000000000)
 rho_net(1,4,7,1) = (0.0000000000000000, 0.0000000000000000)
 rho_net(1,4,8,1) = (0.0000000000000000, 0.0000000000000000)
 rho_net(1,4,9,1) = (0.0000000000000000, 0.0000000000000000)
 rho_net(1,5,1,1) = (0.0000000000000000, 0.0000000000000000)
 rho_net(1,5,2,1) = (0.0000000000000000, 0.0000000000000000)
 rho_net(1,5,3,1) = (0.0000000000000000, 0.0000000000000000)
 rho_net(1,5,4,1) = (0.0000000000000000, 0.0000000000000000)
 rho_net(1,5,5,1) = (1.8454171936011896, 0.0000000000000000)
 rho_net(1,5,6,1) = (0.0000000000000000, 0.0000000000000000)
 rho_net(1,5,7,1) = (0.0000000000000000, 0.0000000000000000)
 rho_net(1,5,8,1) = (0.0000000000000000, 0.0000000000000000)
 rho_net(1,5,9,1) = (0.0000000000000000, 0.0000000000000000)
 rho_net(1,6,1,1) = (0.0000000000000000, 0.0000000000000000)
 rho_net(1,6,2,1) = (0.0000000000000000, 0.0000000000000000)
 rho_net(1,6,3,1) = (0.0000000000000000, 0.0000000000000000)
 rho_net(1,6,4,1) = (0.0000000000000000, 0.0000000000000000)
 rho_net(1,6,5,1) = (0.0000000000000000, 0.0000000000000000)
 rho_net(1,6,6,1) = (1.9252254467020868, 0.0000000000000000)
 rho_net(1,6,7,1) = (0.0000000000000000, 0.0000000000000000)
 rho_net(1,6,8,1) = (0.0000000000000000, 0.0000000000000000)
 rho_net(1,6,9,1) = (0.0000000000000000, 0.0000000000000000)
 rho_net(1,7,1,1) = (0.0000000000000000, 0.0000000000000000)
 rho_net(1,7,2,1) = (0.0000000000000000, 0.0000000000000000)
 rho_net(1,7,3,1) = (0.0000000000000000, 0.0000000000000000)
 rho_net(1,7,4,1) = (0.0000000000000000, 0.0000000000000000)
 rho_net(1,7,5,1) = (0.0000000000000000, 0.0000000000000000)
 rho_net(1,7,6,1) = (0.0000000000000000, 0.0000000000000000)
 rho_net(1,7,7,1) = (1.9267820144860510, 0.0000000000000000)
 rho_net(1,7,8,1) = (0.0000000000000000, 0.0000000000000000)
 rho_net(1,7,9,1) = (0.0000000000000000, 0.0000000000000000)
 rho_net(1,8,1,1) = (0.0000000000000000, 0.0000000000000000)
 rho_net(1,8,2,1) = (0.0000000000000000, 0.0000000000000000)
 rho_net(1,8,3,1) = (0.0000000000000000, 0.0000000000000000)
 rho_net(1,8,4,1) = (0.0000000000000000, 0.0000000000000000)
 rho_net(1,8,5,1) = (0.0000000000000000, 0.0000000000000000)
 rho_net(1,8,6,1) = (0.0000000000000000, 0.0000000000000000)
 rho_net(1,8,7,1) = (0.0000000000000000, 0.0000000000000000)
 rho_net(1,8,8,1) = (1.8523836360610160, 0.0000000000000000)
 rho_net(1,8,9,1) = (0.0000000000000000, 0.0000000000000000)
 rho_net(1,9,1,1) = (0.0000000000000000, 0.0000000000000000)
 rho_net(1,9,2,1) = (0.0000000000000000, 0.0000000000000000)
 rho_net(1,9,3,1) = (0.0000000000000000, 0.0000000000000000)
 rho_net(1,9,4,1) = (0.0000000000000000, 0.0000000000000000)
 rho_net(1,9,5,1) = (0.0000000000000000, 0.0000000000000000)
 rho_net(1,9,6,1) = (0.0000000000000000, 0.0000000000000000)
 rho_net(1,9,7,1) = (0.0000000000000000, 0.0000000000000000)
 rho_net(1,9,8,1) = (0.0000000000000000, 0.0000000000000000)
 rho_net(1,9,9,1) = (1.8939019167001956, 0.0000000000000000)
 rho_net(2,1,1,1) = (0.52337670827428240, 0.0000000000000000)
 rho_net(2,1,2,1) = (0.0000000000000000, 0.0000000000000000)
 rho_net(2,1,3,1) = (0.0000000000000000, 0.0000000000000000)
 rho_net(2,1,4,1) = (0.0000000000000000, 0.0000000000000000)
 rho_net(2,1,5,1) = (0.0000000000000000, 0.0000000000000000)
 rho_net(2,1,6,1) = (0.0000000000000000, 0.0000000000000000)
 rho_net(2,1,7,1) = (0.0000000000000000, 0.0000000000000000)
 rho_net(2,1,8,1) = (0.0000000000000000, 0.0000000000000000)
 rho_net(2,1,9,1) = (0.0000000000000000, 0.0000000000000000)
 rho_net(2,2,1,1) = (0.0000000000000000, 0.0000000000000000)
 rho_net(2,2,2,1) = (0.11370103566626991, 0.0000000000000000)
 rho_net(2,2,3,1) = (0.0000000000000000, 0.0000000000000000)
 rho_net(2,2,4,1) = (0.0000000000000000, 0.0000000000000000)
 rho_net(2,2,5,1) = (0.0000000000000000, 0.0000000000000000)
 rho_net(2,2,6,1) = (0.0000000000000000, 0.0000000000000000)
 rho_net(2,2,7,1) = (0.0000000000000000, 0.0000000000000000)
 rho_net(2,2,8,1) = (0.0000000000000000, 0.0000000000000000)
 rho_net(2,2,9,1) = (0.0000000000000000, 0.0000000000000000)
 rho_net(2,3,1,1) = (0.0000000000000000, 0.0000000000000000)
 rho_net(2,3,2,1) = (0.0000000000000000, 0.0000000000000000)
 rho_net(2,3,3,1) = (0.11203613353451396, 0.0000000000000000)
 rho_net(2,3,4,1) = (0.0000000000000000, 0.0000000000000000)
 rho_net(2,3,5,1) = (0.0000000000000000, 0.0000000000000000)
 rho_net(2,3,6,1) = (0.0000000000000000, 0.0000000000000000)
 rho_net(2,3,7,1) = (0.0000000000000000, 0.0000000000000000)
 rho_net(2,3,8,1) = (0.0000000000000000, 0.0000000000000000)
 rho_net(2,3,9,1) = (0.0000000000000000, 0.0000000000000000)
 rho_net(2,4,1,1) = (0.0000000000000000, 0.0000000000000000)
 rho_net(2,4,2,1) = (0.0000000000000000, 0.0000000000000000)
 rho_net(2,4,3,1) = (0.0000000000000000, 0.0000000000000000)
 rho_net(2,4,4,1) = (0.11138947611826971, 0.0000000000000000)
 rho_net(2,4,5,1) = (0.0000000000000000, 0.0000000000000000)
 rho_net(2,4,6,1) = (0.0000000000000000, 0.0000000000000000)
 rho_net(2,4,7,1) = (0.0000000000000000, 0.0000000000000000)
 rho_net(2,4,8,1) = (0.0000000000000000, 0.0000000000000000)
 rho_net(2,4,9,1) = (0.0000000000000000, 0.0000000000000000)
 rho_net(2,5,1,1) = (0.0000000000000000, 0.0000000000000000)
 rho_net(2,5,2,1) = (0.0000000000000000, 0.0000000000000000)
 rho_net(2,5,3,1) = (0.0000000000000000, 0.0000000000000000)
 rho_net(2,5,4,1) = (0.0000000000000000, 0.0000000000000000)
 rho_net(2,5,5,1) = (1.8690596221310305, 0.0000000000000000)
 rho_net(2,5,6,1) = (0.0000000000000000, 0.0000000000000000)
 rho_net(2,5,7,1) = (0.0000000000000000, 0.0000000000000000)
 rho_net(2,5,8,1) = (0.0000000000000000, 0.0000000000000000)
 rho_net(2,5,9,1) = (0.0000000000000000, 0.0000000000000000)
 rho_net(2,6,1,1) = (0.0000000000000000, 0.0000000000000000)
 rho_net(2,6,2,1) = (0.0000000000000000, 0.0000000000000000)
 rho_net(2,6,3,1) = (0.0000000000000000, 0.0000000000000000)
 rho_net(2,6,4,1) = (0.0000000000000000, 0.0000000000000000)
 rho_net(2,6,5,1) = (0.0000000000000000, 0.0000000000000000)
 rho_net(2,6,6,1) = (1.9109722610348006, 0.0000000000000000)
 rho_net(2,6,7,1) = (0.0000000000000000, 0.0000000000000000)
 rho_net(2,6,8,1) = (0.0000000000000000, 0.0000000000000000)
 rho_net(2,6,9,1) = (0.0000000000000000, 0.0000000000000000)
 rho_net(2,7,1,1) = (0.0000000000000000, 0.0000000000000000)
 rho_net(2,7,2,1) = (0.0000000000000000, 0.0000000000000000)
 rho_net(2,7,3,1) = (0.0000000000000000, 0.0000000000000000)
 rho_net(2,7,4,1) = (0.0000000000000000, 0.0000000000000000)
 rho_net(2,7,5,1) = (0.0000000000000000, 0.0000000000000000)
 rho_net(2,7,6,1) = (0.0000000000000000, 0.0000000000000000)
 rho_net(2,7,7,1) = (1.9116602331740307, 0.0000000000000000)
 rho_net(2,7,8,1) = (0.0000000000000000, 0.0000000000000000)
 rho_net(2,7,9,1) = (0.0000000000000000, 0.0000000000000000)
 rho_net(2,8,1,1) = (0.0000000000000000, 0.0000000000000000)
 rho_net(2,8,2,1) = (0.0000000000000000, 0.0000000000000000)
 rho_net(2,8,3,1) = (0.0000000000000000, 0.0000000000000000)
 rho_net(2,8,4,1) = (0.0000000000000000, 0.0000000000000000)
 rho_net(2,8,5,1) = (0.0000000000000000, 0.0000000000000000)
 rho_net(2,8,6,1) = (0.0000000000000000, 0.0000000000000000)
 rho_net(2,8,7,1) = (0.0000000000000000, 0.0000000000000000)
 rho_net(2,8,8,1) = (1.8746708041127575, 0.0000000000000000)
 rho_net(2,8,9,1) = (0.0000000000000000, 0.0000000000000000)
 rho_net(2,9,1,1) = (0.0000000000000000, 0.0000000000000000)
 rho_net(2,9,2,1) = (0.0000000000000000, 0.0000000000000000)
 rho_net(2,9,3,1) = (0.0000000000000000, 0.0000000000000000)
 rho_net(2,9,4,1) = (0.0000000000000000, 0.0000000000000000)
 rho_net(2,9,5,1) = (0.0000000000000000, 0.0000000000000000)
 rho_net(2,9,6,1) = (0.0000000000000000, 0.0000000000000000)
 rho_net(2,9,7,1) = (0.0000000000000000, 0.0000000000000000)
 rho_net(2,9,8,1) = (0.0000000000000000, 0.0000000000000000)
 rho_net(2,9,9,1) = (1.8428546968458650, 0.0000000000000000)
 rho_net(3,1,1,1) = (0.51964881436301658, 0.0000000000000000)
 rho_net(3,1,2,1) = (0.0000000000000000, 0.0000000000000000)
 rho_net(3,1,3,1) = (0.0000000000000000, 0.0000000000000000)
 rho_net(3,1,4,1) = (0.0000000000000000, 0.0000000000000000)
 rho_net(3,1,5,1) = (0.0000000000000000, 0.0000000000000000)
 rho_net(3,1,6,1) = (0.0000000000000000, 0.0000000000000000)
 rho_net(3,1,7,1) = (0.0000000000000000, 0.0000000000000000)
 rho_net(3,1,8,1) = (0.0000000000000000, 0.0000000000000000)
 rho_net(3,1,9,1) = (0.0000000000000000, 0.0000000000000000)
 rho_net(3,2,1,1) = (0.0000000000000000, 0.0000000000000000)
 rho_net(3,2,2,1) = (0.11326216836200124, 0.0000000000000000)
 rho_net(3,2,3,1) = (0.0000000000000000, 0.0000000000000000)
 rho_net(3,2,4,1) = (0.0000000000000000, 0.0000000000000000)
 rho_net(3,2,5,1) = (0.0000000000000000, 0.0000000000000000)
 rho_net(3,2,6,1) = (0.0000000000000000, 0.0000000000000000)
 rho_net(3,2,7,1) = (0.0000000000000000, 0.0000000000000000)
 rho_net(3,2,8,1) = (0.0000000000000000, 0.0000000000000000)
 rho_net(3,2,9,1) = (0.0000000000000000, 0.0000000000000000)
 rho_net(3,3,1,1) = (0.0000000000000000, 0.0000000000000000)
 rho_net(3,3,2,1) = (0.0000000000000000, 0.0000000000000000)
 rho_net(3,3,3,1) = (0.11167441032728953, 0.0000000000000000)
 rho_net(3,3,4,1) = (0.0000000000000000, 0.0000000000000000)
 rho_net(3,3,5,1) = (0.0000000000000000, 0.0000000000000000)
 rho_net(3,3,6,1) = (0.0000000000000000, 0.0000000000000000)
 rho_net(3,3,7,1) = (0.0000000000000000, 0.0000000000000000)
 rho_net(3,3,8,1) = (0.0000000000000000, 0.0000000000000000)
 rho_net(3,3,9,1) = (0.0000000000000000, 0.0000000000000000)
 rho_net(3,4,1,1) = (0.0000000000000000, 0.0000000000000000)
 rho_net(3,4,2,1) = (0.0000000000000000, 0.0000000000000000)
 rho_net(3,4,3,1) = (0.0000000000000000, 0.0000000000000000)
 rho_net(3,4,4,1) = (0.11399041672821547, 0.0000000000000000)
 rho_net(3,4,5,1) = (0.0000000000000000, 0.0000000000000000)
 rho_net(3,4,6,1) = (0.0000000000000000, 0.0000000000000000)
 rho_net(3,4,7,1) = (0.0000000000000000, 0.0000000000000000)
 rho_net(3,4,8,1) = (0.0000000000000000, 0.0000000000000000)
 rho_net(3,4,9,1) = (0.0000000000000000, 0.0000000000000000)
 rho_net(3,5,1,1) = (0.0000000000000000, 0.0000000000000000)
 rho_net(3,5,2,1) = (0.0000000000000000, 0.0000000000000000)
 rho_net(3,5,3,1) = (0.0000000000000000, 0.0000000000000000)
 rho_net(3,5,4,1) = (0.0000000000000000, 0.0000000000000000)
 rho_net(3,5,5,1) = (1.8703635158191216, 0.0000000000000000)
 rho_net(3,5,6,1) = (0.0000000000000000, 0.0000000000000000)
 rho_net(3,5,7,1) = (0.0000000000000000, 0.0000000000000000)
 rho_net(3,5,8,1) = (0.0000000000000000, 0.0000000000000000)
 rho_net(3,5,9,1) = (0.0000000000000000, 0.0000000000000000)
 rho_net(3,6,1,1) = (0.0000000000000000, 0.0000000000000000)
 rho_net(3,6,2,1) = (0.0000000000000000, 0.0000000000000000)
 rho_net(3,6,3,1) = (0.0000000000000000, 0.0000000000000000)
 rho_net(3,6,4,1) = (0.0000000000000000, 0.0000000000000000)
 rho_net(3,6,5,1) = (0.0000000000000000, 0.0000000000000000)
 rho_net(3,6,6,1) = (1.9089300862921239, 0.0000000000000000)
 rho_net(3,6,7,1) = (0.0000000000000000, 0.0000000000000000)
 rho_net(3,6,8,1) = (0.0000000000000000, 0.0000000000000000)
 rho_net(3,6,9,1) = (0.0000000000000000, 0.0000000000000000)
 rho_net(3,7,1,1) = (0.0000000000000000, 0.0000000000000000)
 rho_net(3,7,2,1) = (0.0000000000000000, 0.0000000000000000)
 rho_net(3,7,3,1) = (0.0000000000000000, 0.0000000000000000)
 rho_net(3,7,4,1) = (0.0000000000000000, 0.0000000000000000)
 rho_net(3,7,5,1) = (0.0000000000000000, 0.0000000000000000)
 rho_net(3,7,6,1) = (0.0000000000000000, 0.0000000000000000)
 rho_net(3,7,7,1) = (1.9096691060213655, 0.0000000000000000)
 rho_net(3,7,8,1) = (0.0000000000000000, 0.0000000000000000)
 rho_net(3,7,9,1) = (0.0000000000000000, 0.0000000000000000)
 rho_net(3,8,1,1) = (0.0000000000000000, 0.0000000000000000)
 rho_net(3,8,2,1) = (0.0000000000000000, 0.0000000000000000)
 rho_net(3,8,3,1) = (0.0000000000000000, 0.0000000000000000)
 rho_net(3,8,4,1) = (0.0000000000000000, 0.0000000000000000)
 rho_net(3,8,5,1) = (0.0000000000000000, 0.0000000000000000)
 rho_net(3,8,6,1) = (0.0000000000000000, 0.0000000000000000)
 rho_net(3,8,7,1) = (0.0000000000000000, 0.0000000000000000)
 rho_net(3,8,8,1) = (1.8756568212486262, 0.0000000000000000)
 rho_net(3,8,9,1) = (0.0000000000000000, 0.0000000000000000)
 rho_net(3,9,1,1) = (0.0000000000000000, 0.0000000000000000)
 rho_net(3,9,2,1) = (0.0000000000000000, 0.0000000000000000)
 rho_net(3,9,3,1) = (0.0000000000000000, 0.0000000000000000)
 rho_net(3,9,4,1) = (0.0000000000000000, 0.0000000000000000)
 rho_net(3,9,5,1) = (0.0000000000000000, 0.0000000000000000)
 rho_net(3,9,6,1) = (0.0000000000000000, 0.0000000000000000)
 rho_net(3,9,7,1) = (0.0000000000000000, 0.0000000000000000)
 rho_net(3,9,8,1) = (0.0000000000000000, 0.0000000000000000)
 rho_net(3,9,9,1) = (1.8426557504859813, 0.0000000000000000)
 rho_net(4,1,1,1) = (0.61732732746100172, 0.0000000000000000)
 rho_net(4,1,2,1) = (0.0000000000000000, 0.0000000000000000)
 rho_net(4,1,3,1) = (0.0000000000000000, 0.0000000000000000)
 rho_net(4,1,4,1) = (0.0000000000000000, 0.0000000000000000)
 rho_net(4,1,5,1) = (0.0000000000000000, 0.0000000000000000)
 rho_net(4,1,6,1) = (0.0000000000000000, 0.0000000000000000)
 rho_net(4,1,7,1) = (0.0000000000000000, 0.0000000000000000)
 rho_net(4,1,8,1) = (0.0000000000000000, 0.0000000000000000)
 rho_net(4,1,9,1) = (0.0000000000000000, 0.0000000000000000)
 rho_net(4,2,1,1) = (0.0000000000000000, 0.0000000000000000)
 rho_net(4,2,2,1) = (0.11866997871112188, 0.0000000000000000)
 rho_net(4,2,3,1) = (0.0000000000000000, 0.0000000000000000)
 rho_net(4,2,4,1) = (0.0000000000000000, 0.0000000000000000)
 rho_net(4,2,5,1) = (0.0000000000000000, 0.0000000000000000)
 rho_net(4,2,6,1) = (0.0000000000000000, 0.0000000000000000)
 rho_net(4,2,7,1) = (0.0000000000000000, 0.0000000000000000)
 rho_net(4,2,8,1) = (0.0000000000000000, 0.0000000000000000)
 rho_net(4,2,9,1) = (0.0000000000000000, 0.0000000000000000)
 rho_net(4,3,1,1) = (0.0000000000000000, 0.0000000000000000)
 rho_net(4,3,2,1) = (0.0000000000000000, 0.0000000000000000)
 rho_net(4,3,3,1) = (0.11713089296441913, 0.0000000000000000)
 rho_net(4,3,4,1) = (0.0000000000000000, 0.0000000000000000)
 rho_net(4,3,5,1) = (0.0000000000000000, 0.0000000000000000)
 rho_net(4,3,6,1) = (0.0000000000000000, 0.0000000000000000)
 rho_net(4,3,7,1) = (0.0000000000000000, 0.0000000000000000)
 rho_net(4,3,8,1) = (0.0000000000000000, 0.0000000000000000)
 rho_net(4,3,9,1) = (0.0000000000000000, 0.0000000000000000)
 rho_net(4,4,1,1) = (0.0000000000000000, 0.0000000000000000)
 rho_net(4,4,2,1) = (0.0000000000000000, 0.0000000000000000)
 rho_net(4,4,3,1) = (0.0000000000000000, 0.0000000000000000)
 rho_net(4,4,4,1) = (7.8819276523568446E-002, 0.0000000000000000)
 rho_net(4,4,5,1) = (0.0000000000000000, 0.0000000000000000)
 rho_net(4,4,6,1) = (0.0000000000000000, 0.0000000000000000)
 rho_net(4,4,7,1) = (0.0000000000000000, 0.0000000000000000)
 rho_net(4,4,8,1) = (0.0000000000000000, 0.0000000000000000)
 rho_net(4,4,9,1) = (0.0000000000000000, 0.0000000000000000)
 rho_net(4,5,1,1) = (0.0000000000000000, 0.0000000000000000)
 rho_net(4,5,2,1) = (0.0000000000000000, 0.0000000000000000)
 rho_net(4,5,3,1) = (0.0000000000000000, 0.0000000000000000)
 rho_net(4,5,4,1) = (0.0000000000000000, 0.0000000000000000)
 rho_net(4,5,5,1) = (1.8472057012921412, 0.0000000000000000)
 rho_net(4,5,6,1) = (0.0000000000000000, 0.0000000000000000)
 rho_net(4,5,7,1) = (0.0000000000000000, 0.0000000000000000)
 rho_net(4,5,8,1) = (0.0000000000000000, 0.0000000000000000)
 rho_net(4,5,9,1) = (0.0000000000000000, 0.0000000000000000)
 rho_net(4,6,1,1) = (0.0000000000000000, 0.0000000000000000)
 rho_net(4,6,2,1) = (0.0000000000000000, 0.0000000000000000)
 rho_net(4,6,3,1) = (0.0000000000000000, 0.0000000000000000)
 rho_net(4,6,4,1) = (0.0000000000000000, 0.0000000000000000)
 rho_net(4,6,5,1) = (0.0000000000000000, 0.0000000000000000)
 rho_net(4,6,6,1) = (1.9212528337570038, 0.0000000000000000)
 rho_net(4,6,7,1) = (0.0000000000000000, 0.0000000000000000)
 rho_net(4,6,8,1) = (0.0000000000000000, 0.0000000000000000)
 rho_net(4,6,9,1) = (0.0000000000000000, 0.0000000000000000)
 rho_net(4,7,1,1) = (0.0000000000000000, 0.0000000000000000)
 rho_net(4,7,2,1) = (0.0000000000000000, 0.0000000000000000)
 rho_net(4,7,3,1) = (0.0000000000000000, 0.0000000000000000)
 rho_net(4,7,4,1) = (0.0000000000000000, 0.0000000000000000)
 rho_net(4,7,5,1) = (0.0000000000000000, 0.0000000000000000)
 rho_net(4,7,6,1) = (0.0000000000000000, 0.0000000000000000)
 rho_net(4,7,7,1) = (1.9227950662377300, 0.0000000000000000)
 rho_net(4,7,8,1) = (0.0000000000000000, 0.0000000000000000)
 rho_net(4,7,9,1) = (0.0000000000000000, 0.0000000000000000)
 rho_net(4,8,1,1) = (0.0000000000000000, 0.0000000000000000)
 rho_net(4,8,2,1) = (0.0000000000000000, 0.0000000000000000)
 rho_net(4,8,3,1) = (0.0000000000000000, 0.0000000000000000)
 rho_net(4,8,4,1) = (0.0000000000000000, 0.0000000000000000)
 rho_net(4,8,5,1) = (0.0000000000000000, 0.0000000000000000)
 rho_net(4,8,6,1) = (0.0000000000000000, 0.0000000000000000)
 rho_net(4,8,7,1) = (0.0000000000000000, 0.0000000000000000)
 rho_net(4,8,8,1) = (1.8543305428366674, 0.0000000000000000)
 rho_net(4,8,9,1) = (0.0000000000000000, 0.0000000000000000)
 rho_net(4,9,1,1) = (0.0000000000000000, 0.0000000000000000)
 rho_net(4,9,2,1) = (0.0000000000000000, 0.0000000000000000)
 rho_net(4,9,3,1) = (0.0000000000000000, 0.0000000000000000)
 rho_net(4,9,4,1) = (0.0000000000000000, 0.0000000000000000)
 rho_net(4,9,5,1) = (0.0000000000000000, 0.0000000000000000)
 rho_net(4,9,6,1) = (0.0000000000000000, 0.0000000000000000)
 rho_net(4,9,7,1) = (0.0000000000000000, 0.0000000000000000)
 rho_net(4,9,8,1) = (0.0000000000000000, 0.0000000000000000)
 rho_net(4,9,9,1) = (1.8943459368447741, 0.0000000000000000)
 /
