 @# k   band (eV)
   0.000  -5.069  -3.444  -3.031  -3.011  -2.154  -1.330  -1.318  -0.676  -0.069  -0.049   1.820   1.831   2.514   2.514   2.712   2.712  19.180  20.022
   0.002  -5.068  -3.443  -3.031  -3.011  -2.154  -1.331  -1.319  -0.675  -0.069  -0.049   1.816   1.827   2.516   2.516   2.717   2.717  19.173  20.014
   0.004  -5.065  -3.440  -3.031  -3.010  -2.152  -1.334  -1.322  -0.674  -0.069  -0.049   1.805   1.815   2.522   2.522   2.731   2.732  19.152  19.991
   0.007  -5.060  -3.435  -3.030  -3.010  -2.150  -1.339  -1.328  -0.671  -0.068  -0.048   1.786   1.796   2.531   2.531   2.755   2.755  19.116  19.953
   0.009  -5.053  -3.427  -3.029  -3.009  -2.147  -1.347  -1.335  -0.668  -0.067  -0.047   1.761   1.771   2.544   2.544   2.786   2.787  19.067  19.901
   0.011  -5.044  -3.418  -3.028  -3.007  -2.143  -1.357  -1.345  -0.664  -0.065  -0.045   1.731   1.741   2.561   2.561   2.824   2.825  19.004  19.834
   0.013  -5.032  -3.407  -3.026  -3.006  -2.138  -1.368  -1.356  -0.659  -0.063  -0.043   1.698   1.707   2.582   2.582   2.868   2.869  18.929  19.754
   0.016  -5.019  -3.394  -3.024  -3.004  -2.133  -1.382  -1.370  -0.652  -0.061  -0.041   1.661   1.670   2.607   2.607   2.917   2.918  18.843  19.662
   0.018  -5.004  -3.378  -3.022  -3.002  -2.126  -1.397  -1.386  -0.645  -0.059  -0.039   1.621   1.630   2.635   2.635   2.970   2.971  18.745  19.559
   0.020  -4.987  -3.361  -3.020  -2.999  -2.118  -1.415  -1.403  -0.637  -0.056  -0.036   1.580   1.589   2.666   2.666   3.027   3.029  18.638  19.445
   0.022  -4.967  -3.341  -3.017  -2.997  -2.109  -1.434  -1.423  -0.628  -0.053  -0.033   1.537   1.546   2.701   2.701   3.087   3.089  18.522  19.322
   0.024  -4.946  -3.319  -3.015  -2.994  -2.100  -1.455  -1.444  -0.618  -0.049  -0.029   1.494   1.502   2.739   2.740   3.150   3.152  18.398  19.190
   0.027  -4.923  -3.295  -3.011  -2.991  -2.089  -1.477  -1.466  -0.607  -0.045  -0.025   1.449   1.458   2.781   2.781   3.215   3.217  18.268  19.052
   0.029  -4.898  -3.269  -3.008  -2.987  -2.077  -1.502  -1.490  -0.595  -0.041  -0.021   1.404   1.413   2.826   2.826   3.283   3.285  18.132  18.907
   0.031  -4.871  -3.240  -3.004  -2.984  -2.064  -1.527  -1.516  -0.582  -0.037  -0.017   1.359   1.368   2.874   2.874   3.353   3.355  17.990  18.757
   0.033  -4.841  -3.210  -3.000  -2.980  -2.050  -1.554  -1.543  -0.568  -0.032  -0.012   1.314   1.322   2.925   2.925   3.425   3.427  17.845  18.604
   0.036  -4.810  -3.177  -2.996  -2.976  -2.035  -1.583  -1.571  -0.553  -0.027  -0.007   1.268   1.277   2.979   2.979   3.498   3.501  17.697  18.446
   0.038  -4.778  -3.141  -2.992  -2.971  -2.019  -1.612  -1.601  -0.537  -0.022  -0.002   1.223   1.231   3.036   3.036   3.574   3.576  17.546  18.287
   0.040  -4.743  -3.104  -2.987  -2.967  -2.001  -1.643  -1.632  -0.520  -0.016   0.004   1.177   1.186   3.096   3.096   3.651   3.653  17.394  18.126
   0.042  -4.706  -3.064  -2.982  -2.962  -1.983  -1.675  -1.664  -0.502  -0.011   0.010   1.132   1.140   3.158   3.159   3.730   3.732  17.241  17.964
   0.044  -4.668  -3.022  -2.977  -2.956  -1.963  -1.707  -1.696  -0.484  -0.004   0.016   1.087   1.095   3.224   3.224   3.810   3.813  17.087  17.802
   0.047  -4.628  -2.978  -2.972  -2.951  -1.942  -1.741  -1.730  -0.464   0.002   0.022   1.042   1.050   3.292   3.292   3.892   3.895  16.934  17.640
   0.049  -4.586  -2.966  -2.946  -2.931  -1.920  -1.775  -1.764  -0.444   0.009   0.029   0.997   1.005   3.362   3.363   3.976   3.979  16.781  17.479
   0.051  -4.543  -2.960  -2.940  -2.883  -1.898  -1.810  -1.798  -0.422   0.016   0.036   0.952   0.961   3.435   3.436   4.061   4.064  16.629  17.319
   0.053  -4.498  -2.954  -2.934  -2.832  -1.881  -1.845  -1.828  -0.400   0.023   0.043   0.908   0.916   3.511   3.512   4.148   4.151  16.478  17.161
   0.056  -4.451  -2.948  -2.928  -2.779  -1.892  -1.879  -1.830  -0.377   0.030   0.050   0.864   0.872   3.589   3.590   4.236   4.239  16.329  17.004
   0.058  -4.403  -2.942  -2.921  -2.724  -1.925  -1.915  -1.808  -0.353   0.038   0.058   0.820   0.829   3.669   3.670   4.326   4.328  16.182  16.850
   0.060  -4.353  -2.935  -2.915  -2.666  -1.962  -1.952  -1.781  -0.328   0.046   0.066   0.777   0.785   3.752   3.753   4.417   4.420  16.037  16.697
   0.062  -4.303  -2.928  -2.908  -2.607  -2.000  -1.990  -1.751  -0.303   0.054   0.074   0.734   0.742   3.837   3.838   4.510   4.512  15.893  16.547
   0.064  -4.250  -2.921  -2.901  -2.546  -2.039  -2.029  -1.720  -0.277   0.062   0.082   0.691   0.699   3.924   3.925   4.604   4.606  15.752  16.400
   0.067  -4.197  -2.914  -2.894  -2.482  -2.078  -2.068  -1.687  -0.250   0.071   0.091   0.648   0.657   4.013   4.014   4.699   4.702  15.613  16.254
   0.069  -4.142  -2.907  -2.886  -2.417  -2.117  -2.108  -1.652  -0.222   0.079   0.099   0.606   0.614   4.104   4.105   4.796   4.799  15.477  16.111
   0.071  -4.086  -2.900  -2.879  -2.351  -2.157  -2.148  -1.616  -0.194   0.088   0.108   0.564   0.573   4.198   4.199   4.895   4.897  15.342  15.971
   0.073  -4.029  -2.892  -2.871  -2.285  -2.195  -2.186  -1.578  -0.165   0.097   0.117   0.523   0.531   4.293   4.294   4.995   4.997  15.210  15.833
   0.076  -3.972  -2.884  -2.864  -2.252  -2.231  -2.192  -1.539  -0.135   0.106   0.126   0.481   0.490   4.391   4.392   5.096   5.098  15.080  15.698
   0.078  -3.913  -2.877  -2.856  -2.284  -2.271  -2.129  -1.499  -0.105   0.115   0.136   0.441   0.449   4.490   4.491   5.199   5.201  14.953  15.565
   0.080  -3.853  -2.869  -2.848  -2.323  -2.311  -2.056  -1.457  -0.074   0.125   0.145   0.400   0.409   4.591   4.592   5.303   5.305  14.827  15.434
   0.082  -3.793  -2.861  -2.840  -2.363  -2.352  -1.980  -1.413  -0.043   0.134   0.154   0.361   0.370   4.695   4.696   5.408   5.410  14.703  15.306
   0.084  -3.732  -2.853  -2.832  -2.404  -2.393  -1.902  -1.368  -0.011   0.143   0.163   0.321   0.331   4.799   4.800   5.515   5.517  14.582  15.179
   0.087  -3.670  -2.845  -2.824  -2.444  -2.433  -1.822  -1.322   0.020   0.152   0.172   0.284   0.294   4.906   4.907   5.623   5.625  14.462  15.055
   0.089  -3.608  -2.836  -2.816  -2.485  -2.474  -1.740  -1.274   0.051   0.159   0.178   0.248   0.260   5.014   5.015   5.732   5.735  14.344  14.932
   0.091  -3.545  -2.828  -2.808  -2.525  -2.514  -1.656  -1.224   0.079   0.161   0.179   0.219   0.233   5.124   5.125   5.843   5.845  14.228  14.812
   0.093  -3.482  -2.820  -2.799  -2.565  -2.555  -1.571  -1.173   0.098   0.148   0.174   0.207   0.224   5.236   5.237   5.955   5.957  14.113  14.693
   0.096  -3.419  -2.812  -2.792  -2.605  -2.594  -1.485  -1.119   0.093   0.117   0.183   0.209   0.227   5.349   5.350   6.068   6.070  14.000  14.576
   0.098  -3.356  -2.805  -2.784  -2.644  -2.633  -1.397  -1.065   0.067   0.082   0.207   0.218   0.235   5.464   5.465   6.182   6.184  13.888  14.460
   0.100  -3.292  -2.798  -2.778  -2.682  -2.670  -1.307  -1.008   0.034   0.047   0.223   0.240   0.247   5.579   5.580   6.298   6.300  13.777  14.345
   0.102  -3.229  -2.794  -2.776  -2.717  -2.704  -1.216  -0.950  -0.001   0.011   0.233   0.253   0.278   5.697   5.698   6.414   6.416  13.668  14.232
   0.104  -3.167  -2.800  -2.784  -2.742  -2.726  -1.124  -0.890  -0.036  -0.025   0.244   0.264   0.312   5.815   5.816   6.531   6.533  13.559  14.120
   0.107  -3.106  -2.822  -2.808  -2.750  -2.730  -1.031  -0.828  -0.071  -0.061   0.254   0.275   0.348   5.935   5.936   6.649   6.651  13.452  14.010
   0.109  -3.046  -2.855  -2.839  -2.747  -2.726  -0.936  -0.764  -0.106  -0.096   0.265   0.285   0.385   6.055   6.056   6.768   6.770  13.345  13.900
   0.111  -2.994  -2.891  -2.866  -2.740  -2.720  -0.840  -0.698  -0.141  -0.131   0.275   0.296   0.422   6.177   6.178   6.888   6.890  13.240  13.791
   0.113  -2.968  -2.927  -2.868  -2.733  -2.712  -0.743  -0.630  -0.175  -0.166   0.286   0.306   0.459   6.299   6.300   7.008   7.010  13.135  13.682
   0.116  -2.983  -2.963  -2.829  -2.725  -2.704  -0.644  -0.560  -0.209  -0.200   0.297   0.317   0.497   6.422   6.423   7.129   7.131  13.030  13.575
   0.118  -3.014  -3.000  -2.775  -2.716  -2.695  -0.545  -0.489  -0.243  -0.233   0.307   0.328   0.534   6.546   6.547   7.251   7.252  12.926  13.468
   0.120  -3.048  -3.036  -2.719  -2.707  -2.686  -0.445  -0.415  -0.275  -0.266   0.318   0.338   0.572   6.670   6.671   7.372   7.374  12.822  13.361
   0.122  -3.083  -3.072  -2.700  -2.679  -2.658  -0.350  -0.340  -0.304  -0.295   0.329   0.349   0.611   6.795   6.796   7.494   7.496  12.719  13.255
   0.124  -3.118  -3.108  -2.691  -2.670  -2.601  -0.344  -0.333  -0.260  -0.235   0.339   0.360   0.649   6.920   6.921   7.616   7.618  12.616  13.149
   0.127  -3.153  -3.143  -2.682  -2.661  -2.544  -0.374  -0.364  -0.180  -0.133   0.350   0.370   0.687   7.045   7.046   7.738   7.740  12.513  13.044
   0.129  -3.188  -3.178  -2.674  -2.653  -2.487  -0.405  -0.395  -0.098  -0.029   0.360   0.381   0.726   7.170   7.171   7.860   7.861  12.410  12.938
   0.131  -3.222  -3.212  -2.665  -2.644  -2.432  -0.435  -0.425  -0.014   0.076   0.371   0.391   0.764   7.294   7.295   7.981   7.983  12.307  12.833
   0.133  -3.256  -3.246  -2.657  -2.636  -2.377  -0.465  -0.455   0.073   0.182   0.381   0.402   0.802   7.419   7.420   8.102   8.103  12.203  12.728
   0.136  -3.289  -3.279  -2.648  -2.627  -2.324  -0.494  -0.484   0.161   0.289   0.391   0.412   0.841   7.543   7.544   8.222   8.224  12.100  12.622
   0.138  -3.322  -3.312  -2.640  -2.619  -2.272  -0.522  -0.513   0.252   0.397   0.401   0.422   0.879   7.666   7.667   8.342   8.343  11.996  12.517
   0.140  -3.354  -3.344  -2.632  -2.611  -2.221  -0.550  -0.541   0.344   0.411   0.432   0.506   0.917   7.789   7.789   8.460   8.461  11.893  12.411
   0.142  -3.385  -3.375  -2.624  -2.602  -2.171  -0.577  -0.568   0.421   0.438   0.442   0.614   0.955   7.910   7.911   8.577   8.579  11.788  12.306
   0.144  -3.416  -3.406  -2.616  -2.594  -2.122  -0.604  -0.594   0.431   0.452   0.534   0.724   0.993   8.030   8.031   8.694   8.695  11.684  12.200
   0.147  -3.446  -3.436  -2.608  -2.587  -2.075  -0.630  -0.620   0.440   0.461   0.632   0.833   1.031   8.149   8.150   8.808   8.809  11.579  12.094
   0.149  -3.475  -3.465  -2.600  -2.579  -2.029  -0.655  -0.646   0.450   0.471   0.732   0.941   1.071   8.267   8.268   8.921   8.922  11.473  11.988
   0.151  -3.504  -3.494  -2.593  -2.571  -1.984  -0.680  -0.670   0.459   0.480   0.833   1.044   1.116   8.383   8.383   9.032   9.033  11.367  11.881
   0.153  -3.531  -3.521  -2.585  -2.564  -1.941  -0.704  -0.694   0.468   0.489   0.935   1.118   1.189   8.497   8.497   9.142   9.143  11.261  11.774
   0.156  -3.559  -3.549  -2.578  -2.556  -1.899  -0.727  -0.717   0.477   0.498   1.039   1.162   1.292   8.609   8.609   9.249   9.250  11.154  11.667
   0.158  -3.585  -3.575  -2.571  -2.549  -1.858  -0.749  -0.740   0.486   0.507   1.144   1.200   1.402   8.719   8.719   9.354   9.355  11.047  11.560
   0.160  -3.611  -3.601  -2.564  -2.542  -1.819  -0.771  -0.761   0.494   0.515   1.235   1.250   1.513   8.826   8.826   9.456   9.457  10.940  11.453
   0.162  -3.635  -3.625  -2.557  -2.536  -1.781  -0.792  -0.782   0.503   0.524   1.269   1.357   1.624   8.931   8.931   9.556   9.557  10.832  11.346
   0.164  -3.659  -3.649  -2.550  -2.529  -1.744  -0.812  -0.802   0.511   0.532   1.302   1.464   1.736   9.033   9.034   9.653   9.654  10.724  11.239
   0.167  -3.683  -3.673  -2.544  -2.523  -1.709  -0.832  -0.822   0.518   0.539   1.334   1.572   1.847   9.133   9.133   9.747   9.748  10.616  11.132
   0.169  -3.705  -3.695  -2.538  -2.516  -1.675  -0.851  -0.841   0.526   0.547   1.365   1.681   1.959   9.229   9.229   9.839   9.839  10.508  11.025
   0.171  -3.727  -3.717  -2.532  -2.510  -1.642  -0.869  -0.859   0.533   0.554   1.395   1.789   2.069   9.322   9.323   9.927   9.927  10.401  10.919
   0.173  -3.747  -3.737  -2.526  -2.504  -1.611  -0.886  -0.876   0.540   0.561   1.425   1.898   2.179   9.413   9.413  10.012  10.012  10.293  10.813
   0.176  -3.767  -3.757  -2.520  -2.499  -1.581  -0.902  -0.892   0.547   0.568   1.453   2.006   2.288   9.499   9.500  10.093  10.094  10.187  10.708
   0.178  -3.786  -3.776  -2.515  -2.494  -1.553  -0.918  -0.908   0.554   0.575   1.480   2.113   2.395   9.583   9.583  10.080  10.172  10.172  10.604
   0.180  -3.804  -3.794  -2.510  -2.488  -1.526  -0.933  -0.923   0.560   0.581   1.506   2.220   2.502   9.663   9.663   9.975  10.246  10.247  10.502
   0.182  -3.822  -3.812  -2.505  -2.483  -1.500  -0.947  -0.937   0.566   0.587   1.531   2.325   2.606   9.739   9.739   9.872  10.318  10.318  10.400
   0.184  -3.838  -3.828  -2.500  -2.479  -1.476  -0.961  -0.950   0.572   0.593   1.555   2.428   2.708   9.769   9.811   9.811  10.301  10.385  10.386
   0.187  -3.854  -3.844  -2.496  -2.474  -1.453  -0.973  -0.963   0.577   0.598   1.578   2.530   2.808   9.669   9.880   9.880  10.203  10.449  10.449
   0.189  -3.868  -3.858  -2.492  -2.470  -1.432  -0.985  -0.975   0.582   0.603   1.599   2.630   2.906   9.571   9.944   9.945  10.108  10.509  10.509
   0.191  -3.882  -3.872  -2.488  -2.466  -1.412  -0.996  -0.986   0.587   0.608   1.620   2.726   3.000   9.475  10.005  10.005  10.016  10.565  10.566
   0.193  -3.895  -3.885  -2.484  -2.463  -1.393  -1.007  -0.996   0.592   0.613   1.639   2.820   3.091   9.383   9.927  10.062  10.062  10.618  10.618
   0.196  -3.907  -3.897  -2.481  -2.459  -1.376  -1.016  -1.005   0.596   0.617   1.656   2.910   3.178   9.294   9.842  10.114  10.115  10.666  10.667
   0.198  -3.918  -3.908  -2.478  -2.456  -1.360  -1.025  -1.014   0.600   0.621   1.673   2.995   3.260   9.210   9.761  10.163  10.163  10.711  10.711
   0.200  -3.928  -3.918  -2.475  -2.453  -1.346  -1.033  -1.021   0.603   0.624   1.688   3.076   3.338   9.130   9.684  10.207  10.207  10.752  10.752
   0.202  -3.937  -3.927  -2.472  -2.450  -1.333  -1.040  -1.028   0.606   0.627   1.702   3.152   3.411   9.055   9.613  10.248  10.248  10.789  10.789
   0.204  -3.945  -3.935  -2.470  -2.448  -1.321  -1.047  -1.034   0.609   0.630   1.714   3.222   3.477   8.986   9.547  10.284  10.284  10.822  10.822
   0.207  -3.952  -3.942  -2.468  -2.446  -1.311  -1.052  -1.040   0.612   0.633   1.725   3.285   3.538   8.923   9.487  10.316  10.316  10.851  10.851
   0.209  -3.958  -3.948  -2.466  -2.444  -1.302  -1.057  -1.044   0.614   0.635   1.734   3.341   3.591   8.867   9.434  10.343  10.343  10.876  10.877
   0.211  -3.964  -3.954  -2.464  -2.443  -1.295  -1.061  -1.048   0.616   0.637   1.742   3.390   3.637   8.818   9.389  10.367  10.367  10.898  10.898
   0.213  -3.968  -3.958  -2.463  -2.441  -1.289  -1.065  -1.051   0.618   0.639   1.749   3.431   3.676   8.778   9.351  10.386  10.386  10.915  10.915
   0.216  -3.971  -3.961  -2.462  -2.440  -1.285  -1.067  -1.054   0.619   0.640   1.754   3.463   3.706   8.746   9.321  10.401  10.401  10.929  10.929
   0.218  -3.974  -3.964  -2.461  -2.440  -1.281  -1.069  -1.055   0.620   0.641   1.758   3.486   3.728   8.723   9.299  10.411  10.411  10.939  10.939
   0.220  -3.975  -3.965  -2.461  -2.439  -1.279  -1.070  -1.056   0.620   0.641   1.760   3.501   3.741   8.709   9.286  10.418  10.418  10.944  10.944
   0.222  -3.976  -3.966  -2.461  -2.439  -1.279  -1.071  -1.057   0.620   0.641   1.761   3.505   3.746   8.704   9.281  10.420  10.420  10.946  10.946
 @# k   EF=0
   0.000   0.000
   0.222   0.000
