 @# k   band (eV)
   0.000  -5.084  -3.457  -3.095  -2.976  -2.168  -1.375  -1.310  -0.685  -0.128  -0.013   1.782   1.845   2.500   2.500   2.699   2.699  19.166  20.009
   0.002  -5.083  -3.456  -3.094  -2.976  -2.167  -1.376  -1.311  -0.684  -0.128  -0.013   1.778   1.840   2.502   2.502   2.703   2.704  19.159  20.001
   0.004  -5.080  -3.453  -3.094  -2.976  -2.166  -1.379  -1.315  -0.683  -0.127  -0.013   1.767   1.828   2.508   2.508   2.717   2.719  19.137  19.978
   0.007  -5.075  -3.448  -3.093  -2.975  -2.164  -1.384  -1.320  -0.681  -0.127  -0.012   1.749   1.809   2.517   2.517   2.740   2.742  19.102  19.940
   0.009  -5.068  -3.441  -3.092  -2.974  -2.161  -1.392  -1.328  -0.677  -0.125  -0.011   1.724   1.783   2.530   2.531   2.771   2.775  19.052  19.887
   0.011  -5.059  -3.432  -3.091  -2.973  -2.157  -1.401  -1.337  -0.673  -0.124  -0.009   1.695   1.753   2.547   2.548   2.809   2.813  18.990  19.821
   0.013  -5.048  -3.420  -3.090  -2.971  -2.152  -1.413  -1.349  -0.668  -0.122  -0.007   1.662   1.718   2.568   2.569   2.852   2.858  18.915  19.741
   0.016  -5.034  -3.407  -3.088  -2.969  -2.146  -1.426  -1.363  -0.662  -0.120  -0.005   1.625   1.680   2.592   2.593   2.900   2.908  18.828  19.649
   0.018  -5.019  -3.392  -3.086  -2.967  -2.139  -1.442  -1.379  -0.654  -0.118  -0.003   1.586   1.640   2.620   2.621   2.953   2.962  18.731  19.546
   0.020  -5.002  -3.374  -3.083  -2.965  -2.132  -1.459  -1.396  -0.646  -0.115   0.000   1.545   1.598   2.652   2.653   3.010   3.019  18.624  19.432
   0.022  -4.983  -3.354  -3.081  -2.962  -2.123  -1.478  -1.415  -0.637  -0.112   0.003   1.503   1.555   2.687   2.688   3.069   3.080  18.508  19.309
   0.024  -4.961  -3.332  -3.078  -2.959  -2.113  -1.499  -1.437  -0.627  -0.108   0.007   1.460   1.511   2.725   2.726   3.132   3.143  18.384  19.177
   0.027  -4.938  -3.308  -3.075  -2.956  -2.102  -1.521  -1.459  -0.616  -0.105   0.011   1.416   1.466   2.766   2.768   3.197   3.209  18.254  19.039
   0.029  -4.913  -3.282  -3.071  -2.953  -2.091  -1.545  -1.484  -0.604  -0.101   0.015   1.371   1.421   2.811   2.813   3.264   3.277  18.117  18.894
   0.031  -4.886  -3.254  -3.068  -2.949  -2.078  -1.571  -1.509  -0.591  -0.096   0.019   1.326   1.375   2.859   2.861   3.334   3.347  17.976  18.744
   0.033  -4.856  -3.223  -3.064  -2.945  -2.063  -1.597  -1.537  -0.577  -0.092   0.024   1.281   1.329   2.910   2.912   3.406   3.419  17.831  18.590
   0.036  -4.825  -3.190  -3.059  -2.941  -2.048  -1.626  -1.565  -0.563  -0.087   0.029   1.235   1.284   2.964   2.967   3.479   3.493  17.682  18.433
   0.038  -4.793  -3.155  -3.055  -2.936  -2.032  -1.655  -1.595  -0.547  -0.081   0.034   1.190   1.238   3.021   3.024   3.555   3.569  17.532  18.274
   0.040  -4.758  -3.117  -3.050  -2.932  -2.014  -1.686  -1.626  -0.530  -0.076   0.040   1.144   1.192   3.081   3.084   3.632   3.646  17.380  18.113
   0.042  -4.721  -3.078  -3.045  -2.927  -1.995  -1.717  -1.658  -0.512  -0.070   0.046   1.099   1.147   3.143   3.146   3.711   3.725  17.226  17.951
   0.044  -4.683  -3.040  -3.036  -2.921  -1.975  -1.750  -1.691  -0.494  -0.064   0.052   1.054   1.102   3.208   3.212   3.791   3.806  17.073  17.789
   0.047  -4.643  -3.035  -2.991  -2.916  -1.954  -1.784  -1.725  -0.474  -0.058   0.059   1.009   1.056   3.276   3.280   3.873   3.888  16.919  17.627
   0.049  -4.601  -3.029  -2.945  -2.910  -1.931  -1.818  -1.760  -0.453  -0.051   0.065   0.964   1.012   3.347   3.351   3.957   3.972  16.767  17.466
   0.051  -4.558  -3.024  -2.905  -2.896  -1.907  -1.854  -1.795  -0.432  -0.044   0.072   0.920   0.967   3.420   3.424   4.042   4.057  16.615  17.306
   0.053  -4.513  -3.018  -2.899  -2.845  -1.890  -1.882  -1.832  -0.410  -0.037   0.080   0.875   0.923   3.495   3.499   4.129   4.144  16.464  17.148
   0.056  -4.466  -3.011  -2.892  -2.793  -1.926  -1.869  -1.855  -0.387  -0.030   0.087   0.831   0.879   3.573   3.578   4.217   4.232  16.315  16.991
   0.058  -4.418  -3.005  -2.886  -2.737  -1.964  -1.907  -1.827  -0.363  -0.022   0.095   0.787   0.835   3.653   3.658   4.306   4.322  16.168  16.837
   0.060  -4.368  -2.998  -2.879  -2.680  -2.002  -1.945  -1.798  -0.338  -0.014   0.103   0.744   0.791   3.736   3.741   4.398   4.413  16.023  16.684
   0.062  -4.317  -2.992  -2.872  -2.621  -2.040  -1.984  -1.767  -0.313  -0.006   0.111   0.700   0.748   3.821   3.826   4.490   4.505  15.879  16.534
   0.064  -4.265  -2.985  -2.865  -2.560  -2.078  -2.023  -1.735  -0.286   0.002   0.119   0.657   0.705   3.908   3.913   4.584   4.599  15.738  16.386
   0.067  -4.212  -2.978  -2.858  -2.497  -2.117  -2.062  -1.702  -0.259   0.011   0.128   0.615   0.662   3.997   4.002   4.680   4.695  15.599  16.241
   0.069  -4.157  -2.970  -2.851  -2.433  -2.156  -2.102  -1.667  -0.231   0.020   0.137   0.572   0.620   4.088   4.094   4.777   4.792  15.463  16.098
   0.071  -4.101  -2.963  -2.843  -2.368  -2.193  -2.142  -1.631  -0.203   0.029   0.146   0.530   0.578   4.182   4.187   4.876   4.890  15.328  15.958
   0.073  -4.044  -2.955  -2.836  -2.309  -2.223  -2.183  -1.593  -0.173   0.038   0.155   0.488   0.536   4.277   4.283   4.976   4.990  15.196  15.820
   0.076  -3.986  -2.948  -2.828  -2.297  -2.224  -2.204  -1.554  -0.144   0.047   0.165   0.446   0.495   4.374   4.380   5.077   5.091  15.066  15.685
   0.078  -3.927  -2.940  -2.820  -2.329  -2.265  -2.140  -1.514  -0.113   0.057   0.174   0.405   0.454   4.474   4.479   5.180   5.194  14.938  15.552
   0.080  -3.868  -2.932  -2.812  -2.367  -2.306  -2.067  -1.472  -0.082   0.066   0.184   0.364   0.413   4.575   4.581   5.284   5.298  14.813  15.421
   0.082  -3.807  -2.924  -2.804  -2.407  -2.347  -1.992  -1.428  -0.050   0.076   0.194   0.324   0.373   4.678   4.684   5.389   5.403  14.689  15.292
   0.084  -3.746  -2.915  -2.795  -2.447  -2.388  -1.914  -1.383  -0.018   0.086   0.204   0.283   0.332   4.783   4.789   5.496   5.510  14.567  15.166
   0.087  -3.684  -2.907  -2.787  -2.488  -2.429  -1.834  -1.336   0.015   0.096   0.214   0.244   0.293   4.890   4.895   5.604   5.618  14.448  15.042
   0.089  -3.622  -2.899  -2.778  -2.529  -2.470  -1.752  -1.288   0.049   0.106   0.204   0.224   0.253   4.998   5.004   5.714   5.727  14.330  14.919
   0.091  -3.559  -2.890  -2.770  -2.569  -2.511  -1.669  -1.238   0.083   0.116   0.165   0.214   0.234   5.108   5.114   5.825   5.837  14.213  14.798
   0.093  -3.496  -2.882  -2.761  -2.610  -2.552  -1.584  -1.187   0.117   0.126   0.127   0.176   0.245   5.219   5.225   5.937   5.949  14.099  14.680
   0.096  -3.432  -2.873  -2.752  -2.651  -2.593  -1.497  -1.134   0.088   0.137   0.137   0.152   0.255   5.333   5.338   6.050   6.062  13.985  14.562
   0.098  -3.369  -2.864  -2.744  -2.691  -2.633  -1.409  -1.079   0.049   0.099   0.148   0.187   0.266   5.447   5.453   6.164   6.176  13.874  14.447
   0.100  -3.305  -2.855  -2.735  -2.731  -2.674  -1.320  -1.022   0.012   0.062   0.158   0.223   0.277   5.563   5.569   6.279   6.291  13.763  14.332
   0.102  -3.241  -2.847  -2.771  -2.726  -2.714  -1.229  -0.964  -0.025   0.025   0.169   0.259   0.287   5.680   5.686   6.396   6.408  13.654  14.219
   0.104  -3.177  -2.838  -2.811  -2.754  -2.717  -1.137  -0.904  -0.062  -0.012   0.180   0.296   0.298   5.799   5.804   6.513   6.525  13.545  14.107
   0.107  -3.114  -2.851  -2.829  -2.793  -2.708  -1.043  -0.842  -0.099  -0.048   0.190   0.309   0.333   5.918   5.924   6.632   6.643  13.438  13.996
   0.109  -3.051  -2.890  -2.833  -2.820  -2.699  -0.948  -0.778  -0.134  -0.084   0.201   0.320   0.370   6.039   6.044   6.751   6.762  13.331  13.886
   0.111  -2.988  -2.929  -2.871  -2.811  -2.690  -0.852  -0.712  -0.170  -0.119   0.212   0.331   0.407   6.160   6.166   6.871   6.881  13.226  13.777
   0.113  -2.967  -2.925  -2.910  -2.802  -2.681  -0.755  -0.644  -0.205  -0.154   0.223   0.342   0.445   6.283   6.288   6.991   7.001  13.121  13.669
   0.116  -3.005  -2.948  -2.864  -2.793  -2.672  -0.656  -0.575  -0.239  -0.188   0.233   0.352   0.483   6.406   6.411   7.112   7.122  13.016  13.561
   0.118  -3.043  -2.986  -2.802  -2.784  -2.663  -0.557  -0.503  -0.273  -0.222   0.244   0.363   0.521   6.530   6.535   7.233   7.243  12.912  13.454
   0.120  -3.080  -3.023  -2.776  -2.742  -2.654  -0.456  -0.430  -0.306  -0.255   0.255   0.374   0.559   6.654   6.659   7.355   7.365  12.808  13.348
   0.122  -3.117  -3.060  -2.767  -2.682  -2.645  -0.358  -0.354  -0.334  -0.288   0.265   0.385   0.597   6.779   6.784   7.477   7.487  12.705  13.242
   0.124  -3.153  -3.096  -2.758  -2.636  -2.623  -0.373  -0.320  -0.273  -0.252   0.276   0.396   0.636   6.904   6.909   7.599   7.608  12.602  13.136
   0.127  -3.189  -3.132  -2.749  -2.627  -2.565  -0.404  -0.352  -0.194  -0.148   0.287   0.406   0.674   7.029   7.033   7.721   7.730  12.499  13.030
   0.129  -3.224  -3.167  -2.741  -2.619  -2.508  -0.435  -0.383  -0.112  -0.043   0.297   0.417   0.713   7.154   7.158   7.843   7.852  12.396  12.925
   0.131  -3.259  -3.201  -2.732  -2.610  -2.452  -0.465  -0.413  -0.028   0.062   0.308   0.427   0.751   7.278   7.283   7.964   7.973  12.293  12.820
   0.133  -3.293  -3.235  -2.724  -2.601  -2.398  -0.495  -0.443   0.059   0.169   0.318   0.438   0.789   7.403   7.407   8.085   8.093  12.189  12.714
   0.136  -3.326  -3.269  -2.715  -2.593  -2.344  -0.524  -0.472   0.147   0.276   0.328   0.448   0.828   7.527   7.531   8.206   8.214  12.086  12.609
   0.138  -3.359  -3.302  -2.707  -2.584  -2.291  -0.553  -0.501   0.238   0.338   0.384   0.458   0.866   7.650   7.655   8.325   8.333  11.982  12.504
   0.140  -3.391  -3.334  -2.699  -2.576  -2.240  -0.581  -0.528   0.330   0.348   0.468   0.492   0.904   7.773   7.777   8.444   8.451  11.878  12.398
   0.142  -3.422  -3.365  -2.691  -2.568  -2.190  -0.608  -0.556   0.358   0.424   0.478   0.601   0.942   7.894   7.898   8.561   8.568  11.774  12.292
   0.144  -3.453  -3.396  -2.683  -2.560  -2.142  -0.635  -0.582   0.368   0.488   0.520   0.710   0.980   8.015   8.019   8.678   8.684  11.670  12.187
   0.147  -3.483  -3.426  -2.675  -2.552  -2.094  -0.661  -0.608   0.378   0.498   0.618   0.820   1.019   8.134   8.138   8.792   8.799  11.565  12.080
   0.149  -3.513  -3.455  -2.667  -2.544  -2.048  -0.686  -0.634   0.387   0.507   0.718   0.928   1.058   8.251   8.255   8.905   8.911  11.459  11.974
   0.151  -3.541  -3.484  -2.659  -2.536  -2.004  -0.711  -0.658   0.396   0.517   0.819   1.030   1.104   8.367   8.371   9.017   9.023  11.353  11.868
   0.153  -3.569  -3.512  -2.652  -2.529  -1.960  -0.734  -0.682   0.405   0.526   0.921   1.105   1.177   8.481   8.485   9.126   9.132  11.247  11.761
   0.156  -3.596  -3.539  -2.645  -2.522  -1.918  -0.757  -0.705   0.414   0.535   1.025   1.150   1.279   8.593   8.596   9.233   9.239  11.140  11.654
   0.158  -3.623  -3.566  -2.638  -2.514  -1.878  -0.780  -0.728   0.423   0.543   1.130   1.187   1.388   8.703   8.706   9.338   9.343  11.033  11.547
   0.160  -3.649  -3.591  -2.631  -2.507  -1.838  -0.801  -0.749   0.431   0.552   1.222   1.236   1.499   8.811   8.814   9.441   9.446  10.926  11.440
   0.162  -3.673  -3.616  -2.624  -2.500  -1.800  -0.822  -0.770   0.440   0.560   1.256   1.343   1.611   8.916   8.918   9.541   9.545  10.818  11.333
   0.164  -3.698  -3.640  -2.617  -2.494  -1.764  -0.842  -0.790   0.448   0.568   1.289   1.450   1.723   9.018   9.021   9.638   9.642  10.710  11.226
   0.167  -3.721  -3.663  -2.611  -2.487  -1.729  -0.862  -0.810   0.455   0.576   1.322   1.558   1.834   9.117   9.120   9.732   9.736  10.602  11.119
   0.169  -3.743  -3.686  -2.605  -2.481  -1.695  -0.880  -0.829   0.463   0.584   1.353   1.667   1.945   9.214   9.216   9.824   9.828  10.494  11.012
   0.171  -3.765  -3.707  -2.599  -2.475  -1.663  -0.898  -0.847   0.470   0.591   1.383   1.775   2.056   9.307   9.310   9.912   9.916  10.387  10.906
   0.173  -3.786  -3.728  -2.593  -2.469  -1.632  -0.915  -0.864   0.477   0.598   1.412   1.884   2.166   9.398   9.400   9.997  10.000  10.279  10.800
   0.176  -3.806  -3.748  -2.587  -2.463  -1.602  -0.931  -0.881   0.484   0.605   1.440   1.992   2.274   9.485   9.486  10.079  10.082  10.173  10.695
   0.178  -3.825  -3.767  -2.582  -2.458  -1.574  -0.946  -0.896   0.491   0.612   1.468   2.099   2.382   9.568   9.570  10.066  10.157  10.160  10.591
   0.180  -3.843  -3.785  -2.577  -2.453  -1.547  -0.961  -0.911   0.497   0.618   1.494   2.206   2.488   9.648   9.649   9.961  10.232  10.235  10.488
   0.182  -3.860  -3.803  -2.572  -2.448  -1.522  -0.975  -0.926   0.503   0.624   1.519   2.311   2.593   9.724   9.725   9.857  10.303  10.306  10.387
   0.184  -3.877  -3.819  -2.567  -2.443  -1.498  -0.988  -0.939   0.509   0.630   1.543   2.415   2.695   9.755   9.796   9.798  10.287  10.371  10.373
   0.187  -3.892  -3.835  -2.563  -2.439  -1.476  -1.000  -0.952   0.514   0.635   1.566   2.516   2.795   9.655   9.865   9.866  10.190  10.435  10.437
   0.189  -3.907  -3.849  -2.559  -2.435  -1.455  -1.011  -0.964   0.519   0.640   1.587   2.616   2.892   9.557   9.930   9.931  10.095  10.495  10.497
   0.191  -3.921  -3.863  -2.555  -2.431  -1.435  -1.021  -0.975   0.524   0.645   1.607   2.712   2.987   9.461   9.990   9.992  10.003  10.551  10.553
   0.193  -3.933  -3.876  -2.551  -2.427  -1.417  -1.031  -0.985   0.528   0.650   1.626   2.806   3.077   9.369   9.914  10.047  10.048  10.604  10.605
   0.196  -3.945  -3.888  -2.548  -2.423  -1.401  -1.039  -0.995   0.533   0.654   1.644   2.896   3.164   9.280   9.828  10.100  10.101  10.653  10.654
   0.198  -3.956  -3.899  -2.545  -2.420  -1.385  -1.047  -1.004   0.536   0.658   1.661   2.981   3.247   9.196   9.747  10.149  10.149  10.697  10.698
   0.200  -3.966  -3.909  -2.542  -2.417  -1.372  -1.054  -1.012   0.540   0.661   1.676   3.062   3.325   9.115   9.671  10.193  10.194  10.738  10.739
   0.202  -3.975  -3.918  -2.539  -2.415  -1.359  -1.060  -1.019   0.543   0.665   1.689   3.138   3.397   9.041   9.599  10.233  10.234  10.775  10.776
   0.204  -3.984  -3.926  -2.537  -2.412  -1.348  -1.066  -1.026   0.546   0.668   1.702   3.208   3.464   8.971   9.534  10.269  10.270  10.808  10.809
   0.207  -3.991  -3.933  -2.535  -2.410  -1.339  -1.070  -1.032   0.549   0.670   1.713   3.271   3.524   8.909   9.474  10.301  10.302  10.838  10.838
   0.209  -3.997  -3.939  -2.533  -2.408  -1.331  -1.074  -1.037   0.551   0.672   1.722   3.328   3.578   8.853   9.421  10.329  10.329  10.863  10.863
   0.211  -4.002  -3.945  -2.532  -2.407  -1.324  -1.078  -1.041   0.553   0.674   1.730   3.376   3.624   8.804   9.375  10.352  10.353  10.884  10.885
   0.213  -4.007  -3.949  -2.530  -2.406  -1.319  -1.080  -1.045   0.554   0.676   1.737   3.417   3.662   8.764   9.337  10.372  10.372  10.902  10.902
   0.216  -4.010  -3.952  -2.529  -2.405  -1.314  -1.082  -1.047   0.555   0.677   1.742   3.449   3.693   8.732   9.307  10.387  10.387  10.916  10.916
   0.218  -4.012  -3.955  -2.529  -2.404  -1.312  -1.083  -1.049   0.556   0.678   1.746   3.473   3.715   8.709   9.286  10.397  10.397  10.925  10.925
   0.220  -4.014  -3.956  -2.528  -2.403  -1.310  -1.084  -1.050   0.557   0.678   1.748   3.487   3.728   8.695   9.272  10.404  10.404  10.931  10.931
   0.222  -4.014  -3.957  -2.528  -2.403  -1.309  -1.084  -1.051   0.557   0.679   1.748   3.491   3.732   8.690   9.268  10.406  10.406  10.933  10.933
 @# k   EF=0
   0.000   0.000
   0.222   0.000
