 @# k   band (eV)
   0.000  -5.076  -3.450  -3.066  -2.990  -2.161  -1.353  -1.312  -0.680  -0.102  -0.028   1.800   1.840   2.507   2.507   2.706   2.706  19.173  20.015
   0.002  -5.075  -3.449  -3.066  -2.990  -2.160  -1.354  -1.313  -0.680  -0.101  -0.028   1.796   1.836   2.509   2.509   2.710   2.711  19.166  20.008
   0.004  -5.072  -3.446  -3.065  -2.989  -2.159  -1.358  -1.316  -0.678  -0.101  -0.027   1.784   1.824   2.515   2.515   2.725   2.725  19.145  19.985
   0.007  -5.067  -3.441  -3.065  -2.989  -2.157  -1.363  -1.322  -0.676  -0.100  -0.026   1.766   1.805   2.524   2.525   2.748   2.749  19.109  19.947
   0.009  -5.060  -3.434  -3.064  -2.988  -2.154  -1.370  -1.329  -0.673  -0.099  -0.025   1.741   1.779   2.538   2.538   2.779   2.781  19.060  19.894
   0.011  -5.051  -3.425  -3.063  -2.986  -2.150  -1.380  -1.339  -0.668  -0.097  -0.024   1.712   1.749   2.555   2.555   2.816   2.820  18.997  19.828
   0.013  -5.040  -3.413  -3.061  -2.985  -2.145  -1.392  -1.350  -0.663  -0.096  -0.022   1.678   1.715   2.575   2.576   2.860   2.864  18.922  19.748
   0.016  -5.026  -3.400  -3.059  -2.983  -2.139  -1.405  -1.364  -0.657  -0.093  -0.020   1.642   1.677   2.600   2.600   2.909   2.914  18.836  19.656
   0.018  -5.011  -3.385  -3.057  -2.981  -2.132  -1.421  -1.380  -0.650  -0.091  -0.017   1.603   1.637   2.628   2.628   2.962   2.967  18.738  19.553
   0.020  -4.994  -3.367  -3.055  -2.979  -2.125  -1.438  -1.397  -0.642  -0.088  -0.014   1.562   1.595   2.659   2.660   3.018   3.024  18.631  19.439
   0.022  -4.975  -3.347  -3.052  -2.976  -2.116  -1.457  -1.417  -0.633  -0.085  -0.011   1.519   1.552   2.694   2.695   3.078   3.085  18.515  19.316
   0.024  -4.953  -3.325  -3.049  -2.973  -2.106  -1.478  -1.438  -0.623  -0.082  -0.008   1.476   1.508   2.732   2.733   3.141   3.148  18.392  19.184
   0.027  -4.930  -3.301  -3.046  -2.970  -2.095  -1.500  -1.460  -0.612  -0.078  -0.004   1.431   1.464   2.774   2.775   3.206   3.214  18.261  19.046
   0.029  -4.905  -3.275  -3.043  -2.967  -2.084  -1.524  -1.485  -0.599  -0.074   0.000   1.387   1.418   2.819   2.820   3.274   3.282  18.125  18.901
   0.031  -4.878  -3.247  -3.039  -2.963  -2.071  -1.550  -1.510  -0.587  -0.070   0.005   1.341   1.373   2.867   2.868   3.343   3.352  17.983  18.751
   0.033  -4.849  -3.216  -3.035  -2.959  -2.057  -1.577  -1.538  -0.573  -0.065   0.009   1.296   1.327   2.918   2.919   3.415   3.424  17.838  18.597
   0.036  -4.818  -3.183  -3.031  -2.955  -2.041  -1.605  -1.566  -0.558  -0.060   0.014   1.251   1.282   2.972   2.973   3.489   3.498  17.690  18.440
   0.038  -4.785  -3.148  -3.027  -2.950  -2.025  -1.635  -1.596  -0.542  -0.055   0.020   1.205   1.236   3.029   3.030   3.564   3.573  17.539  18.281
   0.040  -4.750  -3.110  -3.022  -2.946  -2.008  -1.665  -1.627  -0.525  -0.049   0.025   1.160   1.191   3.088   3.090   3.641   3.651  17.387  18.120
   0.042  -4.713  -3.070  -3.017  -2.941  -1.989  -1.697  -1.659  -0.507  -0.043   0.031   1.115   1.145   3.151   3.153   3.720   3.730  17.234  17.958
   0.044  -4.675  -3.029  -3.012  -2.936  -1.969  -1.730  -1.691  -0.489  -0.037   0.037   1.069   1.100   3.216   3.218   3.801   3.810  17.080  17.796
   0.047  -4.635  -3.007  -2.984  -2.930  -1.948  -1.763  -1.725  -0.469  -0.031   0.044   1.024   1.055   3.284   3.287   3.883   3.892  16.927  17.634
   0.049  -4.593  -3.001  -2.938  -2.925  -1.926  -1.797  -1.760  -0.449  -0.024   0.051   0.980   1.010   3.355   3.357   3.966   3.976  16.774  17.473
   0.051  -4.550  -2.995  -2.919  -2.889  -1.903  -1.832  -1.795  -0.427  -0.017   0.057   0.935   0.966   3.428   3.430   4.051   4.061  16.622  17.313
   0.053  -4.505  -2.989  -2.913  -2.838  -1.887  -1.862  -1.829  -0.405  -0.010   0.065   0.891   0.921   3.503   3.506   4.138   4.148  16.472  17.155
   0.056  -4.458  -2.983  -2.906  -2.785  -1.909  -1.875  -1.840  -0.382  -0.003   0.072   0.847   0.877   3.581   3.584   4.226   4.236  16.323  16.998
   0.058  -4.410  -2.977  -2.900  -2.730  -1.946  -1.909  -1.817  -0.358   0.005   0.080   0.803   0.833   3.661   3.664   4.316   4.326  16.175  16.843
   0.060  -4.361  -2.970  -2.893  -2.673  -1.983  -1.947  -1.789  -0.333   0.013   0.088   0.759   0.790   3.744   3.747   4.407   4.417  16.030  16.691
   0.062  -4.310  -2.963  -2.887  -2.614  -2.021  -1.985  -1.759  -0.308   0.021   0.096   0.716   0.747   3.829   3.832   4.500   4.509  15.887  16.541
   0.064  -4.258  -2.956  -2.880  -2.552  -2.060  -2.024  -1.727  -0.281   0.029   0.104   0.673   0.704   3.916   3.919   4.594   4.604  15.746  16.393
   0.067  -4.204  -2.949  -2.872  -2.489  -2.099  -2.063  -1.694  -0.254   0.038   0.113   0.631   0.661   4.005   4.008   4.690   4.699  15.607  16.248
   0.069  -4.149  -2.942  -2.865  -2.424  -2.138  -2.103  -1.659  -0.227   0.046   0.122   0.588   0.619   4.096   4.100   4.787   4.796  15.470  16.105
   0.071  -4.093  -2.934  -2.858  -2.359  -2.176  -2.143  -1.623  -0.198   0.055   0.131   0.546   0.577   4.190   4.193   4.885   4.894  15.336  15.965
   0.073  -4.037  -2.927  -2.850  -2.296  -2.210  -2.183  -1.585  -0.169   0.064   0.140   0.505   0.536   4.285   4.289   4.985   4.994  15.204  15.827
   0.076  -3.979  -2.919  -2.842  -2.275  -2.225  -2.198  -1.546  -0.139   0.073   0.149   0.463   0.494   4.383   4.386   5.086   5.095  15.074  15.692
   0.078  -3.920  -2.911  -2.835  -2.307  -2.265  -2.134  -1.506  -0.109   0.083   0.158   0.422   0.453   4.482   4.486   5.189   5.198  14.946  15.559
   0.080  -3.860  -2.903  -2.827  -2.346  -2.306  -2.061  -1.464  -0.078   0.092   0.168   0.382   0.413   4.583   4.587   5.293   5.302  14.820  15.428
   0.082  -3.800  -2.895  -2.818  -2.386  -2.347  -1.986  -1.420  -0.047   0.102   0.177   0.342   0.373   4.686   4.690   5.399   5.407  14.697  15.299
   0.084  -3.739  -2.887  -2.810  -2.426  -2.388  -1.907  -1.375  -0.015   0.111   0.186   0.302   0.334   4.791   4.795   5.505   5.514  14.575  15.173
   0.087  -3.677  -2.879  -2.802  -2.467  -2.429  -1.827  -1.329   0.017   0.120   0.195   0.264   0.296   4.898   4.902   5.614   5.622  14.455  15.048
   0.089  -3.615  -2.871  -2.794  -2.508  -2.470  -1.746  -1.281   0.049   0.129   0.202   0.226   0.261   5.006   5.010   5.723   5.731  14.337  14.926
   0.091  -3.552  -2.862  -2.786  -2.548  -2.510  -1.662  -1.231   0.079   0.136   0.192   0.199   0.238   5.116   5.120   5.834   5.842  14.221  14.805
   0.093  -3.489  -2.854  -2.777  -2.588  -2.551  -1.577  -1.179   0.100   0.136   0.169   0.180   0.237   5.228   5.232   5.946   5.954  14.106  14.687
   0.096  -3.426  -2.846  -2.769  -2.629  -2.591  -1.491  -1.126   0.088   0.122   0.167   0.179   0.245   5.341   5.345   6.059   6.067  13.993  14.569
   0.098  -3.362  -2.838  -2.762  -2.668  -2.630  -1.403  -1.071   0.056   0.090   0.179   0.202   0.254   5.455   5.459   6.173   6.181  13.881  14.454
   0.100  -3.299  -2.830  -2.755  -2.707  -2.668  -1.313  -1.015   0.021   0.054   0.189   0.234   0.264   5.571   5.575   6.289   6.296  13.770  14.339
   0.102  -3.235  -2.824  -2.753  -2.744  -2.701  -1.223  -0.957  -0.015   0.018   0.199   0.269   0.275   5.689   5.692   6.405   6.412  13.661  14.226
   0.104  -3.172  -2.823  -2.776  -2.768  -2.717  -1.130  -0.896  -0.050  -0.018   0.209   0.285   0.305   5.807   5.811   6.522   6.530  13.553  14.114
   0.107  -3.110  -2.841  -2.800  -2.788  -2.715  -1.037  -0.834  -0.086  -0.053   0.220   0.296   0.341   5.926   5.930   6.640   6.648  13.445  14.003
   0.109  -3.050  -2.873  -2.835  -2.785  -2.709  -0.942  -0.771  -0.122  -0.089   0.230   0.306   0.378   6.047   6.051   6.760   6.767  13.339  13.893
   0.111  -2.994  -2.907  -2.869  -2.778  -2.701  -0.846  -0.705  -0.157  -0.124   0.241   0.317   0.415   6.169   6.172   6.879   6.886  13.233  13.784
   0.113  -2.969  -2.930  -2.883  -2.770  -2.692  -0.749  -0.637  -0.191  -0.159   0.251   0.328   0.452   6.291   6.295   7.000   7.006  13.128  13.676
   0.116  -2.995  -2.958  -2.843  -2.762  -2.684  -0.650  -0.567  -0.226  -0.193   0.262   0.339   0.490   6.414   6.418   7.121   7.127  13.023  13.568
   0.118  -3.030  -2.993  -2.787  -2.753  -2.675  -0.551  -0.495  -0.259  -0.226   0.273   0.349   0.528   6.538   6.541   7.242   7.248  12.919  13.461
   0.120  -3.065  -3.029  -2.745  -2.728  -2.666  -0.451  -0.422  -0.292  -0.259   0.284   0.360   0.566   6.662   6.666   7.364   7.370  12.816  13.355
   0.122  -3.101  -3.065  -2.736  -2.670  -2.658  -0.355  -0.346  -0.319  -0.291   0.294   0.371   0.604   6.787   6.790   7.486   7.492  12.712  13.249
   0.124  -3.137  -3.101  -2.727  -2.649  -2.611  -0.360  -0.326  -0.266  -0.243   0.305   0.381   0.643   6.912   6.915   7.608   7.614  12.609  13.143
   0.127  -3.173  -3.136  -2.719  -2.640  -2.554  -0.390  -0.357  -0.187  -0.140   0.315   0.392   0.681   7.037   7.040   7.730   7.735  12.506  13.037
   0.129  -3.208  -3.171  -2.710  -2.632  -2.497  -0.421  -0.387  -0.105  -0.036   0.326   0.403   0.719   7.162   7.165   7.851   7.857  12.403  12.932
   0.131  -3.242  -3.205  -2.702  -2.623  -2.441  -0.451  -0.418  -0.020   0.070   0.336   0.413   0.758   7.287   7.290   7.973   7.978  12.300  12.827
   0.133  -3.276  -3.239  -2.693  -2.615  -2.387  -0.481  -0.447   0.066   0.176   0.347   0.423   0.796   7.411   7.414   8.094   8.099  12.197  12.721
   0.136  -3.309  -3.272  -2.685  -2.606  -2.333  -0.510  -0.477   0.154   0.283   0.357   0.434   0.835   7.535   7.538   8.214   8.219  12.093  12.616
   0.138  -3.342  -3.305  -2.676  -2.598  -2.281  -0.539  -0.505   0.245   0.367   0.391   0.444   0.873   7.658   7.661   8.334   8.338  11.990  12.511
   0.140  -3.374  -3.337  -2.668  -2.590  -2.230  -0.567  -0.533   0.337   0.377   0.454   0.499   0.911   7.781   7.784   8.452   8.457  11.886  12.405
   0.142  -3.405  -3.368  -2.660  -2.581  -2.180  -0.594  -0.560   0.387   0.432   0.464   0.608   0.949   7.902   7.905   8.570   8.574  11.782  12.299
   0.144  -3.436  -3.399  -2.652  -2.573  -2.131  -0.621  -0.587   0.397   0.474   0.528   0.717   0.987   8.023   8.025   8.686   8.690  11.677  12.194
   0.147  -3.466  -3.429  -2.644  -2.565  -2.084  -0.647  -0.613   0.406   0.483   0.625   0.827   1.025   8.142   8.144   8.800   8.804  11.572  12.087
   0.149  -3.495  -3.458  -2.637  -2.558  -2.038  -0.672  -0.638   0.416   0.493   0.725   0.935   1.065   8.259   8.262   8.913   8.917  11.466  11.981
   0.151  -3.524  -3.487  -2.629  -2.550  -1.993  -0.697  -0.663   0.425   0.502   0.826   1.037   1.110   8.375   8.377   9.025   9.028  11.361  11.875
   0.153  -3.552  -3.515  -2.622  -2.543  -1.950  -0.720  -0.687   0.434   0.511   0.928   1.112   1.183   8.489   8.491   9.134   9.138  11.254  11.768
   0.156  -3.579  -3.542  -2.614  -2.535  -1.908  -0.744  -0.710   0.443   0.520   1.032   1.156   1.286   8.601   8.603   9.241   9.245  11.147  11.661
   0.158  -3.605  -3.568  -2.607  -2.528  -1.867  -0.766  -0.732   0.451   0.529   1.137   1.194   1.395   8.711   8.713   9.346   9.349  11.040  11.554
   0.160  -3.631  -3.594  -2.600  -2.521  -1.828  -0.788  -0.754   0.460   0.537   1.229   1.243   1.506   8.818   8.820   9.449   9.452  10.933  11.447
   0.162  -3.656  -3.619  -2.594  -2.514  -1.790  -0.808  -0.775   0.468   0.546   1.263   1.350   1.618   8.923   8.925   9.549   9.551  10.825  11.340
   0.164  -3.680  -3.643  -2.587  -2.508  -1.753  -0.829  -0.795   0.476   0.554   1.296   1.458   1.730   9.026   9.027   9.646   9.648  10.717  11.232
   0.167  -3.703  -3.666  -2.581  -2.501  -1.718  -0.848  -0.815   0.484   0.562   1.328   1.566   1.841   9.125   9.127   9.740   9.743  10.610  11.126
   0.169  -3.725  -3.689  -2.574  -2.495  -1.684  -0.867  -0.833   0.492   0.569   1.359   1.674   1.952   9.222   9.223   9.831   9.834  10.502  11.019
   0.171  -3.747  -3.710  -2.568  -2.489  -1.652  -0.885  -0.851   0.499   0.577   1.389   1.783   2.063   9.315   9.317   9.920   9.922  10.394  10.913
   0.173  -3.768  -3.731  -2.563  -2.483  -1.621  -0.902  -0.869   0.506   0.584   1.419   1.891   2.173   9.405   9.407  10.005  10.007  10.287  10.807
   0.176  -3.788  -3.751  -2.557  -2.477  -1.591  -0.918  -0.885   0.513   0.591   1.447   1.999   2.281   9.492   9.493  10.086  10.088  10.180  10.702
   0.178  -3.807  -3.770  -2.552  -2.472  -1.563  -0.934  -0.901   0.519   0.597   1.474   2.106   2.389   9.576   9.577  10.074  10.165  10.166  10.598
   0.180  -3.825  -3.788  -2.547  -2.467  -1.536  -0.948  -0.916   0.526   0.603   1.500   2.213   2.495   9.655   9.656   9.969  10.240  10.241  10.495
   0.182  -3.842  -3.805  -2.542  -2.462  -1.510  -0.962  -0.930   0.532   0.609   1.525   2.318   2.600   9.732   9.733   9.865  10.311  10.312  10.394
   0.184  -3.859  -3.822  -2.537  -2.457  -1.486  -0.975  -0.944   0.537   0.615   1.549   2.422   2.702   9.763   9.804   9.805  10.294  10.378  10.380
   0.187  -3.874  -3.837  -2.533  -2.453  -1.463  -0.988  -0.957   0.543   0.621   1.572   2.524   2.802   9.662   9.873   9.873  10.197  10.442  10.443
   0.189  -3.889  -3.852  -2.528  -2.449  -1.442  -0.999  -0.968   0.548   0.626   1.594   2.623   2.899   9.564   9.937   9.938  10.102  10.502  10.503
   0.191  -3.903  -3.866  -2.525  -2.445  -1.422  -1.010  -0.980   0.553   0.631   1.614   2.720   2.994   9.469   9.998   9.999  10.010  10.559  10.560
   0.193  -3.915  -3.878  -2.521  -2.441  -1.404  -1.020  -0.990   0.557   0.635   1.633   2.813   3.084   9.376   9.921  10.055  10.055  10.611  10.612
   0.196  -3.927  -3.890  -2.518  -2.437  -1.387  -1.029  -1.000   0.561   0.639   1.651   2.903   3.171   9.288   9.835  10.108  10.108  10.660  10.660
   0.198  -3.938  -3.901  -2.514  -2.434  -1.371  -1.037  -1.009   0.565   0.643   1.667   2.989   3.254   9.203   9.754  10.156  10.156  10.705  10.705
   0.200  -3.948  -3.911  -2.511  -2.431  -1.357  -1.044  -1.017   0.569   0.647   1.682   3.070   3.332   9.123   9.678  10.201  10.201  10.745  10.746
   0.202  -3.957  -3.920  -2.509  -2.429  -1.345  -1.051  -1.024   0.572   0.650   1.696   3.145   3.404   9.048   9.606  10.241  10.241  10.782  10.783
   0.204  -3.966  -3.929  -2.507  -2.426  -1.333  -1.057  -1.030   0.575   0.653   1.708   3.215   3.471   8.979   9.541  10.277  10.277  10.816  10.816
   0.207  -3.973  -3.936  -2.504  -2.424  -1.324  -1.062  -1.036   0.577   0.655   1.719   3.278   3.531   8.916   9.481  10.309  10.309  10.845  10.845
   0.209  -3.979  -3.942  -2.503  -2.422  -1.315  -1.066  -1.041   0.579   0.658   1.728   3.335   3.585   8.860   9.428  10.336  10.337  10.870  10.870
   0.211  -3.984  -3.947  -2.501  -2.421  -1.308  -1.070  -1.045   0.581   0.659   1.736   3.384   3.631   8.812   9.382  10.360  10.360  10.891  10.892
   0.213  -3.989  -3.952  -2.500  -2.420  -1.302  -1.073  -1.049   0.583   0.661   1.743   3.424   3.669   8.771   9.344  10.379  10.379  10.909  10.909
   0.216  -3.992  -3.955  -2.499  -2.419  -1.298  -1.075  -1.051   0.584   0.662   1.748   3.457   3.700   8.739   9.314  10.394  10.394  10.923  10.923
   0.218  -3.994  -3.957  -2.498  -2.418  -1.295  -1.076  -1.053   0.585   0.663   1.752   3.480   3.722   8.716   9.293  10.405  10.405  10.932  10.932
   0.220  -3.996  -3.959  -2.498  -2.418  -1.293  -1.077  -1.054   0.585   0.664   1.754   3.494   3.735   8.702   9.279  10.411  10.411  10.938  10.938
   0.222  -3.996  -3.959  -2.498  -2.417  -1.292  -1.078  -1.055   0.586   0.664   1.755   3.499   3.739   8.697   9.275  10.413  10.413  10.940  10.940
 @# k   EF=0
   0.000   0.000
   0.222   0.000
