&charge
 q_mul(1,1,0) = 0.88632276138021371
 q_mul(1,1,1) = 1.5838631137546050E-002
 q_mul(1,1,2) = -7.2753912320584335E-031
 q_mul(1,1,3) = 4.2749446782282402E-002
 q_mul(1,2,0) = 0.31897384198615925
 q_mul(1,2,1) = 6.3201497711840469E-003
 q_mul(1,2,2) = -9.3571234783770428E-032
 q_mul(1,2,3) = 1.6332945589211435E-002
 q_mul(1,3,0) = 6.7947033965569377
 q_mul(1,3,1) = 1.0572823495535171
 q_mul(1,3,2) = 3.2782057848287754E-030
 q_mul(1,3,3) = 2.9122196502940021
 rho_net(1,1,1,1) = (0.34066164193758941, 0.0000000000000000)
 rho_net(1,1,1,2) = (0.30050767638204723, 0.0000000000000000)
 rho_net(1,1,1,3) = (7.4222306939124190E-003, 2.4587265181928546E-031)
 rho_net(1,1,1,4) = (7.4222306939124190E-003, -2.4587265181928546E-031)
 rho_net(1,1,2,1) = (1.6330532375414518E-018, -4.8509496138652366E-023)
 rho_net(1,1,2,2) = (-1.4432678967182235E-020, -5.6758026822853978E-021)
 rho_net(1,1,2,3) = (1.2671744756981628E-018, 4.3847869401854790E-021)
 rho_net(1,1,2,4) = (5.6560480468893925E-019, -8.4469392248461012E-021)
 rho_net(1,1,3,1) = (2.4452388884594183E-021, -1.3114085002116199E-018)
 rho_net(1,1,3,2) = (9.6343047288851852E-021, 4.5199541734746715E-019)
 rho_net(1,1,3,3) = (2.7547216714836451E-021, 1.0798814914549482E-018)
 rho_net(1,1,3,4) = (1.7638580505673632E-021, 2.0965959084668889E-020)
 rho_net(1,1,4,1) = (-2.1273206942733062E-018, -7.2081314365989188E-020)
 rho_net(1,1,4,2) = (-3.5290915400481488E-019, -4.4791787187516218E-020)
 rho_net(1,1,4,3) = (-9.8278332202287929E-019, -2.0892550646222706E-020)
 rho_net(1,1,4,4) = (3.9940614258972181E-019, -1.4671455866611847E-020)
 rho_net(1,1,5,1) = (-5.8547994829669745E-031, -2.2588493638155080E-005)
 rho_net(1,1,5,2) = (9.9235806273264674E-032, 8.2057398727199008E-005)
 rho_net(1,1,5,3) = (-3.2982891069327962E-031, 1.2696394989507377E-004)
 rho_net(1,1,5,4) = (2.4323581320932964E-031, -2.5854391865205880E-005)
 rho_net(1,1,6,1) = (1.1212093956847339E-031, -7.2676797703336341E-004)
 rho_net(1,1,6,2) = (5.3824821607137856E-031, -1.6263005940876870E-003)
 rho_net(1,1,6,3) = (8.3188067999986219E-031, 1.7273993034549778E-003)
 rho_net(1,1,6,4) = (1.2232026643224101E-031, 2.2299527132190636E-003)
 rho_net(1,1,7,1) = (-2.8297062337231341E-005, -1.0758384175961339E-030)
 rho_net(1,1,7,2) = (1.1774665448218171E-003, 9.5711071888619262E-031)
 rho_net(1,1,7,3) = (-1.8280612526525161E-003, 2.4569069569490824E-030)
 rho_net(1,1,7,4) = (1.8872767709254693E-003, 3.5289297147222973E-032)
 rho_net(1,1,8,1) = (1.4044904414166269E-005, 5.2917004508250585E-031)
 rho_net(1,1,8,2) = (-2.2677293394692428E-004, 2.1342944565933978E-031)
 rho_net(1,1,8,3) = (-1.0464620619688296E-004, 1.6386327037382710E-030)
 rho_net(1,1,8,4) = (3.1237244212740429E-005, 3.1890860650092354E-031)
 rho_net(1,1,9,1) = (-7.8264476857301354E-002, -4.4790741601974348E-031)
 rho_net(1,1,9,2) = (5.0022769211345394E-002, 2.5243477696422765E-033)
 rho_net(1,1,9,3) = (-2.3487253102488934E-002, -2.5493659634813548E-031)
 rho_net(1,1,9,4) = (-2.3459625286412877E-002, 3.0020633372290321E-031)
 rho_net(1,2,1,1) = (1.6330532375414518E-018, 4.8509496138652366E-023)
 rho_net(1,2,1,2) = (-1.4432678967182235E-020, 5.6758026822853978E-021)
 rho_net(1,2,1,3) = (5.6560480468893925E-019, 8.4469392248461012E-021)
 rho_net(1,2,1,4) = (1.2671744756981628E-018, -4.3847869401854790E-021)
 rho_net(1,2,2,1) = (9.0609234420956399E-003, 0.0000000000000000)
 rho_net(1,2,2,2) = (1.1580811909228529E-002, 0.0000000000000000)
 rho_net(1,2,2,3) = (-4.4455814244730103E-004, -4.0508621625371571E-031)
 rho_net(1,2,2,4) = (-4.4455814244730103E-004, 4.0508621625371571E-031)
 rho_net(1,2,3,1) = (-1.9561697691515571E-031, -2.1001013734134322E-004)
 rho_net(1,2,3,2) = (1.1042553421795094E-031, -1.3868709744964771E-003)
 rho_net(1,2,3,3) = (-3.4016374118942807E-031, 2.3588047777095143E-004)
 rho_net(1,2,3,4) = (2.5756976235797695E-032, 2.1969853498438150E-004)
 rho_net(1,2,4,1) = (-1.3736393908414681E-005, 9.5598545556815787E-031)
 rho_net(1,2,4,2) = (-2.1789132213794837E-004, 4.9856527607416192E-032)
 rho_net(1,2,4,3) = (-1.1737654312302970E-004, -8.5692783566085271E-031)
 rho_net(1,2,4,4) = (2.5094800088796052E-004, 2.1834963821380341E-031)
 rho_net(1,2,5,1) = (-9.1822891850698010E-022, -3.7284455681950172E-018)
 rho_net(1,2,5,2) = (-1.2015946805861257E-021, -2.1367941360345201E-018)
 rho_net(1,2,5,3) = (1.0456928820015930E-021, -8.8711306987321321E-018)
 rho_net(1,2,5,4) = (-4.5467241105411943E-021, 6.0783988905003706E-018)
 rho_net(1,2,6,1) = (2.6160514392885411E-021, -3.2490186834708238E-018)
 rho_net(1,2,6,2) = (1.9295087755543117E-020, -7.4186397072294749E-018)
 rho_net(1,2,6,3) = (2.1177488696578670E-020, -2.6770017474262358E-018)
 rho_net(1,2,6,4) = (5.8154668320717243E-021, 8.3952229434812802E-018)
 rho_net(1,2,7,1) = (7.3253412431728227E-018, 3.4585408309175293E-019)
 rho_net(1,2,7,2) = (-2.2813304535024568E-019, 1.0191224593585641E-019)
 rho_net(1,2,7,3) = (1.8224607581909158E-018, 3.6090264235720833E-020)
 rho_net(1,2,7,4) = (-2.3013775990381534E-018, -3.8164823965271733E-020)
 rho_net(1,2,8,1) = (9.4414074470374672E-018, -1.9230604478092288E-021)
 rho_net(1,2,8,2) = (2.9753342883993527E-018, 5.8108369210569384E-020)
 rho_net(1,2,8,3) = (8.9066000012316785E-018, -1.5303294971668635E-021)
 rho_net(1,2,8,4) = (-4.8701229149303111E-018, -5.2106102179824744E-021)
 rho_net(1,2,9,1) = (-7.9626365139042849E-019, -1.4612025419936724E-021)
 rho_net(1,2,9,2) = (-6.3051633507357823E-019, 6.1473391037199047E-023)
 rho_net(1,2,9,3) = (8.5954358074317124E-020, 2.6550253082305481E-022)
 rho_net(1,2,9,4) = (-6.0799757425901728E-019, 1.0372116605021904E-020)
 rho_net(1,3,1,1) = (2.4452388884594183E-021, 1.3114085002116199E-018)
 rho_net(1,3,1,2) = (9.6343047288851852E-021, -4.5199541734746715E-019)
 rho_net(1,3,1,3) = (1.7638580505673632E-021, -2.0965959084668889E-020)
 rho_net(1,3,1,4) = (2.7547216714836451E-021, -1.0798814914549482E-018)
 rho_net(1,3,2,1) = (-1.9561697691515571E-031, 2.1001013734134322E-004)
 rho_net(1,3,2,2) = (1.1042553421795094E-031, 1.3868709744964771E-003)
 rho_net(1,3,2,3) = (2.5756976235797695E-032, -2.1969853498438150E-004)
 rho_net(1,3,2,4) = (-3.4016374118942807E-031, -2.3588047777095143E-004)
 rho_net(1,3,3,1) = (9.0615570567990373E-003, 0.0000000000000000)
 rho_net(1,3,3,2) = (1.1598263099161383E-002, 0.0000000000000000)
 rho_net(1,3,3,3) = (-4.3157813557778761E-004, 5.9501958914277783E-031)
 rho_net(1,3,3,4) = (-4.3157813557778761E-004, -5.9501958914277783E-031)
 rho_net(1,3,4,1) = (1.4591258423163792E-031, -2.3895693892134331E-005)
 rho_net(1,3,4,2) = (1.0981944326932419E-031, 2.4640155277315108E-004)
 rho_net(1,3,4,3) = (5.7435643845934147E-031, 1.0634636887177725E-004)
 rho_net(1,3,4,4) = (-2.2422375146469130E-031, 1.4838226214303337E-004)
 rho_net(1,3,5,1) = (7.6185897019133354E-018, -2.4138051309609094E-021)
 rho_net(1,3,5,2) = (8.2448701016254598E-018, 6.7827041212982276E-021)
 rho_net(1,3,5,3) = (3.2095285361207781E-019, -3.6074085232160588E-021)
 rho_net(1,3,5,4) = (-5.4222242961666204E-019, -2.4900150028840498E-021)
 rho_net(1,3,6,1) = (2.1982836495820388E-018, 4.9301314131978853E-019)
 rho_net(1,3,6,2) = (-3.3624869509263303E-018, -5.6269962682800708E-019)
 rho_net(1,3,6,3) = (-6.0335625566601770E-018, -3.1990573305366241E-021)
 rho_net(1,3,6,4) = (2.6194111924696449E-018, 3.0192897449173712E-020)
 rho_net(1,3,7,1) = (5.7898575497734810E-021, -3.3539254779551474E-018)
 rho_net(1,3,7,2) = (1.1294150478209152E-020, -9.8194780238298771E-018)
 rho_net(1,3,7,3) = (1.4836108462597948E-021, -1.1989823035627462E-018)
 rho_net(1,3,7,4) = (4.9642202553411725E-021, -1.0013258437674137E-018)
 rho_net(1,3,8,1) = (-9.2497199274614345E-022, 5.6189018881916154E-018)
 rho_net(1,3,8,2) = (-1.9314514990101347E-020, 1.1583157640611880E-017)
 rho_net(1,3,8,3) = (2.5200553503577786E-021, 6.9979455494130581E-019)
 rho_net(1,3,8,4) = (3.0372091448278731E-021, -6.5479134436029911E-018)
 rho_net(1,3,9,1) = (2.9517257865627360E-021, -8.9347425299946887E-019)
 rho_net(1,3,9,2) = (1.1304915557741325E-020, -1.3821177381366949E-019)
 rho_net(1,3,9,3) = (4.9243573385584666E-021, 9.9381263869066739E-020)
 rho_net(1,3,9,4) = (6.2640785881078560E-021, 1.8606237871689437E-019)
 rho_net(1,4,1,1) = (-2.1273206942733062E-018, 7.2081314365989188E-020)
 rho_net(1,4,1,2) = (-3.5290915400481488E-019, 4.4791787187516218E-020)
 rho_net(1,4,1,3) = (3.9940614258972181E-019, 1.4671455866611847E-020)
 rho_net(1,4,1,4) = (-9.8278332202287929E-019, 2.0892550646222706E-020)
 rho_net(1,4,2,1) = (-1.3736393908414681E-005, -9.5598545556815787E-031)
 rho_net(1,4,2,2) = (-2.1789132213794837E-004, -4.9856527607416192E-032)
 rho_net(1,4,2,3) = (2.5094800088796052E-004, -2.1834963821380341E-031)
 rho_net(1,4,2,4) = (-1.1737654312302970E-004, 8.5692783566085271E-031)
 rho_net(1,4,3,1) = (1.4591258423163792E-031, 2.3895693892134331E-005)
 rho_net(1,4,3,2) = (1.0981944326932419E-031, -2.4640155277315108E-004)
 rho_net(1,4,3,3) = (-2.2422375146469130E-031, -1.4838226214303337E-004)
 rho_net(1,4,3,4) = (5.7435643845934147E-031, -1.0634636887177725E-004)
 rho_net(1,4,4,1) = (6.7978146762898359E-002, 0.0000000000000000)
 rho_net(1,4,4,2) = (6.1644938277583487E-002, 0.0000000000000000)
 rho_net(1,4,4,3) = (1.2100071022596495E-003, -8.8784346708014943E-032)
 rho_net(1,4,4,4) = (1.2100071022596495E-003, 8.8784346708014943E-032)
 rho_net(1,4,5,1) = (-1.6662249347062944E-022, -2.4954774062016386E-018)
 rho_net(1,4,5,2) = (-3.9299772944478230E-021, -2.4827478770645894E-018)
 rho_net(1,4,5,3) = (-6.2406477531485007E-022, -4.8542875494618927E-018)
 rho_net(1,4,5,4) = (1.7466345462796537E-025, -7.0804704746653083E-019)
 rho_net(1,4,6,1) = (2.6380814659894069E-021, -2.2187379300695210E-018)
 rho_net(1,4,6,2) = (-1.4648848419901080E-020, -1.2959664009151045E-018)
 rho_net(1,4,6,3) = (-5.7235550699384651E-021, -3.9472576900742106E-018)
 rho_net(1,4,6,4) = (-2.5301361122392671E-022, -5.3061382953986123E-019)
 rho_net(1,4,7,1) = (1.9246702331583336E-018, 8.7667191108645760E-022)
 rho_net(1,4,7,2) = (-4.2275416311528669E-018, 5.3553702967819338E-021)
 rho_net(1,4,7,3) = (1.5982420304386448E-018, -7.0156667755443879E-021)
 rho_net(1,4,7,4) = (2.3375117017521409E-019, -3.6404279189323336E-021)
 rho_net(1,4,8,1) = (-1.1314793403156052E-018, 1.6695819236049540E-022)
 rho_net(1,4,8,2) = (1.1127330952599058E-018, 5.3200216989457012E-022)
 rho_net(1,4,8,3) = (3.4528493041391742E-018, 1.1020730949118871E-021)
 rho_net(1,4,8,4) = (-2.1186772830775819E-018, 5.6710273072442855E-022)
 rho_net(1,4,9,1) = (1.2118414523271465E-018, -2.6509850487442950E-019)
 rho_net(1,4,9,2) = (1.9050226482533082E-020, -3.9568070126323872E-019)
 rho_net(1,4,9,3) = (4.1041302873938126E-019, 2.3969944379225454E-019)
 rho_net(1,4,9,4) = (3.5569301390006971E-019, 2.3367786523124715E-020)
 rho_net(1,5,1,1) = (-5.8547994829669745E-031, 2.2588493638155080E-005)
 rho_net(1,5,1,2) = (9.9235806273264674E-032, -8.2057398727199008E-005)
 rho_net(1,5,1,3) = (2.4323581320932964E-031, 2.5854391865205880E-005)
 rho_net(1,5,1,4) = (-3.2982891069327962E-031, -1.2696394989507377E-004)
 rho_net(1,5,2,1) = (-9.1822891850698010E-022, 3.7284455681950172E-018)
 rho_net(1,5,2,2) = (-1.2015946805861257E-021, 2.1367941360345201E-018)
 rho_net(1,5,2,3) = (-4.5467241105411943E-021, -6.0783988905003706E-018)
 rho_net(1,5,2,4) = (1.0456928820015930E-021, 8.8711306987321321E-018)
 rho_net(1,5,3,1) = (7.6185897019133354E-018, 2.4138051309609094E-021)
 rho_net(1,5,3,2) = (8.2448701016254598E-018, -6.7827041212982276E-021)
 rho_net(1,5,3,3) = (-5.4222242961666204E-019, 2.4900150028840498E-021)
 rho_net(1,5,3,4) = (3.2095285361207781E-019, 3.6074085232160588E-021)
 rho_net(1,5,4,1) = (-1.6662249347062944E-022, 2.4954774062016386E-018)
 rho_net(1,5,4,2) = (-3.9299772944478230E-021, 2.4827478770645894E-018)
 rho_net(1,5,4,3) = (1.7466345462796537E-025, 7.0804704746653083E-019)
 rho_net(1,5,4,4) = (-6.2406477531485007E-022, 4.8542875494618927E-018)
 rho_net(1,5,5,1) = (0.97771398618432448, 0.0000000000000000)
 rho_net(1,5,5,2) = (0.26445788936365205, 0.0000000000000000)
 rho_net(1,5,5,3) = (0.12827841871545687, -1.1370848314073881E-031)
 rho_net(1,5,5,4) = (0.12827841871545687, 1.1370848314073881E-031)
 rho_net(1,5,6,1) = (-3.6955887641954227E-004, 4.2559065350359212E-031)
 rho_net(1,5,6,2) = (-4.5123189201929197E-003, 1.3185495941209036E-030)
 rho_net(1,5,6,3) = (-3.2288626239396719E-003, 5.5167754001428281E-032)
 rho_net(1,5,6,4) = (6.1996345950550667E-003, 1.2641036932065258E-030)
 rho_net(1,5,7,1) = (-5.2931773867347505E-031, -1.8443420485731365E-003)
 rho_net(1,5,7,2) = (-1.4877224836991540E-030, -1.2922573668112006E-002)
 rho_net(1,5,7,3) = (4.3976003228792281E-031, 6.2759458527056611E-003)
 rho_net(1,5,7,4) = (1.2604819671874323E-030, 6.6659445492069144E-003)
 rho_net(1,5,8,1) = (1.4097429735955343E-030, 4.9506520884520927E-003)
 rho_net(1,5,8,2) = (-1.9550127342062060E-031, 0.22713835374197938)
 rho_net(1,5,8,3) = (-9.1398195271004538E-032, -3.3856837003896412E-002)
 rho_net(1,5,8,4) = (5.1054090461631715E-030, -3.3857144473847814E-002)
 rho_net(1,5,9,1) = (-7.0205726972577598E-031, -5.3606545017382816E-005)
 rho_net(1,5,9,2) = (3.4772680601822744E-031, -1.4479956288715314E-005)
 rho_net(1,5,9,3) = (-1.7227827101860879E-031, -2.0455171054314453E-004)
 rho_net(1,5,9,4) = (7.3408539502218768E-031, 4.8069009650347603E-004)
 rho_net(1,6,1,1) = (1.1212093956847339E-031, 7.2676797703336341E-004)
 rho_net(1,6,1,2) = (5.3824821607137856E-031, 1.6263005940876870E-003)
 rho_net(1,6,1,3) = (1.2232026643224101E-031, -2.2299527132190636E-003)
 rho_net(1,6,1,4) = (8.3188067999986219E-031, -1.7273993034549778E-003)
 rho_net(1,6,2,1) = (2.6160514392885411E-021, 3.2490186834708238E-018)
 rho_net(1,6,2,2) = (1.9295087755543117E-020, 7.4186397072294749E-018)
 rho_net(1,6,2,3) = (5.8154668320717243E-021, -8.3952229434812802E-018)
 rho_net(1,6,2,4) = (2.1177488696578670E-020, 2.6770017474262358E-018)
 rho_net(1,6,3,1) = (2.1982836495820388E-018, -4.9301314131978853E-019)
 rho_net(1,6,3,2) = (-3.3624869509263303E-018, 5.6269962682800708E-019)
 rho_net(1,6,3,3) = (2.6194111924696449E-018, -3.0192897449173712E-020)
 rho_net(1,6,3,4) = (-6.0335625566601770E-018, 3.1990573305366241E-021)
 rho_net(1,6,4,1) = (2.6380814659894069E-021, 2.2187379300695210E-018)
 rho_net(1,6,4,2) = (-1.4648848419901080E-020, 1.2959664009151045E-018)
 rho_net(1,6,4,3) = (-2.5301361122392671E-022, 5.3061382953986123E-019)
 rho_net(1,6,4,4) = (-5.7235550699384651E-021, 3.9472576900742106E-018)
 rho_net(1,6,5,1) = (-3.6955887641954227E-004, -4.2559065350359212E-031)
 rho_net(1,6,5,2) = (-4.5123189201929197E-003, -1.3185495941209036E-030)
 rho_net(1,6,5,3) = (6.1996345950550667E-003, -1.2641036932065258E-030)
 rho_net(1,6,5,4) = (-3.2288626239396719E-003, -5.5167754001428281E-032)
 rho_net(1,6,6,1) = (0.95071879681167659, 0.0000000000000000)
 rho_net(1,6,6,2) = (0.49499933512287120, 0.0000000000000000)
 rho_net(1,6,6,3) = (8.3721664207745877E-002, -1.7005233064855457E-030)
 rho_net(1,6,6,4) = (8.3721664207745877E-002, 1.7005233064855457E-030)
 rho_net(1,6,7,1) = (2.6876817366753115E-030, -1.6689585723398542E-004)
 rho_net(1,6,7,2) = (5.9207287913604964E-031, 3.2368163395729975E-002)
 rho_net(1,6,7,3) = (1.6917286129898751E-030, -3.2197950432647162E-003)
 rho_net(1,6,7,4) = (4.6999761855922993E-031, -3.4828913572313015E-003)
 rho_net(1,6,8,1) = (2.6376885998147532E-030, -1.8416623967803360E-003)
 rho_net(1,6,8,2) = (-1.5151347977487135E-030, -1.2919086667576751E-002)
 rho_net(1,6,8,3) = (1.5447893209849711E-030, 6.6519036658012256E-003)
 rho_net(1,6,8,4) = (-1.5907593406351455E-030, 6.2767455975967293E-003)
 rho_net(1,6,9,1) = (-6.2811285239184960E-031, -3.0053325330815089E-003)
 rho_net(1,6,9,2) = (-3.0708777189894773E-031, -1.5006393507856052E-002)
 rho_net(1,6,9,3) = (4.1136409994764626E-031, 1.1896706425663078E-002)
 rho_net(1,6,9,4) = (-5.2771788808560942E-031, 8.2755095024199116E-003)
 rho_net(1,7,1,1) = (-2.8297062337231341E-005, 1.0758384175961339E-030)
 rho_net(1,7,1,2) = (1.1774665448218171E-003, -9.5711071888619262E-031)
 rho_net(1,7,1,3) = (1.8872767709254693E-003, -3.5289297147222973E-032)
 rho_net(1,7,1,4) = (-1.8280612526525161E-003, -2.4569069569490824E-030)
 rho_net(1,7,2,1) = (7.3253412431728227E-018, -3.4585408309175293E-019)
 rho_net(1,7,2,2) = (-2.2813304535024568E-019, -1.0191224593585641E-019)
 rho_net(1,7,2,3) = (-2.3013775990381534E-018, 3.8164823965271733E-020)
 rho_net(1,7,2,4) = (1.8224607581909158E-018, -3.6090264235720833E-020)
 rho_net(1,7,3,1) = (5.7898575497734810E-021, 3.3539254779551474E-018)
 rho_net(1,7,3,2) = (1.1294150478209152E-020, 9.8194780238298771E-018)
 rho_net(1,7,3,3) = (4.9642202553411725E-021, 1.0013258437674137E-018)
 rho_net(1,7,3,4) = (1.4836108462597948E-021, 1.1989823035627462E-018)
 rho_net(1,7,4,1) = (1.9246702331583336E-018, -8.7667191108645760E-022)
 rho_net(1,7,4,2) = (-4.2275416311528669E-018, -5.3553702967819338E-021)
 rho_net(1,7,4,3) = (2.3375117017521409E-019, 3.6404279189323336E-021)
 rho_net(1,7,4,4) = (1.5982420304386448E-018, 7.0156667755443879E-021)
 rho_net(1,7,5,1) = (-5.2931773867347505E-031, 1.8443420485731365E-003)
 rho_net(1,7,5,2) = (-1.4877224836991540E-030, 1.2922573668112006E-002)
 rho_net(1,7,5,3) = (1.2604819671874323E-030, -6.6659445492069144E-003)
 rho_net(1,7,5,4) = (4.3976003228792281E-031, -6.2759458527056611E-003)
 rho_net(1,7,6,1) = (2.6876817366753115E-030, 1.6689585723398542E-004)
 rho_net(1,7,6,2) = (5.9207287913604964E-031, -3.2368163395729975E-002)
 rho_net(1,7,6,3) = (4.6999761855922993E-031, 3.4828913572313015E-003)
 rho_net(1,7,6,4) = (1.6917286129898751E-030, 3.2197950432647162E-003)
 rho_net(1,7,7,1) = (0.95079360216095909, 0.0000000000000000)
 rho_net(1,7,7,2) = (0.49476629208479794, 0.0000000000000000)
 rho_net(1,7,7,3) = (8.3520866684637804E-002, 3.6197527580125873E-031)
 rho_net(1,7,7,4) = (8.3520866684637804E-002, -3.6197527580125873E-031)
 rho_net(1,7,8,1) = (-3.7309764340206619E-004, -1.8986880793826615E-030)
 rho_net(1,7,8,2) = (-4.5339668200589404E-003, -1.3292773026811113E-030)
 rho_net(1,7,8,3) = (6.2186255695974857E-003, 6.4737343213554297E-031)
 rho_net(1,7,8,4) = (-3.2232766173247249E-003, 2.6106523383697636E-030)
 rho_net(1,7,9,1) = (6.6036263923415276E-004, -4.2798056724447843E-031)
 rho_net(1,7,9,2) = (3.1985993293278693E-004, 4.1476773721648756E-031)
 rho_net(1,7,9,3) = (-9.9044462803570803E-003, -6.2260318441874007E-031)
 rho_net(1,7,9,4) = (5.9972091200860746E-003, 2.3281025679778608E-030)
 rho_net(1,8,1,1) = (1.4044904414166269E-005, -5.2917004508250585E-031)
 rho_net(1,8,1,2) = (-2.2677293394692428E-004, -2.1342944565933978E-031)
 rho_net(1,8,1,3) = (3.1237244212740429E-005, -3.1890860650092354E-031)
 rho_net(1,8,1,4) = (-1.0464620619688296E-004, -1.6386327037382710E-030)
 rho_net(1,8,2,1) = (9.4414074470374672E-018, 1.9230604478092288E-021)
 rho_net(1,8,2,2) = (2.9753342883993527E-018, -5.8108369210569384E-020)
 rho_net(1,8,2,3) = (-4.8701229149303111E-018, 5.2106102179824744E-021)
 rho_net(1,8,2,4) = (8.9066000012316785E-018, 1.5303294971668635E-021)
 rho_net(1,8,3,1) = (-9.2497199274614345E-022, -5.6189018881916154E-018)
 rho_net(1,8,3,2) = (-1.9314514990101347E-020, -1.1583157640611880E-017)
 rho_net(1,8,3,3) = (3.0372091448278731E-021, 6.5479134436029911E-018)
 rho_net(1,8,3,4) = (2.5200553503577786E-021, -6.9979455494130581E-019)
 rho_net(1,8,4,1) = (-1.1314793403156052E-018, -1.6695819236049540E-022)
 rho_net(1,8,4,2) = (1.1127330952599058E-018, -5.3200216989457012E-022)
 rho_net(1,8,4,3) = (-2.1186772830775819E-018, -5.6710273072442855E-022)
 rho_net(1,8,4,4) = (3.4528493041391742E-018, -1.1020730949118871E-021)
 rho_net(1,8,5,1) = (1.4097429735955343E-030, -4.9506520884520927E-003)
 rho_net(1,8,5,2) = (-1.9550127342062060E-031, -0.22713835374197938)
 rho_net(1,8,5,3) = (5.1054090461631715E-030, 3.3857144473847814E-002)
 rho_net(1,8,5,4) = (-9.1398195271004538E-032, 3.3856837003896412E-002)
 rho_net(1,8,6,1) = (2.6376885998147532E-030, 1.8416623967803360E-003)
 rho_net(1,8,6,2) = (-1.5151347977487135E-030, 1.2919086667576751E-002)
 rho_net(1,8,6,3) = (-1.5907593406351455E-030, -6.2767455975967293E-003)
 rho_net(1,8,6,4) = (1.5447893209849711E-030, -6.6519036658012256E-003)
 rho_net(1,8,7,1) = (-3.7309764340206619E-004, 1.8986880793826615E-030)
 rho_net(1,8,7,2) = (-4.5339668200589404E-003, 1.3292773026811113E-030)
 rho_net(1,8,7,3) = (-3.2232766173247249E-003, -2.6106523383697636E-030)
 rho_net(1,8,7,4) = (6.2186255695974857E-003, -6.4737343213554297E-031)
 rho_net(1,8,8,1) = (0.97771398026224787, 0.0000000000000000)
 rho_net(1,8,8,2) = (0.26445400950236442, 0.0000000000000000)
 rho_net(1,8,8,3) = (0.12827880531798413, -1.4464033361189378E-030)
 rho_net(1,8,8,4) = (0.12827880531798413, 1.4464033361189378E-030)
 rho_net(1,8,9,1) = (-9.7930252647073109E-005, 2.5238176175720432E-031)
 rho_net(1,8,9,2) = (5.9196110352358077E-004, -3.8958178753061434E-032)
 rho_net(1,8,9,3) = (9.2327435398453360E-005, 2.0421067738199381E-031)
 rho_net(1,8,9,4) = (3.6354718849273112E-004, 9.9116808879583266E-032)
 rho_net(1,9,1,1) = (-7.8264476857301354E-002, 4.4790741601974348E-031)
 rho_net(1,9,1,2) = (5.0022769211345394E-002, -2.5243477696422765E-033)
 rho_net(1,9,1,3) = (-2.3459625286412877E-002, -3.0020633372290321E-031)
 rho_net(1,9,1,4) = (-2.3487253102488934E-002, 2.5493659634813548E-031)
 rho_net(1,9,2,1) = (-7.9626365139042849E-019, 1.4612025419936724E-021)
 rho_net(1,9,2,2) = (-6.3051633507357823E-019, -6.1473391037199047E-023)
 rho_net(1,9,2,3) = (-6.0799757425901728E-019, -1.0372116605021904E-020)
 rho_net(1,9,2,4) = (8.5954358074317124E-020, -2.6550253082305481E-022)
 rho_net(1,9,3,1) = (2.9517257865627360E-021, 8.9347425299946887E-019)
 rho_net(1,9,3,2) = (1.1304915557741325E-020, 1.3821177381366949E-019)
 rho_net(1,9,3,3) = (6.2640785881078560E-021, -1.8606237871689437E-019)
 rho_net(1,9,3,4) = (4.9243573385584666E-021, -9.9381263869066739E-020)
 rho_net(1,9,4,1) = (1.2118414523271465E-018, 2.6509850487442950E-019)
 rho_net(1,9,4,2) = (1.9050226482533082E-020, 3.9568070126323872E-019)
 rho_net(1,9,4,3) = (3.5569301390006971E-019, -2.3367786523124715E-020)
 rho_net(1,9,4,4) = (4.1041302873938126E-019, -2.3969944379225454E-019)
 rho_net(1,9,5,1) = (-7.0205726972577598E-031, 5.3606545017382816E-005)
 rho_net(1,9,5,2) = (3.4772680601822744E-031, 1.4479956288715314E-005)
 rho_net(1,9,5,3) = (7.3408539502218768E-031, -4.8069009650347603E-004)
 rho_net(1,9,5,4) = (-1.7227827101860879E-031, 2.0455171054314453E-004)
 rho_net(1,9,6,1) = (-6.2811285239184960E-031, 3.0053325330815089E-003)
 rho_net(1,9,6,2) = (-3.0708777189894773E-031, 1.5006393507856052E-002)
 rho_net(1,9,6,3) = (-5.2771788808560942E-031, -8.2755095024199116E-003)
 rho_net(1,9,6,4) = (4.1136409994764626E-031, -1.1896706425663078E-002)
 rho_net(1,9,7,1) = (6.6036263923415276E-004, 4.2798056724447843E-031)
 rho_net(1,9,7,2) = (3.1985993293278693E-004, -4.1476773721648756E-031)
 rho_net(1,9,7,3) = (5.9972091200860746E-003, -2.3281025679778608E-030)
 rho_net(1,9,7,4) = (-9.9044462803570803E-003, 6.2260318441874007E-031)
 rho_net(1,9,8,1) = (-9.7930252647073109E-005, -2.5238176175720432E-031)
 rho_net(1,9,8,2) = (5.9196110352358077E-004, 3.8958178753061434E-032)
 rho_net(1,9,8,3) = (3.6354718849273112E-004, -9.9116808879583266E-032)
 rho_net(1,9,8,4) = (9.2327435398453360E-005, -2.0421067738199381E-031)
 rho_net(1,9,9,1) = (0.97637364495666468, 0.0000000000000000)
 rho_net(1,9,9,2) = (0.36532185924809174, 0.0000000000000000)
 rho_net(1,9,9,3) = (0.11165291343797908, 1.3665004372960258E-030)
 rho_net(1,9,9,4) = (0.11165291343797908, -1.3665004372960258E-030)
 /
